77 0.500000 0.072222 0.440000 0.077778
12 0.618305 0.552082 0.225248 0.252364
77 0.618305 0.466275 0.142830 0.042169
43 0.618750 0.581481 0.110417 0.140741
11 0.860680 0.265689 0.225495 0.251623
77 0.860680 0.174592 0.169771 0.040741
76 0.860938 0.293519 0.123958 0.157407
63 0.930208 0.170370 0.016667 0.022222
13 0.856176 0.549885 0.220771 0.242134
77 0.856176 0.462355 0.112500 0.040741
32 0.855729 0.576852 0.111458 0.142593
8 0.132610 0.822377 0.220650 0.238193
77 0.132610 0.738156 0.121807 0.040741
49 0.132292 0.850926 0.195833 0.146296
15 0.618165 0.262819 0.226057 0.251060
77 0.622989 0.176479 0.172889 0.040741
20 0.618229 0.290741 0.201042 0.159259
27 0.683854 0.172222 0.023958 0.029630
14 0.376406 0.545636 0.223803 0.239210
77 0.403361 0.462402 0.122064 0.044058
25 0.376042 0.575000 0.112500 0.142593
31 0.454688 0.462037 0.028125 0.035185
18 0.132729 0.557191 0.216997 0.248592
77 0.132729 0.472514 0.154384 0.040741
55 0.132292 0.585185 0.191667 0.155556
37 0.205729 0.469444 0.028125 0.035185
20 0.137933 0.267331 0.216052 0.241783
77 0.145769 0.186628 0.144292 0.040741
51 0.138021 0.295370 0.190625 0.150000
20 0.375664 0.819013 0.220741 0.237762
77 0.375664 0.739136 0.127244 0.040741
1 0.376042 0.846296 0.195833 0.144444
8 0.381652 0.270555 0.223228 0.254354
77 0.381652 0.180859 0.170904 0.046089
11 0.381250 0.301852 0.197917 0.155556
23 0.452604 0.180556 0.030208 0.038889
