77 0.500000 0.072222 0.440000 0.077778
20 0.373552 0.557380 0.218800 0.254610
77 0.373552 0.470158 0.146853 0.040741
41 0.373437 0.584259 0.109375 0.138889
9 0.377615 0.830075 0.214918 0.247330
77 0.394421 0.747698 0.148948 0.047298
42 0.378125 0.862037 0.100000 0.127778
15 0.861816 0.262508 0.222857 0.239618
77 0.858275 0.182313 0.151813 0.041812
14 0.861458 0.291667 0.197917 0.146296
20 0.135250 0.259356 0.219191 0.241282
77 0.135250 0.173375 0.112500 0.042093
2 0.135417 0.287037 0.193750 0.148148
31 0.211979 0.171296 0.021875 0.027778
11 0.137210 0.557193 0.219768 0.252991
77 0.109443 0.473669 0.113002 0.046811
32 0.137500 0.588889 0.118750 0.151852
19 0.621737 0.549771 0.221938 0.243645
77 0.621737 0.468611 0.112500 0.040741
13 0.621354 0.577778 0.196875 0.151852
19 0.140572 0.832596 0.224720 0.245649
77 0.159722 0.749929 0.119582 0.047566
3 0.140104 0.863889 0.132292 0.131481
14 0.375006 0.265173 0.220513 0.250690
77 0.377766 0.177722 0.164789 0.040958
31 0.375521 0.292593 0.113542 0.144444
30 0.446354 0.174074 0.023958 0.029630
17 0.859473 0.553246 0.218314 0.251359
77 0.859473 0.472088 0.141207 0.049689
52 0.859375 0.586111 0.193750 0.150000
14 0.621329 0.271248 0.218686 0.241622
77 0.622405 0.186220 0.117902 0.045639
29 0.621354 0.301852 0.107292 0.137037
