77 0.500000 0.072222 0.440000 0.077778
16 0.142910 0.557314 0.226526 0.252838
77 0.156500 0.466630 0.161817 0.040741
61 0.143229 0.584259 0.201042 0.161111
28 0.209896 0.465741 0.023958 0.031481
20 0.138479 0.840981 0.221688 0.255310
77 0.138479 0.749660 0.112500 0.040741
24 0.138542 0.869444 0.114583 0.146296
16 0.620214 0.266322 0.222008 0.241633
77 0.641242 0.180387 0.112500 0.040741
57 0.620313 0.294444 0.196875 0.148148
16 0.382173 0.267293 0.225807 0.238423
77 0.407696 0.188161 0.150136 0.040741
38 0.381771 0.295370 0.201042 0.146296
11 0.623528 0.549360 0.225949 0.238912
77 0.623528 0.466263 0.141127 0.043580
6 0.623437 0.578704 0.201042 0.142593
13 0.854680 0.272867 0.220677 0.251179
77 0.854680 0.186285 0.142091 0.044538
63 0.854688 0.302778 0.121875 0.153704
16 0.372895 0.547617 0.214540 0.251972
77 0.372895 0.461873 0.112500 0.041751
22 0.372917 0.575926 0.189583 0.159259
18 0.855259 0.548830 0.223080 0.248583
77 0.865402 0.462257 0.155346 0.046038
51 0.855208 0.578704 0.197917 0.150000
30 0.935417 0.460185 0.025000 0.031481
15 0.135250 0.268784 0.221896 0.242399
77 0.135250 0.184905 0.140533 0.040741
1 0.134896 0.297222 0.196875 0.150000
31 0.204167 0.178704 0.018750 0.024074
17 0.377047 0.835195 0.218145 0.246747
77 0.372208 0.746714 0.152398 0.042858
66 0.376563 0.864815 0.192708 0.151852
63 0.447396 0.747222 0.023958 0.031481
