77 0.500000 0.072222 0.440000 0.077778
12 0.862455 0.546794 0.222047 0.253843
77 0.862455 0.457513 0.112500 0.040741
78 0.861979 0.575000 0.196875 0.161111
10 0.378820 0.836484 0.216628 0.247874
77 0.378820 0.753856 0.137064 0.048894
67 0.379167 0.867593 0.191667 0.146296
9 0.131495 0.820456 0.215659 0.238144
77 0.131495 0.741535 0.147287 0.046357
16 0.131771 0.851852 0.190625 0.140741
76 0.205729 0.733333 0.019792 0.025926
16 0.132646 0.552148 0.223421 0.241045
77 0.132646 0.472622 0.128000 0.042204
54 0.132292 0.580556 0.197917 0.146296
31 0.211979 0.466667 0.026042 0.033333
12 0.131066 0.271526 0.222470 0.253785
77 0.131066 0.184346 0.139584 0.048607
66 0.131250 0.302778 0.197917 0.153704
11 0.376630 0.271912 0.215491 0.245982
77 0.376630 0.189241 0.165223 0.040741
86 0.376563 0.299074 0.190625 0.153704
15 0.613068 0.265801 0.219779 0.245166
77 0.613068 0.181520 0.143395 0.045362
18 0.613021 0.296296 0.194792 0.148148
37 0.690625 0.173148 0.018750 0.024074
14 0.854879 0.265442 0.222590 0.246551
77 0.877122 0.181442 0.153544 0.043020
81 0.855208 0.294444 0.197917 0.151852
8 0.375768 0.540382 0.225323 0.239823
77 0.375768 0.458235 0.136816 0.042836
23 0.375521 0.568519 0.113542 0.144444
31 0.440104 0.451852 0.017708 0.022222
8 0.615705 0.558403 0.225089 0.253591
77 0.615705 0.469508 0.146461 0.042495
53 0.616146 0.587963 0.115625 0.146296
28 0.682813 0.465741 0.021875 0.027778
