77 0.500000 0.072222 0.440000 0.077778
19 0.377086 0.556901 0.220687 0.253390
77 0.371171 0.471449 0.136654 0.043896
35 0.377083 0.587037 0.118750 0.151852
10 0.857488 0.543862 0.224188 0.237625
77 0.857488 0.463126 0.112500 0.040741
63 0.857812 0.572222 0.105208 0.133333
62 0.923438 0.459259 0.023958 0.029630
18 0.855216 0.259121 0.215888 0.241858
77 0.872942 0.174503 0.125379 0.040741
38 0.855729 0.286111 0.190625 0.150000
11 0.133335 0.835440 0.224541 0.252844
77 0.125691 0.751084 0.151990 0.045631
78 0.133333 0.864815 0.200000 0.155556
30 0.214583 0.748148 0.029167 0.037037
19 0.619965 0.548987 0.225372 0.251478
77 0.619965 0.458902 0.115734 0.043149
45 0.619792 0.578704 0.120833 0.153704
12 0.136964 0.546730 0.216766 0.244403
77 0.161067 0.461494 0.143927 0.047961
72 0.136458 0.577778 0.108333 0.137037
11 0.615281 0.274418 0.220100 0.252580
77 0.615281 0.189074 0.112500 0.048821
59 0.615104 0.305556 0.194792 0.151852
15 0.132650 0.271611 0.221071 0.244451
77 0.132650 0.185315 0.163395 0.040741
76 0.132812 0.299074 0.115625 0.146296
17 0.374094 0.827981 0.214733 0.244189
77 0.374094 0.744373 0.121984 0.045486
39 0.373958 0.858333 0.189583 0.146296
11 0.373051 0.260411 0.220163 0.238898
77 0.373807 0.182855 0.150008 0.045041
86 0.373437 0.289815 0.194792 0.142593
