77 0.500000 0.072222 0.440000 0.077778
10 0.864417 0.265302 0.225417 0.245369
77 0.864417 0.176475 0.114854 0.040741
76 0.864583 0.293519 0.104167 0.131481
31 0.932292 0.173148 0.018750 0.024074
10 0.369679 0.555563 0.216393 0.249324
77 0.362067 0.470918 0.118711 0.040741
3 0.369792 0.584259 0.150000 0.150000
8 0.864651 0.550155 0.223698 0.238637
77 0.865097 0.467119 0.160323 0.040741
42 0.865104 0.578704 0.111458 0.142593
16 0.375608 0.828395 0.220690 0.243375
77 0.362619 0.741482 0.126006 0.040741
51 0.376042 0.856481 0.195833 0.150000
31 0.441667 0.743519 0.025000 0.031481
10 0.619091 0.541972 0.217422 0.244200
77 0.638866 0.457352 0.156186 0.048054
86 0.619271 0.574074 0.192708 0.144444
17 0.376409 0.266670 0.225292 0.245450
77 0.420372 0.187767 0.112500 0.048190
80 0.376042 0.299074 0.200000 0.146296
9 0.134571 0.544244 0.219606 0.243358
77 0.134571 0.460415 0.141676 0.048260
67 0.134896 0.575000 0.194792 0.142593
18 0.139039 0.832735 0.224139 0.251310
77 0.139039 0.746746 0.146438 0.048738
69 0.139063 0.863889 0.198958 0.150000
11 0.134040 0.271534 0.223792 0.242029
77 0.134040 0.185311 0.119132 0.040741
78 0.133854 0.299074 0.198958 0.150000
63 0.202604 0.184259 0.021875 0.027778
11 0.623761 0.259370 0.225758 0.238882
77 0.623761 0.176508 0.134517 0.043205
53 0.623437 0.287963 0.103125 0.131481
