77 0.500000 0.072222 0.440000 0.077778
17 0.374297 0.824883 0.226143 0.240067
77 0.395778 0.742606 0.134713 0.045412
21 0.374479 0.854630 0.201042 0.142593
9 0.860975 0.558961 0.216580 0.253949
77 0.874827 0.472420 0.162153 0.044792
27 0.861458 0.587963 0.120833 0.153704
16 0.615574 0.268180 0.215191 0.251682
77 0.615574 0.181168 0.112500 0.040741
36 0.615104 0.296296 0.190625 0.159259
17 0.138751 0.261183 0.224184 0.238809
77 0.169366 0.178059 0.121169 0.041643
24 0.139063 0.289815 0.109375 0.138889
16 0.614710 0.549980 0.222712 0.255357
77 0.608930 0.465464 0.135963 0.046464
43 0.615104 0.581481 0.107292 0.137037
17 0.856132 0.263711 0.218288 0.241842
77 0.856132 0.178029 0.149453 0.040741
70 0.856250 0.291667 0.193750 0.150000
62 0.934896 0.180556 0.028125 0.035185
9 0.135478 0.550867 0.221004 0.241015
77 0.135478 0.464062 0.128373 0.040741
77 0.135937 0.578704 0.169792 0.012963
20 0.379004 0.259340 0.223451 0.244146
77 0.379004 0.175878 0.131821 0.043480
67 0.378646 0.288889 0.198958 0.148148
37 0.457813 0.168519 0.017708 0.022222
16 0.129973 0.836652 0.217375 0.249667
77 0.129973 0.753164 0.164659 0.045912
7 0.129688 0.866667 0.192708 0.151852
17 0.377508 0.542019 0.225834 0.243060
77 0.377508 0.460752 0.148646 0.042312
85 0.377604 0.570370 0.201042 0.148148
