77 0.500000 0.072222 0.440000 0.077778
8 0.133861 0.555944 0.218532 0.245593
77 0.168450 0.474718 0.112500 0.043185
49 0.134375 0.584259 0.193750 0.150000
19 0.377254 0.833068 0.222054 0.245296
77 0.377254 0.747820 0.167504 0.040741
21 0.377604 0.861111 0.196875 0.151852
16 0.865094 0.273939 0.224996 0.253941
77 0.876308 0.187955 0.146930 0.048738
76 0.865104 0.306481 0.117708 0.150000
16 0.133972 0.823853 0.220691 0.246262
77 0.133972 0.738544 0.118807 0.040741
11 0.134375 0.850926 0.195833 0.153704
17 0.613947 0.265945 0.220889 0.255509
77 0.613947 0.177477 0.132628 0.046901
20 0.613542 0.297222 0.195833 0.157407
32 0.681771 0.175926 0.026042 0.033333
19 0.378738 0.267397 0.224699 0.243289
77 0.372227 0.187597 0.119337 0.045406
67 0.379167 0.297222 0.200000 0.146296
18 0.377673 0.542686 0.218611 0.237054
77 0.377673 0.465309 0.112500 0.044316
53 0.378125 0.573148 0.106250 0.135185
13 0.132946 0.262147 0.224503 0.241719
77 0.133032 0.181299 0.163828 0.042695
73 0.132812 0.291667 0.111458 0.142593
7 0.858014 0.542522 0.219380 0.246805
77 0.858014 0.459927 0.112500 0.044274
35 0.857812 0.572222 0.113542 0.144444
8 0.624188 0.557566 0.223754 0.254518
77 0.624188 0.472092 0.145346 0.050375
45 0.623958 0.589815 0.106250 0.135185
