77 0.500000 0.072222 0.440000 0.077778
7 0.860275 0.271752 0.226485 0.255197
77 0.860275 0.179312 0.124266 0.040741
70 0.859896 0.300000 0.201042 0.162963
17 0.377049 0.821050 0.217004 0.241269
77 0.377049 0.738334 0.112500 0.048239
11 0.377083 0.851852 0.191667 0.140741
20 0.371742 0.264216 0.218158 0.245877
77 0.371742 0.178264 0.120850 0.045358
74 0.371354 0.293519 0.111458 0.142593
14 0.136952 0.837382 0.217752 0.255132
77 0.136952 0.748420 0.112500 0.047392
72 0.136458 0.868519 0.108333 0.137037
27 0.200521 0.744444 0.023958 0.029630
7 0.136923 0.553476 0.223150 0.242598
77 0.136923 0.472194 0.112525 0.044644
57 0.136458 0.582407 0.197917 0.146296
20 0.863519 0.549293 0.223608 0.241048
77 0.884511 0.468929 0.131691 0.046739
33 0.863542 0.580556 0.110417 0.142593
76 0.932292 0.465741 0.025000 0.031481
8 0.137100 0.266007 0.214347 0.239926
77 0.121886 0.184212 0.134989 0.045125
63 0.137500 0.296296 0.102083 0.129630
23 0.214062 0.179630 0.023958 0.029630
12 0.617834 0.265132 0.216734 0.253610
77 0.580212 0.177728 0.112500 0.048200
90 0.617708 0.297222 0.191667 0.153704
17 0.374457 0.541484 0.214525 0.241273
77 0.374457 0.455439 0.115284 0.040741
22 0.373958 0.568519 0.189583 0.148148
11 0.613354 0.547005 0.216947 0.247164
77 0.613354 0.461052 0.168879 0.040741
7 0.613542 0.575000 0.191667 0.153704
28 0.678125 0.459259 0.022917 0.029630
