77 0.500000 0.072222 0.440000 0.077778
15 0.858356 0.544103 0.221744 0.249494
77 0.858356 0.454208 0.117729 0.041708
11 0.858854 0.572222 0.196875 0.155556
11 0.133620 0.833389 0.214067 0.253545
77 0.133620 0.748008 0.163867 0.047507
16 0.133333 0.863889 0.189583 0.153704
7 0.854485 0.259584 0.218626 0.239422
77 0.845857 0.174361 0.112500 0.040741
48 0.854167 0.287963 0.193750 0.146296
12 0.376350 0.827674 0.217216 0.241633
77 0.378545 0.745054 0.140795 0.044126
18 0.376563 0.856481 0.192708 0.146296
15 0.129642 0.257433 0.217149 0.237263
77 0.129642 0.178704 0.138062 0.043446
25 0.129167 0.287037 0.110417 0.140741
17 0.373870 0.553354 0.216488 0.250109
77 0.373870 0.463213 0.141932 0.040741
71 0.373958 0.580556 0.191667 0.157407
31 0.448437 0.463889 0.023958 0.031481
8 0.373910 0.273997 0.225319 0.246972
77 0.383746 0.187787 0.130512 0.040741
12 0.373958 0.300926 0.200000 0.153704
9 0.616619 0.547591 0.221345 0.254003
77 0.616619 0.457289 0.112500 0.040741
44 0.616667 0.575000 0.120833 0.153704
11 0.616091 0.264851 0.226139 0.251161
77 0.602603 0.176653 0.167808 0.048247
63 0.615625 0.297222 0.112500 0.142593
18 0.139561 0.544568 0.225038 0.242778
77 0.139561 0.456834 0.112500 0.040741
37 0.139583 0.573148 0.110417 0.138889
31 0.215625 0.461111 0.029167 0.037037
