77 0.500000 0.072222 0.440000 0.077778
13 0.136235 0.545034 0.222107 0.245737
77 0.136235 0.461568 0.146617 0.040741
41 0.135937 0.572222 0.119792 0.151852
9 0.375305 0.827440 0.217501 0.251475
77 0.375305 0.738071 0.133436 0.044746
39 0.375521 0.857407 0.192708 0.155556
29 0.436979 0.737037 0.023958 0.029630
11 0.619711 0.269232 0.225031 0.249628
77 0.612509 0.188490 0.150162 0.048166
89 0.619792 0.300000 0.116667 0.148148
9 0.372815 0.268272 0.221675 0.240850
77 0.372815 0.183174 0.156249 0.040741
11 0.372396 0.296296 0.196875 0.148148
76 0.447396 0.178704 0.019792 0.024074
9 0.854124 0.269624 0.215528 0.246182
77 0.862442 0.187047 0.158696 0.040741
46 0.853646 0.297222 0.190625 0.153704
15 0.853117 0.545685 0.219335 0.246798
77 0.853117 0.461139 0.112500 0.046470
70 0.852604 0.575926 0.194792 0.148148
10 0.131617 0.835644 0.221767 0.247489
77 0.131617 0.752394 0.153365 0.041048
66 0.131771 0.863889 0.196875 0.153704
23 0.201563 0.750000 0.026042 0.033333
14 0.619000 0.552980 0.226543 0.254427
77 0.619000 0.461740 0.160956 0.043131
27 0.619271 0.582407 0.115625 0.146296
29 0.686979 0.454630 0.015625 0.020370
11 0.129151 0.264955 0.217617 0.249205
77 0.088373 0.174162 0.113927 0.040741
9 0.128646 0.293519 0.192708 0.157407
16 0.378428 0.552450 0.217819 0.251297
77 0.378428 0.461991 0.142264 0.044024
64 0.378125 0.582407 0.106250 0.135185
