77 0.500000 0.072222 0.440000 0.077778
12 0.854046 0.555711 0.218475 0.254015
77 0.841188 0.469650 0.112500 0.047924
21 0.854167 0.587963 0.193750 0.153704
20 0.853679 0.266192 0.218018 0.248593
77 0.853679 0.181218 0.149651 0.040741
72 0.853646 0.294444 0.115625 0.148148
7 0.611195 0.276026 0.214624 0.252695
77 0.611195 0.188526 0.166679 0.040741
51 0.611458 0.303704 0.189583 0.159259
37 0.685937 0.179630 0.017708 0.022222
13 0.615703 0.545524 0.220589 0.247981
77 0.615703 0.456156 0.113140 0.041926
39 0.615625 0.573148 0.195833 0.153704
13 0.372695 0.831592 0.217667 0.254742
77 0.372695 0.737927 0.161402 0.040741
81 0.372396 0.859259 0.192708 0.162963
19 0.132652 0.547140 0.223657 0.250836
77 0.144469 0.462958 0.170454 0.046507
9 0.132812 0.577778 0.198958 0.151852
15 0.135487 0.264613 0.225634 0.247935
77 0.135487 0.179848 0.156355 0.042992
90 0.135937 0.293519 0.201042 0.153704
14 0.373523 0.540820 0.216177 0.244361
77 0.373523 0.456037 0.129115 0.040741
18 0.373958 0.568519 0.191667 0.151852
18 0.130591 0.827225 0.219252 0.248685
77 0.160225 0.740428 0.138300 0.046321
8 0.130208 0.858333 0.193750 0.150000
12 0.368112 0.260489 0.214090 0.240763
77 0.368112 0.179661 0.139117 0.040741
15 0.367708 0.288889 0.189583 0.148148
76 0.440104 0.176852 0.028125 0.035185
