77 0.500000 0.072222 0.440000 0.077778
14 0.378331 0.835191 0.224111 0.245873
77 0.373012 0.752680 0.173785 0.045767
11 0.378646 0.864815 0.198958 0.148148
15 0.131555 0.825201 0.217803 0.246706
77 0.131555 0.739160 0.112500 0.045211
29 0.131771 0.855556 0.105208 0.133333
14 0.612102 0.260295 0.215275 0.241996
77 0.612102 0.176495 0.147233 0.040741
49 0.611979 0.287963 0.190625 0.150000
12 0.130444 0.546705 0.214941 0.238551
77 0.162552 0.463125 0.112500 0.040741
42 0.130729 0.574074 0.113542 0.144444
76 0.202083 0.465741 0.027083 0.035185
20 0.130093 0.261228 0.218101 0.244450
77 0.112655 0.176025 0.148956 0.040741
18 0.129688 0.288889 0.192708 0.151852
9 0.376349 0.273636 0.223738 0.252575
77 0.361267 0.186232 0.142837 0.046311
78 0.376563 0.304630 0.198958 0.153704
19 0.861279 0.551971 0.226120 0.255373
77 0.861279 0.458284 0.112904 0.040741
35 0.861458 0.580556 0.114583 0.146296
7 0.373974 0.551491 0.222060 0.250261
77 0.373974 0.460335 0.112500 0.040741
83 0.374479 0.578704 0.196875 0.157407
15 0.856637 0.267056 0.223744 0.252888
77 0.878769 0.178805 0.151654 0.041006
54 0.856771 0.294444 0.198958 0.159259
20 0.620138 0.548818 0.219808 0.246298
77 0.620138 0.468251 0.131946 0.046411
0 0.620313 0.579630 0.194792 0.148148
31 0.688542 0.462963 0.029167 0.037037
