77 0.500000 0.072222 0.440000 0.077778
12 0.139390 0.546342 0.220355 0.248290
77 0.112318 0.461193 0.117726 0.049418
65 0.139583 0.578704 0.195833 0.146296
19 0.133904 0.836130 0.218660 0.244660
77 0.133904 0.752319 0.133655 0.040741
7 0.134375 0.864815 0.193750 0.151852
8 0.616347 0.548189 0.226014 0.249547
77 0.616347 0.460196 0.112500 0.040741
75 0.616146 0.576852 0.201042 0.157407
7 0.370254 0.262175 0.214706 0.246166
77 0.370254 0.172970 0.112500 0.040741
48 0.369792 0.289815 0.189583 0.153704
12 0.857659 0.267120 0.222452 0.241600
77 0.857659 0.183051 0.159696 0.045257
54 0.857292 0.296296 0.197917 0.144444
76 0.921354 0.181481 0.026042 0.033333
15 0.616213 0.264546 0.215951 0.247001
77 0.616213 0.181695 0.123001 0.047035
39 0.616146 0.296296 0.190625 0.148148
18 0.137027 0.260086 0.217492 0.245710
77 0.122659 0.177721 0.113249 0.048306
37 0.137500 0.291667 0.106250 0.135185
16 0.375957 0.549896 0.225216 0.245301
77 0.336467 0.461124 0.112500 0.040741
1 0.376042 0.577778 0.200000 0.151852
9 0.853027 0.545906 0.216067 0.251230
77 0.826836 0.456021 0.142516 0.040741
57 0.852604 0.574074 0.190625 0.159259
12 0.369701 0.828804 0.215719 0.245005
77 0.385349 0.743354 0.145148 0.046685
69 0.369271 0.860185 0.190625 0.146296
