77 0.500000 0.072222 0.440000 0.077778
7 0.134540 0.830788 0.218466 0.246130
77 0.134540 0.750095 0.163404 0.047966
82 0.134375 0.862037 0.193750 0.146296
19 0.855468 0.270419 0.216694 0.249821
77 0.855468 0.181521 0.118644 0.040741
75 0.855208 0.299074 0.191667 0.157407
28 0.918750 0.176852 0.016667 0.020370
11 0.619506 0.556974 0.219868 0.247339
77 0.617871 0.475940 0.166920 0.048714
14 0.619271 0.587963 0.194792 0.146296
7 0.140378 0.263947 0.221651 0.253695
77 0.146721 0.174777 0.112500 0.040741
52 0.140104 0.291667 0.196875 0.161111
14 0.136808 0.548417 0.215602 0.253247
77 0.136808 0.456886 0.149420 0.041001
25 0.136979 0.575926 0.119792 0.151852
9 0.622089 0.261844 0.223496 0.248517
77 0.657138 0.173317 0.116332 0.040741
87 0.622396 0.288889 0.198958 0.155556
10 0.373843 0.828759 0.222363 0.240724
77 0.391431 0.742068 0.112500 0.040741
81 0.373437 0.857407 0.196875 0.148148
11 0.860801 0.557142 0.225154 0.251166
77 0.860374 0.468155 0.119244 0.040741
17 0.860417 0.585185 0.200000 0.159259
14 0.378093 0.555690 0.226368 0.253085
77 0.351272 0.469895 0.131376 0.047250
55 0.377604 0.586111 0.201042 0.153704
11 0.376520 0.270655 0.215822 0.251297
77 0.398112 0.185648 0.113584 0.048295
41 0.376042 0.301852 0.104167 0.133333
63 0.446354 0.175000 0.015625 0.020370
