77 0.500000 0.072222 0.440000 0.077778
15 0.859258 0.266299 0.222232 0.247728
77 0.837958 0.181947 0.158442 0.043116
49 0.858854 0.294444 0.196875 0.151852
8 0.376002 0.544120 0.214585 0.246676
77 0.392448 0.460336 0.112500 0.040741
61 0.376042 0.571296 0.189583 0.153704
10 0.619146 0.270127 0.216728 0.248716
77 0.598507 0.182854 0.129062 0.040741
25 0.619271 0.298148 0.121875 0.155556
27 0.691146 0.183333 0.028125 0.037037
10 0.371922 0.822684 0.215101 0.244875
77 0.376979 0.737869 0.112500 0.046911
11 0.371875 0.852778 0.189583 0.146296
9 0.133845 0.545184 0.214671 0.245690
77 0.133845 0.463074 0.112500 0.040986
47 0.133333 0.573148 0.189583 0.153704
14 0.372822 0.262217 0.220644 0.249170
77 0.372822 0.173234 0.165083 0.040741
19 0.372917 0.289815 0.195833 0.157407
63 0.439063 0.175926 0.032292 0.040741
13 0.857063 0.548260 0.216450 0.245430
77 0.857063 0.459752 0.134100 0.040741
42 0.856771 0.576852 0.119792 0.153704
11 0.135840 0.265285 0.220478 0.249754
77 0.135840 0.177344 0.159909 0.040741
41 0.135937 0.293519 0.109375 0.138889
62 0.203125 0.170370 0.016667 0.022222
19 0.137824 0.841363 0.226323 0.253510
77 0.137824 0.754821 0.137184 0.040741
68 0.138021 0.869444 0.201042 0.161111
18 0.620024 0.550492 0.217961 0.245800
77 0.620024 0.465565 0.169094 0.040741
45 0.619792 0.578704 0.112500 0.142593
