77 0.500000 0.072222 0.440000 0.077778
7 0.612692 0.270259 0.214934 0.244843
77 0.627082 0.187965 0.124359 0.047311
17 0.612500 0.300926 0.189583 0.146296
9 0.377131 0.555210 0.224065 0.248107
77 0.392793 0.469466 0.144363 0.040741
15 0.377604 0.583333 0.198958 0.155556
31 0.455729 0.463889 0.019792 0.024074
18 0.132192 0.269939 0.221494 0.243350
77 0.143196 0.188637 0.139566 0.044066
65 0.131771 0.300000 0.196875 0.148148
7 0.612649 0.548215 0.218843 0.248326
77 0.612649 0.465442 0.112500 0.042194
42 0.613021 0.576852 0.107292 0.135185
11 0.861392 0.262433 0.215601 0.249854
77 0.861908 0.176817 0.166889 0.040741
88 0.860938 0.289815 0.190625 0.157407
11 0.132832 0.830971 0.218187 0.255165
77 0.132832 0.738203 0.131705 0.043545
38 0.132812 0.859259 0.192708 0.159259
16 0.376326 0.828581 0.218973 0.245992
77 0.376326 0.745651 0.162047 0.040741
13 0.376042 0.856481 0.193750 0.153704
62 0.448958 0.739815 0.025000 0.031481
7 0.135945 0.540226 0.218129 0.243297
77 0.123343 0.459483 0.114618 0.047687
29 0.136458 0.571296 0.110417 0.138889
15 0.865082 0.546435 0.226027 0.241934
77 0.865082 0.463898 0.175811 0.041008
48 0.865104 0.575000 0.201042 0.150000
27 0.935937 0.463889 0.030208 0.038889
13 0.383229 0.274758 0.223790 0.251764
77 0.391599 0.190156 0.158499 0.041970
62 0.382812 0.303704 0.113542 0.144444
