77 0.500000 0.072222 0.440000 0.077778
16 0.373295 0.548205 0.219044 0.237227
77 0.373295 0.468782 0.140881 0.040741
60 0.372917 0.575926 0.193750 0.144444
11 0.131854 0.546587 0.221208 0.245646
77 0.131854 0.458745 0.112500 0.040741
58 0.132292 0.575000 0.195833 0.153704
62 0.197917 0.462037 0.027083 0.035185
13 0.616986 0.275681 0.217834 0.255475
77 0.631952 0.188174 0.135506 0.041050
51 0.617188 0.303704 0.192708 0.162963
76 0.690104 0.178704 0.019792 0.024074
10 0.861202 0.262422 0.220708 0.245592
77 0.871213 0.177087 0.149643 0.040741
10 0.861458 0.289815 0.195833 0.153704
14 0.619763 0.555494 0.225274 0.249189
77 0.619763 0.467888 0.112500 0.040741
73 0.619271 0.583333 0.121875 0.155556
20 0.373338 0.267937 0.221697 0.252236
77 0.374187 0.178935 0.150913 0.044278
8 0.373437 0.298148 0.196875 0.155556
19 0.134536 0.833474 0.220628 0.242755
77 0.134536 0.747099 0.171771 0.040741
28 0.134375 0.861111 0.102083 0.129630
31 0.202083 0.742593 0.016667 0.022222
19 0.136344 0.259860 0.221907 0.245410
77 0.170176 0.176591 0.112500 0.043481
37 0.136458 0.288889 0.110417 0.140741
28 0.201563 0.171296 0.021875 0.027778
12 0.860338 0.543284 0.224499 0.238546
77 0.860338 0.465891 0.150860 0.043706
11 0.860417 0.573148 0.200000 0.142593
7 0.377970 0.837039 0.223457 0.253129
77 0.377970 0.748967 0.136524 0.041129
68 0.377604 0.864815 0.198958 0.159259
