77 0.500000 0.072222 0.440000 0.077778
18 0.137397 0.831913 0.222742 0.246929
77 0.157678 0.742658 0.154045 0.040741
90 0.137500 0.860185 0.197917 0.153704
8 0.379703 0.830025 0.222566 0.248195
77 0.410780 0.745812 0.116522 0.048320
68 0.380208 0.861111 0.197917 0.148148
10 0.614330 0.266869 0.215456 0.239983
77 0.614330 0.182115 0.123345 0.040741
55 0.614062 0.294444 0.190625 0.148148
9 0.140057 0.552462 0.222007 0.253347
77 0.140057 0.462111 0.145753 0.041970
0 0.140104 0.581481 0.196875 0.159259
7 0.377323 0.276951 0.218593 0.253279
77 0.377323 0.184972 0.112500 0.040741
10 0.377083 0.304630 0.193750 0.161111
13 0.853489 0.555114 0.218406 0.249541
77 0.835060 0.472115 0.117159 0.045198
41 0.853646 0.584259 0.109375 0.138889
30 0.930208 0.461111 0.016667 0.022222
10 0.856834 0.276043 0.219461 0.254042
77 0.856834 0.192083 0.124716 0.047650
24 0.856771 0.306481 0.117708 0.150000
17 0.378948 0.544939 0.224351 0.250857
77 0.378948 0.453180 0.152403 0.040741
86 0.378646 0.573148 0.198958 0.157407
16 0.615666 0.541074 0.225483 0.240567
77 0.615666 0.460169 0.141448 0.040741
44 0.616146 0.568519 0.115625 0.148148
9 0.137565 0.261392 0.215056 0.239412
77 0.136616 0.179336 0.112500 0.045682
76 0.138021 0.290741 0.105208 0.133333
