77 0.500000 0.072222 0.440000 0.077778
10 0.374354 0.549845 0.224743 0.244346
77 0.374354 0.468558 0.136031 0.043724
14 0.373958 0.579630 0.200000 0.148148
20 0.133277 0.545786 0.220371 0.251083
77 0.133277 0.458014 0.136515 0.040741
4 0.133333 0.574074 0.195833 0.159259
7 0.854543 0.552867 0.220352 0.246321
77 0.854543 0.465830 0.156116 0.040741
48 0.854167 0.580556 0.195833 0.153704
19 0.854377 0.271527 0.214884 0.249521
77 0.854377 0.183358 0.141613 0.047173
28 0.854167 0.301852 0.108333 0.137037
12 0.142585 0.826953 0.225547 0.240980
77 0.119391 0.742934 0.114209 0.044330
29 0.142187 0.856481 0.101042 0.127778
14 0.135381 0.272469 0.215283 0.248197
77 0.143264 0.186297 0.160934 0.042474
43 0.135417 0.301852 0.118750 0.151852
17 0.617346 0.259867 0.217386 0.242331
77 0.581725 0.176373 0.112500 0.040973
11 0.617188 0.287963 0.192708 0.150000
19 0.373777 0.835053 0.214156 0.242299
77 0.373777 0.756248 0.138037 0.044915
82 0.373958 0.865741 0.189583 0.146296
63 0.433854 0.748148 0.023958 0.029630
9 0.623202 0.546580 0.223150 0.250854
77 0.623202 0.459024 0.172797 0.048040
24 0.622917 0.577778 0.108333 0.137037
20 0.375406 0.277339 0.214215 0.254846
77 0.375406 0.184861 0.118781 0.040741
27 0.375000 0.305556 0.116667 0.148148
28 0.447396 0.187963 0.030208 0.038889
