77 0.500000 0.072222 0.440000 0.077778
18 0.381409 0.261967 0.223826 0.237302
77 0.348567 0.183068 0.112500 0.040741
37 0.381771 0.289815 0.103125 0.131481
19 0.375834 0.553455 0.221118 0.254014
77 0.394724 0.469002 0.112500 0.044648
21 0.376042 0.582407 0.195833 0.157407
19 0.620474 0.552176 0.224894 0.238737
77 0.600371 0.470131 0.114190 0.044239
51 0.620833 0.582407 0.200000 0.142593
11 0.855498 0.271238 0.215482 0.250861
77 0.855498 0.183539 0.112500 0.040741
60 0.855729 0.299074 0.190625 0.157407
18 0.138151 0.821249 0.218788 0.239286
77 0.138151 0.739387 0.112500 0.040741
32 0.138021 0.848148 0.111458 0.140741
7 0.375328 0.838913 0.223381 0.252697
77 0.395161 0.751799 0.162830 0.043933
56 0.375000 0.867593 0.197917 0.157407
7 0.864306 0.558157 0.222655 0.249804
77 0.860934 0.468167 0.154770 0.040741
57 0.864583 0.586111 0.197917 0.157407
10 0.137094 0.266497 0.215457 0.241587
77 0.148285 0.183362 0.112500 0.040741
44 0.137500 0.294444 0.110417 0.140741
12 0.612413 0.272726 0.215398 0.246696
77 0.612413 0.187783 0.112500 0.040741
9 0.611979 0.300926 0.190625 0.153704
14 0.135636 0.553655 0.218457 0.245090
77 0.151546 0.472209 0.118659 0.045570
40 0.135417 0.583333 0.193750 0.148148
