77 0.500000 0.072222 0.440000 0.077778
7 0.374714 0.262081 0.226508 0.238920
77 0.398664 0.181050 0.112500 0.044738
66 0.374479 0.291667 0.201042 0.142593
28 0.440104 0.175000 0.021875 0.027778
16 0.137649 0.553956 0.225314 0.244605
77 0.124217 0.465655 0.158016 0.040741
6 0.137500 0.581481 0.200000 0.151852
27 0.211979 0.463889 0.019792 0.024074
8 0.136933 0.267417 0.224397 0.238539
77 0.173841 0.184032 0.113356 0.040741
48 0.136979 0.295370 0.198958 0.146296
17 0.619529 0.550554 0.225310 0.246727
77 0.619529 0.465022 0.130501 0.046386
68 0.619792 0.581481 0.200000 0.148148
19 0.370517 0.551124 0.216360 0.248267
77 0.370517 0.465502 0.121466 0.048228
64 0.370312 0.583333 0.113542 0.144444
13 0.858266 0.552013 0.223864 0.243683
77 0.858266 0.470898 0.113975 0.045470
20 0.857812 0.582407 0.198958 0.146296
76 0.935417 0.468519 0.029167 0.037037
12 0.134399 0.828059 0.225882 0.239675
77 0.134399 0.746206 0.127304 0.040741
22 0.134896 0.856481 0.201042 0.146296
20 0.378887 0.829757 0.218337 0.249006
77 0.378887 0.744300 0.160941 0.047992
84 0.379167 0.862037 0.193750 0.150000
32 0.446875 0.736111 0.018750 0.024074
13 0.617325 0.267512 0.215804 0.238456
77 0.617325 0.189594 0.112500 0.045714
19 0.617188 0.298148 0.190625 0.140741
14 0.855044 0.265070 0.222532 0.243397
77 0.855044 0.179062 0.122107 0.040741
61 0.855208 0.293519 0.197917 0.150000
29 0.929167 0.177778 0.022917 0.029630
