77 0.500000 0.072222 0.440000 0.077778
14 0.853578 0.547391 0.217729 0.254085
77 0.825363 0.459807 0.118682 0.044608
76 0.853125 0.576852 0.106250 0.135185
30 0.930729 0.458333 0.028125 0.035185
9 0.375455 0.544882 0.222554 0.246825
77 0.375455 0.458120 0.128640 0.042472
75 0.375000 0.574074 0.197917 0.151852
32 0.447917 0.459259 0.027083 0.033333
16 0.613217 0.548251 0.216703 0.243801
77 0.613217 0.459764 0.160837 0.040741
10 0.613542 0.575926 0.191667 0.151852
20 0.138846 0.546095 0.220016 0.242719
77 0.138846 0.462319 0.129764 0.040741
13 0.139063 0.573148 0.194792 0.150000
12 0.376865 0.835942 0.219070 0.243105
77 0.376865 0.754332 0.144845 0.048300
30 0.376563 0.866667 0.101042 0.129630
11 0.381483 0.266723 0.221594 0.237086
77 0.423298 0.188765 0.112500 0.040741
7 0.381771 0.294444 0.196875 0.144444
20 0.856820 0.267290 0.219476 0.242684
77 0.847781 0.183368 0.121428 0.040741
89 0.857292 0.294444 0.110417 0.140741
17 0.133469 0.835991 0.218030 0.248867
77 0.133469 0.745216 0.150697 0.040957
85 0.133854 0.862963 0.192708 0.155556
19 0.622501 0.265278 0.223607 0.254543
77 0.606273 0.176925 0.143608 0.049401
60 0.622396 0.297222 0.198958 0.153704
18 0.134951 0.268371 0.226237 0.246283
77 0.134951 0.183501 0.172075 0.048331
34 0.134896 0.299074 0.071875 0.146296
