77 0.500000 0.072222 0.440000 0.077778
12 0.129858 0.551935 0.217493 0.242962
77 0.140121 0.466846 0.160108 0.044264
73 0.130208 0.581481 0.110417 0.140741
12 0.374991 0.538940 0.220884 0.238912
77 0.364703 0.457901 0.165027 0.040741
5 0.375000 0.567593 0.195833 0.146296
8 0.852984 0.272456 0.214815 0.248312
77 0.845353 0.192891 0.122200 0.049389
80 0.853125 0.304630 0.189583 0.146296
8 0.132189 0.823024 0.216701 0.238535
77 0.139493 0.738884 0.153430 0.044130
1 0.132292 0.852778 0.191667 0.142593
12 0.379563 0.828787 0.220735 0.243656
77 0.379563 0.748705 0.151356 0.045553
28 0.379167 0.858333 0.104167 0.131481
19 0.137784 0.270783 0.225571 0.248614
77 0.138307 0.180542 0.122894 0.040741
60 0.138021 0.298148 0.201042 0.155556
8 0.372439 0.277636 0.222986 0.253214
77 0.366198 0.193862 0.134319 0.046924
35 0.372396 0.309259 0.107292 0.137037
11 0.622054 0.269419 0.222490 0.237114
77 0.622054 0.190392 0.131847 0.044937
26 0.621875 0.300000 0.197917 0.140741
20 0.619461 0.540964 0.219296 0.237618
77 0.619461 0.462839 0.113638 0.042856
21 0.619271 0.569444 0.194792 0.142593
31 0.685937 0.459259 0.026042 0.033333
13 0.861909 0.547417 0.225016 0.243880
77 0.885426 0.461770 0.112500 0.040741
22 0.861458 0.575926 0.200000 0.151852
30 0.929688 0.461111 0.026042 0.033333
