77 0.500000 0.072222 0.440000 0.077778
7 0.374374 0.266069 0.218205 0.250379
77 0.387236 0.177628 0.168667 0.043705
5 0.374479 0.294444 0.192708 0.155556
20 0.375807 0.551828 0.223058 0.249796
77 0.353360 0.462037 0.130836 0.040741
85 0.376042 0.578704 0.197917 0.157407
13 0.376132 0.825029 0.217053 0.242803
77 0.336264 0.741595 0.112500 0.046923
47 0.376042 0.855556 0.191667 0.144444
23 0.441146 0.737037 0.019792 0.025926
19 0.856858 0.544933 0.224852 0.237712
77 0.856858 0.463989 0.130524 0.040741
38 0.857292 0.572222 0.200000 0.144444
8 0.860237 0.258128 0.222955 0.240516
77 0.828590 0.174823 0.114227 0.046876
25 0.859896 0.288889 0.098958 0.125926
20 0.138195 0.836600 0.217737 0.255333
77 0.138195 0.743281 0.112500 0.041196
58 0.138021 0.864815 0.192708 0.162963
16 0.613692 0.552706 0.220991 0.245368
77 0.579787 0.470073 0.112500 0.042958
78 0.613542 0.582407 0.195833 0.150000
10 0.136994 0.272970 0.218843 0.254508
77 0.136994 0.185219 0.112500 0.049730
48 0.137500 0.304630 0.193750 0.153704
20 0.620588 0.266127 0.220341 0.243315
77 0.620588 0.179203 0.112500 0.040741
38 0.620833 0.293519 0.195833 0.150000
8 0.138428 0.542692 0.217527 0.243955
77 0.138428 0.458536 0.121507 0.045022
42 0.138542 0.573148 0.100000 0.127778
