77 0.500000 0.072222 0.440000 0.077778
20 0.375760 0.267328 0.220989 0.242866
77 0.375760 0.180476 0.128148 0.042496
74 0.376042 0.295370 0.108333 0.138889
18 0.863319 0.557362 0.220903 0.254648
77 0.863319 0.463741 0.152128 0.041263
1 0.863542 0.586111 0.195833 0.161111
37 0.931250 0.468519 0.029167 0.037037
12 0.376673 0.545808 0.222249 0.237422
77 0.376673 0.464022 0.153430 0.040741
3 0.377083 0.574074 0.127083 0.125926
10 0.623580 0.550976 0.225177 0.246133
77 0.623580 0.466943 0.121314 0.040741
44 0.623958 0.579630 0.108333 0.137037
15 0.134484 0.550005 0.216588 0.250902
77 0.135983 0.458787 0.114067 0.042031
57 0.134375 0.578704 0.191667 0.157407
16 0.372006 0.834015 0.214791 0.239038
77 0.362191 0.749835 0.141363 0.042824
81 0.371875 0.862963 0.189583 0.144444
27 0.435417 0.752778 0.027083 0.035185
18 0.611267 0.267101 0.215521 0.244310
77 0.611267 0.182902 0.142251 0.040741
40 0.610938 0.294444 0.190625 0.151852
18 0.138083 0.265731 0.222488 0.248392
77 0.095658 0.181413 0.112500 0.047681
49 0.138542 0.296296 0.197917 0.148148
8 0.859450 0.260224 0.221804 0.237613
77 0.887144 0.175997 0.132305 0.040741
71 0.859896 0.288889 0.196875 0.144444
23 0.931250 0.176852 0.025000 0.031481
18 0.136388 0.824230 0.214300 0.237803
77 0.134028 0.743063 0.112500 0.040741
35 0.136458 0.852778 0.108333 0.138889
37 0.213021 0.737037 0.019792 0.025926
