77 0.500000 0.072222 0.440000 0.077778
11 0.612837 0.277525 0.220914 0.251388
77 0.627711 0.190030 0.136891 0.040741
0 0.612500 0.305556 0.195833 0.159259
18 0.135402 0.546199 0.226194 0.247759
77 0.135402 0.461667 0.152635 0.041247
31 0.135417 0.575000 0.120833 0.153704
18 0.862359 0.264588 0.221386 0.246206
77 0.862359 0.179867 0.139533 0.040741
34 0.861979 0.292593 0.073958 0.148148
76 0.928646 0.175926 0.023958 0.029630
10 0.377935 0.825046 0.218330 0.247988
77 0.400951 0.734717 0.144151 0.040741
11 0.378125 0.853704 0.193750 0.155556
31 0.446354 0.737037 0.026042 0.033333
20 0.860727 0.549901 0.223042 0.255492
77 0.846420 0.460566 0.149604 0.040741
39 0.860417 0.577778 0.197917 0.162963
16 0.377592 0.554877 0.219749 0.251815
77 0.364073 0.469954 0.168669 0.045983
57 0.377604 0.586111 0.194792 0.153704
19 0.132655 0.831347 0.215466 0.247171
77 0.132655 0.741760 0.112500 0.040741
28 0.132292 0.858333 0.118750 0.150000
30 0.195833 0.741667 0.022917 0.027778
14 0.618316 0.555058 0.218147 0.252326
77 0.615513 0.468796 0.112500 0.044305
20 0.618229 0.585185 0.192708 0.155556
15 0.136048 0.263075 0.215537 0.246597
77 0.136048 0.175110 0.124250 0.040741
35 0.136458 0.291667 0.120833 0.153704
29 0.198437 0.178704 0.030208 0.038889
18 0.379694 0.267143 0.218430 0.249793
77 0.379694 0.182691 0.139072 0.041939
7 0.380208 0.296296 0.193750 0.155556
32 0.458854 0.177778 0.026042 0.033333
