77 0.500000 0.072222 0.440000 0.077778
11 0.621204 0.543763 0.218289 0.247345
77 0.621204 0.456046 0.147632 0.040741
80 0.620833 0.572222 0.193750 0.155556
10 0.129883 0.542675 0.219141 0.245303
77 0.129883 0.457341 0.138474 0.040741
78 0.130208 0.570370 0.193750 0.151852
31 0.195833 0.449074 0.016667 0.020370
18 0.377770 0.552582 0.225972 0.246258
77 0.377770 0.468706 0.137964 0.046666
6 0.377604 0.583333 0.201042 0.148148
10 0.620684 0.264964 0.224553 0.244503
77 0.611879 0.181965 0.149407 0.046433
7 0.620833 0.295370 0.200000 0.146296
11 0.135625 0.826846 0.224573 0.246958
77 0.135625 0.745786 0.120221 0.046872
53 0.135937 0.858333 0.115625 0.146296
9 0.854120 0.550458 0.218920 0.247525
77 0.827933 0.467151 0.129297 0.044222
83 0.854167 0.579630 0.193750 0.151852
14 0.371426 0.836157 0.216765 0.248182
77 0.371426 0.752749 0.115901 0.048713
70 0.371875 0.868519 0.191667 0.148148
32 0.448437 0.743519 0.019792 0.024074
11 0.129599 0.257167 0.217732 0.240029
77 0.129599 0.178692 0.112500 0.046538
28 0.129688 0.287037 0.098958 0.125926
9 0.859461 0.271967 0.214896 0.245307
77 0.859461 0.186795 0.122610 0.045494
48 0.859375 0.301852 0.189583 0.148148
19 0.381234 0.266081 0.224537 0.249562
77 0.374575 0.179523 0.125914 0.049640
31 0.381250 0.298148 0.108333 0.137037
