77 0.500000 0.072222 0.440000 0.077778
17 0.380794 0.833955 0.223867 0.246125
77 0.394762 0.748855 0.165044 0.043769
35 0.381250 0.863889 0.112500 0.142593
12 0.860343 0.270909 0.219435 0.247232
77 0.841294 0.186244 0.157964 0.040741
74 0.860417 0.299074 0.120833 0.153704
18 0.863542 0.551398 0.226359 0.237524
77 0.881105 0.468691 0.125048 0.043840
59 0.864062 0.580556 0.201042 0.142593
17 0.369164 0.263854 0.214459 0.242347
77 0.369164 0.178262 0.165557 0.040741
85 0.368750 0.291667 0.189583 0.150000
14 0.612513 0.538888 0.214433 0.238648
77 0.612513 0.458480 0.141042 0.045145
53 0.612500 0.569444 0.100000 0.127778
32 0.675521 0.458333 0.028125 0.035185
20 0.139934 0.824812 0.219928 0.246680
77 0.139934 0.741363 0.125171 0.040741
67 0.140104 0.852778 0.194792 0.153704
17 0.376707 0.551635 0.219796 0.252530
77 0.360475 0.461609 0.165164 0.046248
41 0.377083 0.582407 0.106250 0.135185
14 0.129924 0.550205 0.218812 0.252607
77 0.147040 0.462143 0.163539 0.040741
33 0.130208 0.577778 0.116667 0.148148
7 0.132491 0.271938 0.220830 0.240878
77 0.132491 0.193335 0.165647 0.047523
45 0.132812 0.302778 0.109375 0.138889
12 0.620302 0.270761 0.221210 0.254201
77 0.650207 0.182303 0.131667 0.042872
29 0.620313 0.300000 0.111458 0.140741
63 0.699479 0.176852 0.023958 0.031481
