77 0.500000 0.072222 0.440000 0.077778
17 0.862367 0.551406 0.217680 0.254061
77 0.862367 0.462053 0.123187 0.043219
69 0.861979 0.579630 0.192708 0.159259
20 0.373398 0.260662 0.214825 0.245579
77 0.373398 0.175749 0.135164 0.040741
8 0.372917 0.287963 0.189583 0.153704
16 0.129661 0.830946 0.217291 0.254537
77 0.150478 0.741686 0.118619 0.040741
2 0.129688 0.858333 0.192708 0.161111
62 0.206771 0.735185 0.017708 0.022222
10 0.615267 0.271854 0.216191 0.246304
77 0.615267 0.188822 0.165353 0.041216
66 0.615625 0.299074 0.191667 0.153704
27 0.690104 0.181481 0.019792 0.025926
11 0.134632 0.274441 0.215834 0.254529
77 0.134632 0.186747 0.112500 0.040741
26 0.134896 0.302778 0.190625 0.161111
29 0.199479 0.183333 0.026042 0.033333
7 0.374337 0.832469 0.215864 0.243813
77 0.362015 0.746773 0.164232 0.040741
30 0.373958 0.860185 0.112500 0.142593
12 0.615874 0.548410 0.217752 0.246711
77 0.628090 0.467049 0.112500 0.049298
47 0.616146 0.580556 0.192708 0.146296
32 0.692187 0.455556 0.017708 0.022222
14 0.859881 0.270693 0.219080 0.247096
77 0.848593 0.181470 0.156134 0.040741
7 0.859375 0.299074 0.193750 0.153704
30 0.937500 0.178704 0.018750 0.024074
13 0.370611 0.556152 0.218098 0.251938
77 0.357577 0.468917 0.157499 0.040741
5 0.370312 0.583333 0.192708 0.159259
29 0.447917 0.468519 0.031250 0.040741
12 0.136582 0.554271 0.221338 0.242343
77 0.136582 0.471637 0.171268 0.040741
30 0.136458 0.581481 0.114583 0.144444
