77 0.500000 0.072222 0.440000 0.077778
12 0.372758 0.551933 0.222185 0.243684
77 0.372758 0.470460 0.168998 0.040958
58 0.372396 0.580556 0.196875 0.150000
20 0.369805 0.828614 0.214106 0.252618
77 0.393160 0.737515 0.120061 0.040741
72 0.370312 0.855556 0.113542 0.144444
15 0.616818 0.260434 0.223732 0.238190
77 0.616818 0.178014 0.112500 0.043449
9 0.617188 0.289815 0.198958 0.142593
76 0.692187 0.175000 0.021875 0.027778
18 0.131590 0.824807 0.223192 0.240044
77 0.131590 0.739900 0.150427 0.040741
54 0.131250 0.851852 0.197917 0.148148
17 0.859207 0.550477 0.225947 0.252688
77 0.859207 0.463537 0.146476 0.046932
4 0.858854 0.580556 0.201042 0.153704
7 0.130663 0.546844 0.217041 0.245115
77 0.130663 0.460202 0.121076 0.040741
50 0.130208 0.574074 0.191667 0.151852
15 0.614849 0.544080 0.224824 0.242567
77 0.601105 0.462789 0.132272 0.045140
85 0.614583 0.573148 0.200000 0.146296
37 0.690104 0.456481 0.021875 0.027778
20 0.372552 0.272568 0.217750 0.253040
77 0.372552 0.185926 0.135151 0.044738
45 0.372917 0.301852 0.116667 0.148148
23 0.435937 0.177778 0.019792 0.025926
15 0.132071 0.260417 0.224019 0.238017
77 0.138578 0.180982 0.139643 0.041988
35 0.131771 0.288889 0.105208 0.133333
17 0.860730 0.259709 0.216823 0.244730
77 0.860730 0.173044 0.126858 0.040741
20 0.860417 0.287037 0.191667 0.151852
