77 0.500000 0.072222 0.440000 0.077778
8 0.139416 0.262321 0.220786 0.242493
77 0.139416 0.179188 0.135722 0.040741
19 0.139583 0.289815 0.195833 0.150000
76 0.218229 0.171296 0.019792 0.024074
17 0.618945 0.545011 0.225489 0.249970
77 0.618945 0.455906 0.112500 0.045625
53 0.618750 0.575926 0.108333 0.137037
16 0.376413 0.830583 0.223678 0.247506
77 0.348250 0.746761 0.140864 0.041070
74 0.376563 0.859259 0.119792 0.151852
7 0.860070 0.267627 0.215500 0.237412
77 0.860070 0.187868 0.155886 0.042958
2 0.859896 0.297222 0.190625 0.142593
7 0.857383 0.549915 0.217827 0.244371
77 0.857383 0.470525 0.131095 0.048178
48 0.857812 0.581481 0.192708 0.144444
9 0.139389 0.832795 0.225847 0.250205
77 0.168840 0.746357 0.124722 0.040741
35 0.139063 0.860185 0.111458 0.142593
18 0.376954 0.549629 0.218614 0.238332
77 0.376954 0.468573 0.169065 0.040741
74 0.377083 0.576852 0.108333 0.138889
7 0.135674 0.545298 0.215841 0.237658
77 0.126676 0.462185 0.147994 0.040741
65 0.135937 0.572222 0.190625 0.144444
9 0.616768 0.262179 0.221026 0.249517
77 0.616768 0.178326 0.160387 0.049618
43 0.616667 0.294444 0.114583 0.144444
76 0.686979 0.171296 0.021875 0.027778
9 0.383322 0.266797 0.226449 0.248989
77 0.343258 0.182442 0.112500 0.040741
57 0.382812 0.294444 0.201042 0.155556
