77 0.500000 0.072222 0.440000 0.077778
11 0.860571 0.261459 0.221723 0.240985
77 0.860571 0.180937 0.135475 0.040741
29 0.860417 0.288889 0.108333 0.137037
14 0.133648 0.821944 0.225265 0.240806
77 0.133648 0.738169 0.123730 0.040741
70 0.133333 0.850000 0.200000 0.148148
18 0.374072 0.549648 0.223436 0.238129
77 0.374072 0.467450 0.112500 0.046376
76 0.374479 0.579630 0.098958 0.125926
8 0.614755 0.542805 0.222341 0.248100
77 0.625761 0.456991 0.166043 0.040741
88 0.615104 0.570370 0.196875 0.155556
15 0.377637 0.266467 0.218956 0.245351
77 0.396595 0.186263 0.157484 0.048219
46 0.378125 0.298148 0.193750 0.144444
15 0.866361 0.548425 0.226152 0.254258
77 0.834263 0.459396 0.133512 0.040741
86 0.866146 0.576852 0.201042 0.161111
31 0.944271 0.458333 0.030208 0.038889
15 0.138938 0.544124 0.223312 0.241281
77 0.138938 0.461324 0.164344 0.040741
75 0.138542 0.572222 0.197917 0.148148
13 0.130460 0.263249 0.219404 0.245933
77 0.101125 0.180983 0.125831 0.045986
71 0.130729 0.294444 0.194792 0.148148
23 0.207292 0.176852 0.025000 0.031481
20 0.624236 0.276256 0.225018 0.249354
77 0.624236 0.192427 0.131404 0.043515
77 0.624479 0.305556 0.198958 0.014815
17 0.377092 0.835917 0.220391 0.247652
77 0.377092 0.750832 0.112500 0.040741
85 0.377083 0.862963 0.195833 0.155556
63 0.440625 0.742593 0.016667 0.022222
