77 0.500000 0.072222 0.440000 0.077778
13 0.142367 0.836989 0.225621 0.249732
77 0.140798 0.751251 0.112500 0.040741
87 0.142187 0.863889 0.201042 0.157407
7 0.132323 0.269395 0.221202 0.237815
77 0.132323 0.185016 0.112500 0.040741
74 0.132292 0.297222 0.104167 0.131481
27 0.201042 0.187963 0.025000 0.031481
8 0.621938 0.548191 0.224912 0.243479
77 0.621938 0.462699 0.146163 0.046286
70 0.621875 0.579630 0.200000 0.144444
13 0.863353 0.543104 0.225596 0.245860
77 0.821861 0.461259 0.121486 0.047597
29 0.863542 0.575000 0.104167 0.131481
13 0.375396 0.263992 0.219866 0.249914
77 0.357209 0.173692 0.147742 0.041677
31 0.375000 0.292593 0.116667 0.148148
10 0.618038 0.261702 0.224305 0.244434
77 0.618038 0.175561 0.131489 0.045161
50 0.618229 0.292593 0.198958 0.148148
8 0.374896 0.833186 0.220277 0.242874
77 0.374896 0.749531 0.158788 0.040741
61 0.374479 0.860185 0.194792 0.150000
63 0.443229 0.743519 0.019792 0.024074
20 0.382607 0.554371 0.224555 0.253037
77 0.382607 0.467991 0.163326 0.040741
14 0.382292 0.582407 0.200000 0.161111
27 0.450000 0.459259 0.020833 0.025926
18 0.859139 0.270496 0.217081 0.242704
77 0.855489 0.184962 0.156119 0.040741
19 0.859375 0.299074 0.191667 0.150000
23 0.932292 0.178704 0.016667 0.020370
8 0.141619 0.556213 0.225269 0.248943
77 0.141619 0.469477 0.152335 0.043803
16 0.141667 0.586111 0.200000 0.153704
28 0.221354 0.469444 0.030208 0.038889
