77 0.500000 0.072222 0.440000 0.077778
17 0.854511 0.551849 0.221719 0.252443
77 0.861258 0.465596 0.112500 0.040741
25 0.854167 0.578704 0.120833 0.153704
32 0.921875 0.462037 0.027083 0.035185
14 0.618770 0.546329 0.218940 0.251935
77 0.589070 0.457357 0.126253 0.043036
27 0.619271 0.575926 0.117708 0.148148
10 0.614555 0.264137 0.222668 0.247934
77 0.614555 0.175589 0.166671 0.043105
17 0.614583 0.293519 0.197917 0.153704
8 0.375683 0.829313 0.215973 0.254461
77 0.387401 0.741925 0.138468 0.045154
44 0.375521 0.860185 0.107292 0.135185
27 0.451042 0.734259 0.018750 0.024074
19 0.139702 0.266012 0.222101 0.249073
77 0.139702 0.180056 0.112500 0.048473
34 0.140104 0.298148 0.065625 0.133333
19 0.129803 0.549372 0.217785 0.251838
77 0.128482 0.457429 0.161084 0.040741
69 0.129688 0.577778 0.192708 0.159259
10 0.381664 0.547566 0.221563 0.253332
77 0.381664 0.458950 0.165494 0.046097
54 0.381771 0.577778 0.196875 0.155556
18 0.855899 0.263938 0.218423 0.238523
77 0.855899 0.181615 0.125353 0.040741
82 0.856250 0.291667 0.193750 0.146296
20 0.137795 0.825581 0.221446 0.250185
77 0.137795 0.739986 0.112500 0.042725
0 0.138021 0.853704 0.196875 0.155556
19 0.372399 0.270842 0.215317 0.239215
77 0.372399 0.187609 0.142307 0.040741
60 0.372396 0.299074 0.190625 0.146296
23 0.440625 0.182407 0.018750 0.024074
