77 0.500000 0.072222 0.440000 0.077778
20 0.856411 0.266964 0.220453 0.243444
77 0.835247 0.187893 0.112500 0.048469
89 0.856250 0.299074 0.112500 0.142593
20 0.130950 0.552641 0.217564 0.255167
77 0.164161 0.466568 0.121518 0.047939
44 0.130729 0.584259 0.115625 0.146296
29 0.208854 0.462037 0.028125 0.035185
13 0.384419 0.830273 0.226257 0.240031
77 0.384419 0.751150 0.152193 0.042797
73 0.384375 0.859259 0.110417 0.140741
10 0.134935 0.824119 0.222405 0.248077
77 0.134935 0.740490 0.127445 0.047923
16 0.135417 0.855556 0.197917 0.148148
37 0.207813 0.729630 0.017708 0.022222
11 0.617149 0.261267 0.217490 0.247666
77 0.617149 0.173174 0.137368 0.040741
66 0.617188 0.288889 0.192708 0.155556
20 0.137658 0.267974 0.225226 0.251764
77 0.137658 0.180453 0.159834 0.041035
67 0.137500 0.296296 0.200000 0.159259
9 0.623443 0.553184 0.224704 0.247087
77 0.623443 0.466575 0.112500 0.047520
6 0.623958 0.585185 0.200000 0.148148
20 0.374592 0.542648 0.217195 0.242556
77 0.374592 0.461146 0.140802 0.043722
60 0.374479 0.571296 0.192708 0.146296
27 0.446354 0.453704 0.019792 0.025926
14 0.862166 0.555229 0.224704 0.250705
77 0.862166 0.466281 0.143965 0.040741
4 0.862500 0.582407 0.200000 0.157407
15 0.382068 0.267184 0.221500 0.251562
77 0.382068 0.186037 0.157569 0.050088
3 0.382292 0.299074 0.139583 0.138889
76 0.457292 0.172222 0.016667 0.022222
