77 0.500000 0.072222 0.440000 0.077778
11 0.861199 0.539068 0.217558 0.238113
77 0.869898 0.455215 0.152780 0.040741
12 0.860938 0.567593 0.192708 0.146296
16 0.376739 0.550274 0.214249 0.245132
77 0.376739 0.468034 0.112500 0.042998
13 0.377083 0.578704 0.189583 0.150000
11 0.859488 0.271147 0.225222 0.251403
77 0.852830 0.185226 0.112500 0.040741
82 0.859375 0.298148 0.200000 0.159259
19 0.135599 0.556470 0.218031 0.246607
77 0.135599 0.469048 0.112500 0.040992
74 0.135417 0.585185 0.114583 0.144444
7 0.135904 0.268029 0.222727 0.239935
77 0.135904 0.185147 0.155518 0.040741
49 0.135417 0.296296 0.197917 0.148148
28 0.209375 0.178704 0.018750 0.024074
20 0.140844 0.830243 0.221375 0.244363
77 0.140844 0.743405 0.163947 0.042621
78 0.141146 0.858333 0.196875 0.150000
7 0.616679 0.558826 0.223289 0.251528
77 0.589910 0.470718 0.125310 0.043025
4 0.616667 0.587963 0.197917 0.157407
17 0.375138 0.827369 0.225968 0.241795
77 0.375138 0.744729 0.155573 0.047762
30 0.375521 0.859259 0.107292 0.137037
12 0.614513 0.265773 0.224176 0.245823
77 0.640115 0.177948 0.150855 0.040741
23 0.614062 0.293519 0.105208 0.135185
62 0.695833 0.179630 0.027083 0.033333
7 0.378394 0.268544 0.219934 0.250471
77 0.351199 0.181079 0.128402 0.040741
84 0.378646 0.297222 0.194792 0.157407
