77 0.500000 0.072222 0.440000 0.077778
17 0.378903 0.549741 0.221829 0.243629
77 0.370935 0.468823 0.160139 0.043592
28 0.379167 0.578704 0.100000 0.127778
23 0.453646 0.460185 0.019792 0.024074
8 0.140943 0.548437 0.224727 0.245686
77 0.140943 0.459992 0.139038 0.040741
47 0.140625 0.576852 0.200000 0.153704
11 0.859684 0.270125 0.225244 0.255533
77 0.859684 0.175893 0.128483 0.040741
64 0.859375 0.297222 0.118750 0.150000
11 0.613868 0.552708 0.216634 0.252920
77 0.591155 0.461995 0.126264 0.042239
76 0.613542 0.581481 0.118750 0.151852
10 0.376289 0.261416 0.217827 0.243542
77 0.376289 0.182950 0.142604 0.048507
36 0.376563 0.293519 0.192708 0.142593
15 0.135897 0.837779 0.223959 0.250518
77 0.162664 0.748891 0.125591 0.044108
44 0.135937 0.866667 0.113542 0.144444
10 0.618463 0.257455 0.221969 0.239183
77 0.618463 0.173203 0.136972 0.044594
86 0.618229 0.287963 0.196875 0.142593
14 0.377038 0.825720 0.226156 0.237986
77 0.383995 0.747746 0.115019 0.044473
48 0.376563 0.855556 0.201042 0.140741
7 0.139582 0.260977 0.225265 0.244794
77 0.139582 0.178007 0.152224 0.040741
54 0.139583 0.288889 0.200000 0.151852
31 0.214583 0.173148 0.025000 0.031481
19 0.855281 0.556378 0.217149 0.250493
77 0.894191 0.468408 0.112500 0.040741
10 0.855208 0.584259 0.191667 0.157407
