77 0.500000 0.072222 0.440000 0.077778
7 0.141141 0.551971 0.222864 0.243962
77 0.149469 0.470731 0.112500 0.043196
26 0.140625 0.581481 0.197917 0.148148
76 0.210938 0.464815 0.023958 0.029630
17 0.373371 0.275109 0.220133 0.252934
77 0.373371 0.184901 0.141289 0.040741
53 0.373437 0.302778 0.119792 0.153704
10 0.613609 0.547213 0.222362 0.247469
77 0.620645 0.463360 0.165302 0.047875
7 0.614062 0.577778 0.196875 0.148148
31 0.689063 0.454630 0.019792 0.024074
13 0.140736 0.268271 0.223665 0.244482
77 0.140736 0.183579 0.148740 0.040741
33 0.141146 0.296296 0.109375 0.140741
27 0.221354 0.178704 0.021875 0.027778
16 0.619927 0.268451 0.217538 0.247928
77 0.619927 0.184184 0.144239 0.041090
24 0.620313 0.296296 0.113542 0.144444
19 0.376241 0.835756 0.218918 0.244645
77 0.376224 0.749342 0.130468 0.040946
69 0.376042 0.862963 0.193750 0.151852
29 0.444271 0.748148 0.026042 0.033333
12 0.376104 0.546487 0.222769 0.238755
77 0.372557 0.462341 0.136347 0.040741
44 0.376042 0.575000 0.114583 0.146296
15 0.854962 0.272232 0.221140 0.245395
77 0.886957 0.188502 0.116156 0.040897
60 0.855208 0.300000 0.195833 0.151852
17 0.858407 0.551808 0.221490 0.249907
77 0.814386 0.466507 0.112500 0.043986
49 0.858854 0.580556 0.196875 0.153704
17 0.132040 0.836504 0.219253 0.249100
77 0.102790 0.751586 0.112500 0.040741
56 0.132292 0.863889 0.193750 0.157407
37 0.204687 0.742593 0.019792 0.025926
