77 0.500000 0.072222 0.440000 0.077778
12 0.374900 0.842018 0.217846 0.255368
77 0.354436 0.752481 0.112500 0.043655
6 0.374479 0.870370 0.192708 0.159259
17 0.862583 0.271283 0.222818 0.247047
77 0.862583 0.188168 0.132648 0.041229
59 0.862500 0.299074 0.197917 0.153704
16 0.135277 0.550131 0.216076 0.250164
77 0.135277 0.461353 0.112500 0.041163
28 0.134896 0.577778 0.111458 0.140741
31 0.198958 0.455556 0.016667 0.022222
11 0.137307 0.837318 0.226382 0.248582
77 0.137307 0.753112 0.120230 0.045002
40 0.136979 0.866667 0.201042 0.151852
29 0.210417 0.750000 0.029167 0.037037
15 0.620774 0.546929 0.218083 0.237945
77 0.628041 0.467647 0.112500 0.040741
57 0.620313 0.574074 0.192708 0.144444
23 0.696875 0.462963 0.022917 0.029630
13 0.138699 0.264146 0.220205 0.239419
77 0.138699 0.179670 0.167659 0.040741
75 0.139063 0.291667 0.194792 0.146296
17 0.858191 0.546505 0.214865 0.251653
77 0.880657 0.458365 0.112500 0.045526
54 0.858333 0.576852 0.189583 0.153704
11 0.371481 0.267627 0.215162 0.252064
77 0.371481 0.179203 0.117747 0.048118
52 0.371354 0.300000 0.190625 0.151852
62 0.444271 0.178704 0.028125 0.035185
7 0.375211 0.551485 0.217643 0.243009
77 0.375211 0.468560 0.142281 0.040741
3 0.375521 0.578704 0.142708 0.142593
19 0.616057 0.260003 0.216457 0.243692
77 0.616057 0.176597 0.165642 0.041137
79 0.615625 0.287963 0.191667 0.150000
