77 0.500000 0.072222 0.440000 0.077778
15 0.614185 0.266941 0.216337 0.237223
77 0.614185 0.186816 0.133954 0.040741
27 0.614583 0.294444 0.110417 0.140741
15 0.861830 0.263822 0.221347 0.238063
77 0.865593 0.185828 0.171048 0.044120
62 0.861458 0.292593 0.110417 0.140741
17 0.373137 0.821871 0.216041 0.240760
77 0.349151 0.736979 0.125254 0.042577
1 0.373437 0.850926 0.190625 0.146296
15 0.856374 0.546232 0.220063 0.237199
77 0.870596 0.466239 0.149515 0.040741
25 0.856250 0.574074 0.110417 0.140741
20 0.373419 0.260405 0.222794 0.243417
77 0.373419 0.173279 0.152042 0.040741
72 0.373437 0.287963 0.109375 0.138889
20 0.136195 0.553464 0.222533 0.243928
77 0.136195 0.466159 0.140913 0.040741
0 0.136458 0.581481 0.197917 0.151852
63 0.203125 0.464815 0.020833 0.025926
15 0.616168 0.554780 0.220418 0.247117
77 0.616168 0.467955 0.127339 0.045695
2 0.616667 0.584259 0.195833 0.150000
29 0.682292 0.465741 0.025000 0.031481
8 0.134595 0.842081 0.222913 0.255427
77 0.145197 0.751828 0.157726 0.040741
51 0.134375 0.870370 0.197917 0.162963
76 0.211458 0.749074 0.025000 0.031481
18 0.372229 0.548107 0.222126 0.249439
77 0.372229 0.462162 0.122520 0.040741
68 0.372396 0.575000 0.196875 0.157407
14 0.134640 0.262701 0.223844 0.248365
77 0.127396 0.177776 0.112500 0.044587
43 0.134896 0.291667 0.117708 0.150000
