77 0.500000 0.072222 0.440000 0.077778
14 0.373156 0.268584 0.219497 0.251760
77 0.373156 0.178591 0.112500 0.045654
50 0.373437 0.299074 0.194792 0.153704
28 0.450521 0.182407 0.030208 0.038889
18 0.621051 0.270429 0.220175 0.250623
77 0.621051 0.180279 0.154994 0.043732
87 0.621354 0.300000 0.194792 0.155556
30 0.692708 0.181481 0.027083 0.033333
17 0.855101 0.272498 0.221639 0.244563
77 0.850126 0.190492 0.112500 0.040741
49 0.854688 0.300000 0.196875 0.151852
63 0.920312 0.188889 0.030208 0.037037
7 0.139842 0.545396 0.222064 0.246512
77 0.139842 0.458874 0.112500 0.040741
0 0.140104 0.573148 0.196875 0.153704
30 0.207292 0.457407 0.027083 0.033333
7 0.856074 0.549230 0.215237 0.254936
77 0.856074 0.461891 0.112500 0.046852
43 0.855729 0.579630 0.113542 0.144444
11 0.375527 0.826252 0.216942 0.246942
77 0.375527 0.741428 0.115546 0.046037
42 0.375521 0.856481 0.109375 0.138889
7 0.615617 0.545832 0.219329 0.240744
77 0.621321 0.465714 0.147932 0.040741
88 0.615104 0.574074 0.194792 0.148148
15 0.380471 0.557946 0.218733 0.252955
77 0.380471 0.470694 0.155515 0.047871
53 0.380208 0.589815 0.120833 0.153704
63 0.453646 0.470370 0.030208 0.037037
19 0.135900 0.824653 0.224025 0.238440
77 0.129770 0.742659 0.164205 0.042684
74 0.135417 0.853704 0.102083 0.129630
8 0.134802 0.276405 0.217894 0.251906
77 0.149398 0.185766 0.166438 0.042071
75 0.134896 0.304630 0.192708 0.157407
