77 0.500000 0.072222 0.440000 0.077778
11 0.369413 0.547443 0.214615 0.253354
77 0.369413 0.461637 0.113749 0.041937
69 0.369792 0.575926 0.189583 0.159259
7 0.143315 0.543605 0.226429 0.246735
77 0.118118 0.456316 0.150701 0.040741
60 0.143229 0.571296 0.201042 0.153704
23 0.218229 0.454630 0.023958 0.031481
18 0.382555 0.826015 0.225321 0.251518
77 0.382555 0.738643 0.154536 0.041403
16 0.382292 0.854630 0.200000 0.157407
7 0.139358 0.266976 0.221518 0.250112
77 0.095706 0.180593 0.112500 0.047520
5 0.139063 0.297222 0.196875 0.150000
20 0.129990 0.829359 0.219667 0.244497
77 0.129990 0.747088 0.158397 0.047953
0 0.129688 0.861111 0.194792 0.144444
9 0.614557 0.551411 0.216248 0.240597
77 0.614557 0.468764 0.134908 0.044411
18 0.614583 0.581481 0.191667 0.144444
32 0.677083 0.465741 0.025000 0.031481
16 0.857200 0.544160 0.222053 0.242559
77 0.857200 0.462091 0.139063 0.041988
62 0.857292 0.572222 0.116667 0.148148
9 0.381021 0.266821 0.219818 0.242596
77 0.381021 0.184166 0.142346 0.048064
61 0.380729 0.299074 0.194792 0.142593
14 0.856816 0.265132 0.218506 0.245613
77 0.856816 0.179231 0.122122 0.047100
89 0.856771 0.295370 0.101042 0.127778
31 0.919271 0.175926 0.019792 0.025926
10 0.624041 0.274583 0.224542 0.252344
77 0.623273 0.186529 0.169646 0.041565
70 0.623958 0.301852 0.200000 0.159259
76 0.696875 0.180556 0.018750 0.024074
