77 0.500000 0.072222 0.440000 0.077778
12 0.382484 0.277954 0.225661 0.255441
77 0.382484 0.187891 0.174775 0.040741
38 0.382812 0.305556 0.201042 0.162963
11 0.136390 0.832062 0.216272 0.247102
77 0.136390 0.742575 0.122127 0.040741
73 0.135937 0.860185 0.109375 0.138889
30 0.198958 0.743519 0.025000 0.031481
11 0.860760 0.544784 0.224922 0.241419
77 0.860760 0.460205 0.120904 0.040741
48 0.860417 0.572222 0.200000 0.148148
28 0.927604 0.459259 0.026042 0.033333
12 0.373269 0.543124 0.218625 0.248851
77 0.383035 0.457280 0.141869 0.044033
53 0.372917 0.572222 0.118750 0.151852
9 0.135147 0.277136 0.220174 0.252817
77 0.173759 0.188918 0.112500 0.040741
20 0.134896 0.304630 0.194792 0.161111
23 0.198437 0.181481 0.017708 0.022222
16 0.619462 0.559734 0.214639 0.253421
77 0.651913 0.476874 0.112500 0.050567
56 0.619792 0.592593 0.189583 0.151852
20 0.133533 0.555220 0.219674 0.245899
77 0.133533 0.470295 0.112500 0.040741
26 0.133854 0.582407 0.194792 0.153704
14 0.616164 0.260752 0.217456 0.246133
77 0.616164 0.180788 0.117851 0.047940
52 0.616146 0.291667 0.192708 0.146296
8 0.863537 0.265856 0.225770 0.240552
77 0.899009 0.188288 0.115613 0.045133
44 0.863021 0.296296 0.098958 0.125926
29 0.945833 0.176852 0.018750 0.024074
14 0.376882 0.829091 0.216626 0.243203
77 0.376882 0.749026 0.157820 0.042952
35 0.376563 0.858333 0.109375 0.138889
