77 0.500000 0.072222 0.440000 0.077778
16 0.859696 0.548587 0.222284 0.249100
77 0.881390 0.466337 0.143039 0.045448
84 0.859896 0.579630 0.196875 0.151852
9 0.369925 0.550790 0.214598 0.241934
77 0.369925 0.471782 0.139229 0.044174
12 0.369792 0.580556 0.189583 0.146296
14 0.374603 0.266289 0.217373 0.244112
77 0.374603 0.183183 0.112500 0.040741
39 0.374479 0.294444 0.192708 0.151852
11 0.612663 0.267883 0.217976 0.241697
77 0.612663 0.181294 0.112500 0.040956
47 0.613021 0.296296 0.192708 0.148148
31 0.675521 0.176852 0.015625 0.020370
7 0.134307 0.820272 0.216026 0.238265
77 0.134307 0.739238 0.119209 0.044245
58 0.133854 0.849074 0.190625 0.142593
10 0.137944 0.549905 0.224714 0.244201
77 0.125391 0.466694 0.134685 0.040741
72 0.138021 0.576852 0.103125 0.131481
15 0.862614 0.265713 0.226376 0.242061
77 0.862614 0.184355 0.123374 0.044178
48 0.863021 0.295370 0.201042 0.146296
63 0.935417 0.180556 0.025000 0.031481
7 0.619880 0.546440 0.226393 0.251963
77 0.619880 0.455187 0.147727 0.040741
28 0.620313 0.574074 0.113542 0.144444
13 0.371736 0.827614 0.219905 0.251156
77 0.371736 0.741601 0.155806 0.046450
81 0.371354 0.858333 0.194792 0.153704
7 0.132948 0.266501 0.222860 0.239344
77 0.111720 0.184484 0.120143 0.040919
73 0.132812 0.293519 0.103125 0.131481
