77 0.500000 0.072222 0.440000 0.077778
7 0.857190 0.547058 0.225163 0.245160
77 0.838648 0.465009 0.166031 0.043806
30 0.857292 0.576852 0.106250 0.135185
29 0.934896 0.459259 0.023958 0.029630
7 0.139879 0.833196 0.224633 0.243908
77 0.139879 0.745430 0.134110 0.041468
35 0.140104 0.861111 0.107292 0.137037
27 0.209896 0.745370 0.021875 0.027778
20 0.858567 0.275810 0.222981 0.247987
77 0.858567 0.191160 0.150322 0.040741
80 0.858333 0.303704 0.197917 0.155556
8 0.370433 0.549577 0.217706 0.242769
77 0.361953 0.461905 0.112500 0.040741
61 0.370312 0.576852 0.192708 0.150000
29 0.436979 0.459259 0.019792 0.025926
16 0.617234 0.552485 0.216091 0.238520
77 0.617234 0.473080 0.160900 0.040741
70 0.617188 0.580556 0.190625 0.146296
18 0.133912 0.256999 0.217668 0.238508
77 0.133912 0.173936 0.142987 0.043696
87 0.133854 0.286111 0.192708 0.142593
10 0.378609 0.827179 0.217203 0.249711
77 0.378609 0.737860 0.119280 0.040741
68 0.378646 0.854630 0.192708 0.157407
11 0.623216 0.261924 0.225287 0.246449
77 0.623216 0.175212 0.112500 0.041018
10 0.622917 0.289815 0.200000 0.153704
31 0.699479 0.170370 0.017708 0.022222
8 0.128850 0.540871 0.215585 0.242085
77 0.140101 0.460388 0.146748 0.045178
77 0.128646 0.570370 0.182292 0.014815
9 0.378565 0.269726 0.217022 0.249364
77 0.360661 0.183185 0.149148 0.048793
19 0.378125 0.301852 0.191667 0.148148
