77 0.500000 0.072222 0.440000 0.077778
13 0.379038 0.274890 0.224732 0.251669
77 0.379038 0.182888 0.112500 0.040741
56 0.379167 0.301852 0.200000 0.159259
7 0.131029 0.559012 0.216182 0.252900
77 0.104472 0.466359 0.134178 0.040741
61 0.131250 0.586111 0.191667 0.161111
19 0.857456 0.259267 0.223896 0.243534
77 0.848296 0.178470 0.157378 0.042008
31 0.857292 0.287963 0.114583 0.146296
11 0.138701 0.267028 0.221289 0.243762
77 0.138701 0.179193 0.162476 0.040741
17 0.138542 0.294444 0.195833 0.151852
62 0.205208 0.180556 0.025000 0.031481
10 0.375010 0.830250 0.217697 0.252351
77 0.375396 0.740701 0.125412 0.040741
73 0.375000 0.858333 0.114583 0.146296
20 0.623959 0.275934 0.224054 0.250442
77 0.623897 0.188251 0.163056 0.040741
44 0.624479 0.304630 0.117708 0.150000
19 0.861988 0.558174 0.216801 0.254083
77 0.861988 0.464601 0.129988 0.040741
7 0.862500 0.586111 0.191667 0.161111
7 0.619157 0.545850 0.214538 0.246016
77 0.643378 0.458581 0.144803 0.040741
12 0.618750 0.573148 0.189583 0.153704
30 0.694271 0.461111 0.028125 0.037037
19 0.373534 0.543540 0.220407 0.240739
77 0.387807 0.457714 0.122353 0.040741
60 0.373958 0.572222 0.195833 0.148148
30 0.452604 0.459259 0.028125 0.037037
20 0.131398 0.837983 0.217586 0.253451
77 0.131398 0.749800 0.112500 0.040741
80 0.131771 0.865741 0.192708 0.161111
23 0.202604 0.742593 0.019792 0.025926
