77 0.500000 0.072222 0.440000 0.077778
17 0.610933 0.272431 0.215167 0.249072
77 0.609849 0.190266 0.123693 0.049529
57 0.610938 0.303704 0.190625 0.148148
30 0.672917 0.181481 0.020833 0.025926
17 0.132280 0.556452 0.214527 0.254845
77 0.142823 0.466753 0.134521 0.040839
66 0.132292 0.585185 0.189583 0.162963
76 0.198958 0.463889 0.025000 0.031481
17 0.376358 0.552075 0.217461 0.247408
77 0.376358 0.464342 0.165127 0.042855
67 0.376563 0.581481 0.192708 0.151852
7 0.131020 0.263883 0.219393 0.239892
77 0.158727 0.181831 0.112500 0.040741
33 0.130729 0.291667 0.113542 0.146296
15 0.618955 0.540373 0.214077 0.242389
77 0.634955 0.455818 0.152645 0.040741
29 0.619271 0.567593 0.115625 0.146296
19 0.382992 0.830454 0.224517 0.254875
77 0.382992 0.743497 0.112500 0.049609
70 0.383333 0.862037 0.200000 0.153704
7 0.857250 0.266135 0.220963 0.250421
77 0.857250 0.180014 0.112500 0.048210
58 0.857292 0.297222 0.195833 0.150000
10 0.380942 0.268193 0.224890 0.249180
77 0.380942 0.185776 0.112500 0.043921
5 0.381250 0.297222 0.200000 0.153704
16 0.855949 0.552333 0.225358 0.246438
77 0.855949 0.468535 0.126867 0.041398
74 0.855729 0.579630 0.105208 0.133333
19 0.128399 0.831634 0.215334 0.237894
77 0.128399 0.749602 0.112500 0.040741
40 0.128646 0.859259 0.190625 0.144444
63 0.195833 0.746296 0.022917 0.029630
