77 0.500000 0.072222 0.440000 0.077778
10 0.621973 0.261027 0.219365 0.240147
77 0.621973 0.181649 0.124751 0.040741
13 0.622396 0.288889 0.194792 0.148148
10 0.133474 0.836172 0.221280 0.247986
77 0.133474 0.750788 0.112500 0.040741
79 0.133333 0.864815 0.195833 0.155556
27 0.208333 0.749074 0.025000 0.031481
8 0.858440 0.269425 0.214964 0.251086
77 0.882680 0.180646 0.112500 0.045477
47 0.858333 0.299074 0.189583 0.153704
9 0.856231 0.544406 0.225565 0.240618
77 0.847903 0.463705 0.112500 0.040741
36 0.855729 0.572222 0.201042 0.148148
14 0.374599 0.839635 0.219548 0.253502
77 0.399078 0.754424 0.141710 0.043621
8 0.374479 0.869444 0.194792 0.157407
20 0.374967 0.551722 0.221777 0.246105
77 0.374967 0.462419 0.146184 0.040741
37 0.375000 0.578704 0.112500 0.142593
16 0.130644 0.549767 0.218414 0.238404
77 0.130644 0.468839 0.163570 0.045994
85 0.130208 0.579630 0.193750 0.140741
13 0.618739 0.545943 0.215277 0.251262
77 0.621770 0.459945 0.137460 0.042239
14 0.618229 0.575000 0.190625 0.157407
19 0.382160 0.265265 0.222592 0.250532
77 0.382160 0.175705 0.167873 0.044514
32 0.382292 0.295370 0.106250 0.135185
18 0.131997 0.270767 0.220682 0.251283
77 0.131997 0.179022 0.146886 0.040741
19 0.132292 0.298148 0.195833 0.159259
