77 0.500000 0.072222 0.440000 0.077778
11 0.377446 0.822932 0.223105 0.238390
77 0.377446 0.746601 0.112500 0.045594
42 0.377083 0.852778 0.097917 0.124074
31 0.447917 0.739815 0.025000 0.031481
10 0.861981 0.268722 0.220247 0.253215
77 0.861981 0.184439 0.112500 0.046527
50 0.861979 0.300000 0.194792 0.155556
29 0.925521 0.179630 0.026042 0.033333
11 0.623923 0.544068 0.225633 0.240120
77 0.623923 0.458267 0.112500 0.040741
79 0.623437 0.572222 0.201042 0.148148
7 0.138298 0.556400 0.218527 0.252532
77 0.138298 0.467833 0.145631 0.041089
4 0.138542 0.585185 0.193750 0.159259
14 0.137114 0.822803 0.225070 0.243072
77 0.137114 0.740744 0.157800 0.040741
19 0.137500 0.850926 0.200000 0.150000
19 0.854316 0.551476 0.222118 0.250653
77 0.830741 0.467871 0.131144 0.049136
22 0.854688 0.584259 0.196875 0.150000
10 0.381060 0.270617 0.224158 0.252013
77 0.381060 0.184223 0.121683 0.040741
9 0.380729 0.298148 0.198958 0.159259
32 0.445833 0.178704 0.025000 0.031481
12 0.616396 0.270496 0.224200 0.247209
77 0.616396 0.180738 0.165114 0.040741
82 0.616146 0.299074 0.198958 0.153704
20 0.375856 0.546575 0.221366 0.253578
77 0.364867 0.461834 0.154009 0.045690
17 0.375521 0.575926 0.196875 0.155556
16 0.137938 0.272071 0.222850 0.252992
77 0.137938 0.182227 0.122994 0.046805
27 0.137500 0.302778 0.120833 0.153704
27 0.205208 0.183333 0.029167 0.037037
