77 0.500000 0.072222 0.440000 0.077778
18 0.620933 0.550489 0.226066 0.239687
77 0.620933 0.469459 0.112500 0.040741
8 0.621354 0.578704 0.201042 0.146296
20 0.619401 0.259750 0.220198 0.242215
77 0.614486 0.175189 0.151668 0.040950
24 0.619271 0.287037 0.113542 0.144444
14 0.132874 0.553050 0.220232 0.253123
77 0.132874 0.463986 0.168786 0.043317
69 0.132812 0.582407 0.194792 0.157407
30 0.201563 0.462037 0.023958 0.031481
7 0.853067 0.549836 0.216539 0.250122
77 0.867812 0.463227 0.151771 0.047181
25 0.852604 0.581481 0.107292 0.137037
32 0.918229 0.459259 0.023958 0.029630
18 0.136107 0.272727 0.223567 0.249243
77 0.144476 0.189289 0.166755 0.046119
33 0.135937 0.303704 0.113542 0.144444
17 0.381114 0.543896 0.222101 0.246853
77 0.367989 0.456211 0.112500 0.040741
64 0.380729 0.571296 0.119792 0.153704
16 0.134419 0.824755 0.219799 0.240524
77 0.134419 0.743216 0.112500 0.040741
47 0.134896 0.851852 0.194792 0.148148
14 0.371248 0.261943 0.217141 0.243534
77 0.381556 0.177291 0.154493 0.040741
32 0.370833 0.288889 0.116667 0.148148
18 0.376578 0.833752 0.214400 0.252280
77 0.360199 0.749481 0.149367 0.045337
1 0.377083 0.862963 0.189583 0.155556
37 0.439583 0.743519 0.022917 0.027778
20 0.856816 0.264041 0.226368 0.243613
77 0.874585 0.180474 0.163686 0.048692
63 0.856771 0.295370 0.103125 0.131481
