77 0.500000 0.072222 0.440000 0.077778
18 0.374104 0.541350 0.222893 0.238743
77 0.374594 0.460437 0.112500 0.040741
43 0.373958 0.568519 0.102083 0.129630
9 0.617674 0.543079 0.221221 0.246304
77 0.617674 0.459114 0.169695 0.048629
18 0.617708 0.575000 0.195833 0.146296
19 0.855613 0.267423 0.219454 0.240461
77 0.855613 0.186827 0.152193 0.041029
81 0.855729 0.294444 0.194792 0.148148
8 0.615278 0.270914 0.221072 0.249098
77 0.615278 0.184990 0.146598 0.041952
16 0.615625 0.300000 0.195833 0.155556
9 0.370222 0.259338 0.214926 0.241339
77 0.370222 0.175391 0.132559 0.040741
52 0.369792 0.287037 0.189583 0.148148
76 0.436458 0.175000 0.025000 0.031481
7 0.133708 0.550587 0.215956 0.253514
77 0.150102 0.460844 0.128607 0.040761
41 0.133333 0.577778 0.114583 0.144444
18 0.134750 0.258969 0.218736 0.238526
77 0.150047 0.174190 0.154512 0.040741
61 0.134375 0.286111 0.193750 0.146296
30 0.212500 0.172222 0.020833 0.025926
12 0.378470 0.837438 0.222902 0.246396
77 0.393580 0.753242 0.112500 0.040741
17 0.378125 0.865741 0.197917 0.153704
23 0.454688 0.747222 0.019792 0.024074
12 0.855833 0.544967 0.216961 0.243309
77 0.817459 0.461644 0.112500 0.042419
53 0.855729 0.573148 0.103125 0.131481
15 0.130009 0.826024 0.219114 0.250766
77 0.101937 0.737604 0.112500 0.045867
34 0.129688 0.855556 0.065625 0.133333
