77 0.500000 0.072222 0.440000 0.077778
18 0.129980 0.273911 0.217323 0.253880
77 0.129980 0.190476 0.112500 0.049488
78 0.129688 0.305556 0.192708 0.151852
11 0.130923 0.552659 0.214455 0.242860
77 0.170819 0.464737 0.112500 0.040741
90 0.131250 0.580556 0.189583 0.150000
10 0.612007 0.547659 0.219165 0.237262
77 0.612194 0.463426 0.139957 0.040741
74 0.612500 0.575926 0.097917 0.125926
19 0.615330 0.270691 0.221476 0.251521
77 0.639533 0.181228 0.112500 0.040741
20 0.615104 0.298148 0.196875 0.159259
12 0.369748 0.264661 0.215562 0.250537
77 0.391858 0.178064 0.145470 0.050043
88 0.369271 0.296296 0.190625 0.148148
19 0.372338 0.552543 0.222579 0.242663
77 0.372338 0.469578 0.142998 0.046226
10 0.371875 0.583333 0.197917 0.144444
8 0.130655 0.821075 0.220148 0.237278
77 0.130655 0.740502 0.155589 0.047176
39 0.130729 0.852778 0.194792 0.138889
8 0.855375 0.553885 0.214293 0.250948
77 0.855375 0.472695 0.143009 0.047953
70 0.855208 0.585185 0.189583 0.151852
8 0.852173 0.263772 0.215307 0.247351
77 0.852173 0.177826 0.131837 0.040741
44 0.852083 0.291667 0.112500 0.142593
13 0.377127 0.830765 0.215699 0.247718
77 0.377127 0.743344 0.119919 0.045213
6 0.377604 0.860185 0.190625 0.150000
28 0.451562 0.737963 0.019792 0.024074
