77 0.500000 0.072222 0.440000 0.077778
16 0.379548 0.824161 0.220475 0.240717
77 0.378487 0.739395 0.114375 0.044048
62 0.379688 0.852778 0.103125 0.131481
8 0.621925 0.552766 0.221358 0.239703
77 0.602587 0.472074 0.160235 0.040741
31 0.621875 0.580556 0.106250 0.135185
12 0.136621 0.260168 0.222575 0.239404
77 0.143830 0.179245 0.140497 0.043049
12 0.136458 0.288889 0.197917 0.144444
18 0.378449 0.543023 0.217350 0.238595
77 0.414813 0.465329 0.119718 0.045253
36 0.378646 0.572222 0.192708 0.140741
12 0.612967 0.273905 0.214579 0.246289
77 0.612967 0.194386 0.138636 0.046755
19 0.612500 0.305556 0.189583 0.148148
15 0.855574 0.549066 0.214691 0.244745
77 0.855574 0.461380 0.130644 0.040741
37 0.855208 0.576852 0.104167 0.131481
18 0.132915 0.548074 0.221297 0.250998
77 0.132915 0.457701 0.156510 0.043500
23 0.132812 0.577778 0.115625 0.148148
32 0.203646 0.459259 0.026042 0.033333
20 0.860048 0.261314 0.214597 0.245612
77 0.860048 0.178683 0.157045 0.040741
26 0.860417 0.289815 0.189583 0.153704
29 0.932813 0.171296 0.021875 0.027778
18 0.136963 0.827883 0.218889 0.244715
77 0.147986 0.742905 0.160968 0.043667
14 0.136458 0.856481 0.193750 0.150000
16 0.372233 0.268647 0.220156 0.250740
77 0.349174 0.183863 0.112500 0.046096
32 0.372396 0.300000 0.113542 0.144444
