77 0.500000 0.072222 0.440000 0.077778
12 0.862543 0.553393 0.219525 0.244321
77 0.862543 0.471388 0.140932 0.042992
51 0.863021 0.582407 0.194792 0.150000
12 0.137490 0.834014 0.226124 0.243851
77 0.137490 0.755427 0.112500 0.046663
33 0.136979 0.863889 0.111458 0.142593
14 0.135057 0.265080 0.223047 0.246297
77 0.126165 0.181940 0.167770 0.042551
87 0.135417 0.294444 0.197917 0.151852
23 0.210938 0.177778 0.026042 0.033333
19 0.854487 0.269402 0.219235 0.248377
77 0.837720 0.180561 0.155507 0.040741
85 0.854167 0.296296 0.193750 0.155556
17 0.378366 0.831333 0.225377 0.244466
77 0.378366 0.748447 0.126076 0.040741
34 0.378646 0.858333 0.073958 0.150000
10 0.615225 0.261391 0.221827 0.248353
77 0.652565 0.177402 0.123636 0.043200
78 0.615104 0.289815 0.196875 0.153704
7 0.621577 0.544576 0.221206 0.239497
77 0.621577 0.462333 0.164683 0.047284
77 0.621875 0.575000 0.179167 0.012963
27 0.701562 0.463889 0.028125 0.035185
19 0.137496 0.545345 0.219051 0.247916
77 0.137496 0.459730 0.117994 0.040741
43 0.136979 0.572222 0.113542 0.144444
30 0.201563 0.456481 0.023958 0.031481
19 0.378304 0.553952 0.215915 0.251679
77 0.378304 0.468730 0.118183 0.041491
31 0.378125 0.582407 0.112500 0.142593
8 0.369672 0.264004 0.216159 0.240692
77 0.369672 0.183358 0.112500 0.040741
80 0.369792 0.292593 0.191667 0.148148
