77 0.500000 0.072222 0.440000 0.077778
15 0.618523 0.261373 0.220822 0.239354
77 0.618523 0.178172 0.123237 0.046435
52 0.618750 0.292593 0.195833 0.140741
27 0.688021 0.177778 0.026042 0.033333
16 0.614301 0.543663 0.217902 0.237052
77 0.614301 0.461726 0.149728 0.043492
63 0.614583 0.573148 0.106250 0.135185
17 0.854274 0.558968 0.218361 0.252484
77 0.854274 0.472528 0.118497 0.040741
1 0.854167 0.587037 0.193750 0.159259
30 0.928646 0.470370 0.026042 0.033333
15 0.378894 0.841495 0.222754 0.254729
77 0.356449 0.751166 0.112500 0.044048
45 0.379167 0.870370 0.116667 0.148148
31 0.448437 0.750000 0.026042 0.033333
16 0.372683 0.268509 0.220182 0.248514
77 0.384123 0.178562 0.120288 0.040741
60 0.372396 0.296296 0.194792 0.155556
8 0.141026 0.274635 0.224683 0.248976
77 0.141026 0.191866 0.149636 0.044431
29 0.140625 0.303704 0.116667 0.148148
19 0.383152 0.546671 0.223704 0.240109
77 0.377772 0.462959 0.144812 0.045726
13 0.382812 0.576852 0.198958 0.142593
32 0.454167 0.459259 0.020833 0.025926
11 0.130287 0.548413 0.219507 0.241033
77 0.130287 0.470232 0.123881 0.046088
34 0.130729 0.578704 0.061458 0.124074
18 0.133896 0.838277 0.217532 0.249931
77 0.133896 0.752537 0.112500 0.044468
77 0.133854 0.868519 0.182292 0.014815
16 0.860135 0.265710 0.219167 0.241079
77 0.860135 0.180729 0.135483 0.040741
47 0.860417 0.292593 0.193750 0.148148
29 0.928125 0.183333 0.029167 0.037037
