77 0.500000 0.072222 0.440000 0.077778
17 0.370310 0.548785 0.214301 0.255130
77 0.370310 0.460257 0.112500 0.044128
5 0.369792 0.577778 0.189583 0.159259
10 0.134129 0.840974 0.217859 0.253105
77 0.134129 0.751278 0.146839 0.040741
81 0.133854 0.869444 0.192708 0.161111
14 0.620870 0.542835 0.225804 0.243111
77 0.602199 0.458827 0.112500 0.040827
43 0.621354 0.570370 0.115625 0.148148
32 0.696875 0.452778 0.018750 0.024074
18 0.378277 0.832917 0.217049 0.252983
77 0.378277 0.743012 0.143406 0.040741
79 0.378125 0.860185 0.191667 0.161111
14 0.861318 0.262852 0.223596 0.249815
77 0.861318 0.180871 0.133519 0.046612
25 0.860938 0.294444 0.113542 0.144444
13 0.858235 0.540230 0.215756 0.241220
77 0.858235 0.454457 0.112500 0.040741
72 0.858333 0.567593 0.106250 0.135185
14 0.613792 0.261564 0.222776 0.238909
77 0.613792 0.180374 0.153761 0.040741
59 0.613542 0.289815 0.197917 0.146296
29 0.683854 0.177778 0.026042 0.033333
10 0.376360 0.266462 0.222190 0.247559
77 0.376360 0.180435 0.115524 0.040741
36 0.376563 0.294444 0.196875 0.155556
9 0.135530 0.555269 0.216632 0.253978
77 0.135530 0.464453 0.112500 0.044168
74 0.135937 0.584259 0.123958 0.157407
12 0.138094 0.276516 0.218921 0.253407
77 0.138094 0.190737 0.140744 0.048583
65 0.138542 0.308333 0.193750 0.153704
