77 0.500000 0.072222 0.440000 0.077778
11 0.616575 0.553440 0.221293 0.246050
77 0.616355 0.465623 0.136620 0.040741
45 0.616146 0.581481 0.115625 0.148148
32 0.691667 0.468519 0.029167 0.037037
8 0.376222 0.821474 0.219679 0.237641
77 0.339846 0.740175 0.112500 0.044368
61 0.376563 0.851852 0.194792 0.140741
11 0.616686 0.270490 0.220238 0.239148
77 0.616686 0.189832 0.117778 0.045420
30 0.617188 0.300926 0.096875 0.124074
9 0.370963 0.545845 0.216267 0.237776
77 0.370963 0.467466 0.114299 0.040933
49 0.370833 0.574074 0.191667 0.144444
17 0.857896 0.540544 0.217228 0.242920
77 0.857896 0.456136 0.124998 0.047794
55 0.857812 0.571296 0.192708 0.142593
8 0.381232 0.266237 0.222810 0.246695
77 0.381232 0.179531 0.173752 0.042599
14 0.381250 0.294444 0.197917 0.151852
11 0.139652 0.820793 0.222310 0.241178
77 0.139652 0.736333 0.112500 0.040741
87 0.140104 0.848148 0.196875 0.148148
15 0.131795 0.545274 0.220673 0.247428
77 0.131795 0.459499 0.112500 0.040741
74 0.131771 0.572222 0.107292 0.137037
9 0.860033 0.262480 0.219815 0.242089
77 0.869134 0.180192 0.171281 0.047037
1 0.859896 0.293519 0.194792 0.142593
18 0.133033 0.267284 0.222552 0.245896
77 0.165381 0.184596 0.112500 0.041768
67 0.133333 0.296296 0.197917 0.151852
