77 0.500000 0.072222 0.440000 0.077778
11 0.133618 0.267507 0.214087 0.237827
77 0.133618 0.182318 0.124567 0.040741
45 0.133854 0.294444 0.098958 0.125926
12 0.131168 0.826827 0.219348 0.243181
77 0.131168 0.744742 0.155669 0.044034
41 0.131250 0.855556 0.108333 0.137037
20 0.622118 0.551829 0.222467 0.239906
77 0.622118 0.471983 0.112500 0.040741
87 0.621875 0.579630 0.197917 0.148148
37 0.686979 0.467593 0.028125 0.035185
14 0.855894 0.546253 0.223720 0.246994
77 0.857861 0.459623 0.170199 0.042705
9 0.855729 0.575926 0.198958 0.151852
19 0.376445 0.560285 0.223824 0.254539
77 0.366195 0.472665 0.112500 0.050529
12 0.376563 0.592593 0.198958 0.151852
16 0.381797 0.830235 0.223431 0.254881
77 0.381797 0.742372 0.134138 0.050180
5 0.382292 0.862037 0.197917 0.153704
11 0.376247 0.263539 0.217199 0.244225
77 0.356660 0.176689 0.131059 0.042638
55 0.376563 0.291667 0.192708 0.150000
14 0.135729 0.554056 0.219966 0.254188
77 0.135729 0.461987 0.112500 0.040741
74 0.135937 0.582407 0.117708 0.150000
11 0.862014 0.262923 0.226480 0.244577
77 0.862014 0.180153 0.118364 0.043813
21 0.861979 0.292593 0.201042 0.148148
20 0.622091 0.270866 0.224757 0.246800
77 0.635089 0.190310 0.158642 0.045178
66 0.621875 0.300926 0.200000 0.150000
