77 0.500000 0.072222 0.440000 0.077778
16 0.373767 0.834761 0.222253 0.240727
77 0.373767 0.750944 0.112500 0.044446
16 0.373437 0.864815 0.196875 0.144444
29 0.454167 0.752778 0.027083 0.035185
11 0.134872 0.541720 0.222509 0.240833
77 0.134872 0.455763 0.155093 0.040741
56 0.134375 0.570370 0.197917 0.148148
31 0.206250 0.458333 0.025000 0.031481
10 0.132469 0.833133 0.220267 0.251616
77 0.113896 0.747858 0.149093 0.046311
22 0.132812 0.863889 0.194792 0.153704
12 0.376940 0.260669 0.214875 0.239889
77 0.376940 0.174617 0.137829 0.040741
48 0.377083 0.288889 0.189583 0.148148
37 0.448437 0.177778 0.026042 0.033333
14 0.620553 0.277490 0.222529 0.251518
77 0.576722 0.190972 0.112500 0.042128
40 0.620833 0.306481 0.197917 0.157407
7 0.863419 0.543796 0.226439 0.241349
77 0.863419 0.457590 0.143100 0.040741
1 0.863021 0.572222 0.201042 0.148148
29 0.932813 0.453704 0.017708 0.022222
18 0.612743 0.547699 0.215099 0.247075
77 0.628504 0.460962 0.125594 0.043124
80 0.612500 0.575926 0.189583 0.151852
20 0.129967 0.265307 0.216582 0.250109
77 0.151897 0.178976 0.140360 0.045431
77 0.129688 0.295370 0.176042 0.012963
23 0.205729 0.178704 0.030208 0.038889
8 0.370212 0.556417 0.217311 0.248925
77 0.370212 0.471212 0.162331 0.040741
68 0.370312 0.583333 0.192708 0.155556
9 0.860413 0.264985 0.221145 0.238492
77 0.851059 0.186896 0.170205 0.047046
24 0.859896 0.295370 0.101042 0.127778
28 0.929167 0.176852 0.018750 0.024074
