77 0.500000 0.072222 0.440000 0.077778
7 0.375577 0.832132 0.215161 0.238380
77 0.375577 0.746279 0.112500 0.040741
44 0.375521 0.859259 0.107292 0.137037
20 0.134221 0.826520 0.222736 0.250209
77 0.134221 0.741303 0.112500 0.040741
15 0.134375 0.854630 0.197917 0.157407
13 0.133868 0.549001 0.219108 0.245339
77 0.133868 0.465950 0.122120 0.044408
0 0.134375 0.578704 0.193750 0.150000
12 0.856851 0.554731 0.219624 0.249834
77 0.880270 0.469121 0.112500 0.044388
50 0.856771 0.584259 0.194792 0.153704
20 0.617071 0.257417 0.223915 0.240749
77 0.628159 0.179726 0.150682 0.044971
85 0.617188 0.287037 0.198958 0.144444
16 0.139988 0.270935 0.226207 0.239895
77 0.139988 0.184837 0.166439 0.040741
34 0.139583 0.299074 0.066667 0.135185
29 0.206250 0.186111 0.025000 0.031481
9 0.376861 0.546428 0.221698 0.251905
77 0.376861 0.455338 0.112500 0.040741
13 0.376563 0.574074 0.196875 0.159259
15 0.370268 0.276925 0.215288 0.254434
77 0.342853 0.188970 0.123782 0.040741
58 0.370312 0.304630 0.190625 0.161111
19 0.862600 0.277745 0.223406 0.252916
77 0.862600 0.188478 0.112500 0.040741
71 0.862500 0.304630 0.197917 0.161111
12 0.621075 0.540565 0.221073 0.237513
77 0.629208 0.456024 0.163404 0.041780
10 0.620833 0.568519 0.195833 0.144444
37 0.695833 0.452778 0.018750 0.024074
