77 0.500000 0.072222 0.440000 0.077778
16 0.134656 0.554989 0.219055 0.254816
77 0.134656 0.466863 0.148868 0.043441
10 0.134375 0.583333 0.193750 0.159259
62 0.210938 0.465741 0.028125 0.035185
12 0.142043 0.273446 0.225093 0.252723
77 0.142043 0.185572 0.112500 0.042080
69 0.141667 0.301852 0.200000 0.159259
76 0.217188 0.183333 0.028125 0.037037
10 0.373805 0.544021 0.218164 0.238216
77 0.363841 0.462570 0.141017 0.040741
28 0.373958 0.572222 0.108333 0.137037
20 0.131031 0.820169 0.215347 0.238363
77 0.131031 0.740400 0.112500 0.043283
57 0.130729 0.849074 0.190625 0.142593
27 0.200000 0.733333 0.020833 0.025926
8 0.616769 0.274822 0.216998 0.253053
77 0.639402 0.187193 0.145647 0.044225
62 0.617188 0.303704 0.113542 0.144444
12 0.858933 0.272601 0.216288 0.243777
77 0.832609 0.188154 0.113166 0.048120
20 0.859375 0.303704 0.191667 0.144444
17 0.854642 0.554867 0.216168 0.243921
77 0.849631 0.470731 0.146481 0.040741
0 0.854167 0.583333 0.191667 0.151852
32 0.918229 0.465741 0.019792 0.024074
13 0.615873 0.558356 0.217126 0.253735
77 0.615873 0.471738 0.112500 0.041312
31 0.616146 0.586111 0.109375 0.138889
10 0.377385 0.271400 0.217260 0.251485
77 0.383357 0.179823 0.167376 0.040873
58 0.377604 0.300000 0.192708 0.159259
17 0.379747 0.832333 0.220885 0.253331
77 0.379747 0.743241 0.112500 0.046596
37 0.380208 0.862963 0.110417 0.140741
