77 0.500000 0.072222 0.440000 0.077778
18 0.378783 0.554086 0.223122 0.251674
77 0.378783 0.473239 0.134979 0.049616
39 0.379167 0.586111 0.197917 0.150000
29 0.445833 0.464815 0.027083 0.033333
16 0.857054 0.262906 0.219356 0.250043
77 0.862561 0.173873 0.159216 0.042665
31 0.856771 0.290741 0.121875 0.155556
30 0.929688 0.174074 0.026042 0.033333
16 0.622817 0.557572 0.220883 0.253020
77 0.584734 0.470837 0.116832 0.049597
57 0.622917 0.588889 0.195833 0.151852
14 0.139582 0.272517 0.220703 0.254030
77 0.145498 0.185879 0.114093 0.042049
44 0.139583 0.301852 0.116667 0.148148
62 0.215625 0.176852 0.018750 0.024074
12 0.137471 0.543116 0.216682 0.246215
77 0.137471 0.458735 0.157465 0.044685
46 0.137500 0.573148 0.191667 0.150000
28 0.204167 0.450000 0.016667 0.022222
14 0.130721 0.827350 0.218275 0.251243
77 0.130721 0.742763 0.155401 0.048822
71 0.130208 0.858333 0.193750 0.150000
37 0.194792 0.731481 0.016667 0.022222
17 0.373386 0.272658 0.219793 0.250402
77 0.387715 0.183227 0.119413 0.040741
14 0.373437 0.300926 0.194792 0.157407
11 0.622899 0.273642 0.223953 0.250172
77 0.622899 0.190968 0.128130 0.044366
4 0.622396 0.302778 0.198958 0.153704
14 0.856260 0.548991 0.216351 0.247563
77 0.856260 0.460551 0.153963 0.040741
50 0.856250 0.575926 0.191667 0.155556
17 0.377615 0.839644 0.220858 0.255366
77 0.360365 0.753170 0.112500 0.044708
63 0.378125 0.869444 0.120833 0.153704
31 0.441146 0.750000 0.026042 0.033333
