77 0.500000 0.072222 0.440000 0.077778
8 0.863209 0.560073 0.225288 0.255401
77 0.863209 0.466958 0.159925 0.042643
10 0.863542 0.587963 0.200000 0.161111
8 0.622850 0.258543 0.222069 0.237064
77 0.623912 0.175128 0.156573 0.040741
11 0.622396 0.287037 0.196875 0.144444
28 0.693750 0.175000 0.025000 0.031481
17 0.619701 0.548959 0.222199 0.237377
77 0.619701 0.472203 0.172627 0.043366
35 0.619271 0.577778 0.111458 0.140741
15 0.378555 0.547936 0.223392 0.254006
77 0.378555 0.458594 0.123146 0.040741
44 0.378125 0.575926 0.122917 0.155556
16 0.864907 0.265744 0.223564 0.255475
77 0.864907 0.178854 0.159951 0.048025
52 0.865104 0.296296 0.198958 0.155556
14 0.135200 0.827692 0.219853 0.248291
77 0.150648 0.738062 0.142253 0.042565
42 0.135417 0.856481 0.104167 0.131481
12 0.133811 0.547269 0.222465 0.251015
77 0.151834 0.463099 0.156914 0.043292
32 0.133854 0.575926 0.111458 0.140741
62 0.209896 0.454630 0.021875 0.027778
12 0.375799 0.272468 0.223352 0.244957
77 0.375799 0.189488 0.169863 0.040741
17 0.376042 0.300000 0.197917 0.151852
10 0.374402 0.832684 0.224973 0.246904
77 0.374402 0.749779 0.118461 0.040741
3 0.373958 0.861111 0.147917 0.148148
76 0.441146 0.740741 0.019792 0.025926
11 0.135874 0.274240 0.225732 0.246988
77 0.135874 0.190228 0.126032 0.046588
12 0.135937 0.305556 0.201042 0.148148
