77 0.500000 0.072222 0.440000 0.077778
18 0.376141 0.542607 0.219954 0.248087
77 0.376141 0.457907 0.127431 0.044029
58 0.376563 0.572222 0.194792 0.151852
13 0.130058 0.837340 0.219308 0.249445
77 0.130058 0.752761 0.162874 0.043240
85 0.129688 0.865741 0.194792 0.153704
19 0.619359 0.275010 0.226545 0.255266
77 0.614246 0.181145 0.173901 0.040741
75 0.619271 0.303704 0.201042 0.162963
12 0.137579 0.257740 0.224633 0.241323
77 0.159866 0.177170 0.137400 0.040741
39 0.137500 0.285185 0.200000 0.148148
30 0.202604 0.171296 0.021875 0.027778
16 0.859654 0.271167 0.220037 0.238807
77 0.859654 0.192650 0.163372 0.042890
12 0.859896 0.300000 0.194792 0.144444
14 0.139695 0.554222 0.221038 0.245639
77 0.139695 0.472015 0.112500 0.041054
4 0.139583 0.581481 0.195833 0.151852
13 0.854110 0.545320 0.214900 0.249970
77 0.854110 0.458810 0.115544 0.045819
65 0.854167 0.575926 0.189583 0.151852
29 0.927604 0.455556 0.023958 0.029630
13 0.377002 0.826867 0.217300 0.238851
77 0.377002 0.741193 0.168879 0.040741
81 0.376563 0.854630 0.192708 0.146296
29 0.448437 0.746296 0.032292 0.040741
19 0.373248 0.266272 0.223038 0.242657
77 0.373248 0.179669 0.171372 0.042383
35 0.372917 0.294444 0.110417 0.140741
10 0.617120 0.548779 0.214578 0.237657
77 0.627653 0.468296 0.112500 0.040741
55 0.616667 0.575926 0.189583 0.144444
