77 0.500000 0.072222 0.440000 0.077778
7 0.382616 0.549538 0.222900 0.242266
77 0.397898 0.465304 0.141986 0.040741
22 0.382292 0.576852 0.197917 0.150000
12 0.377911 0.263302 0.221353 0.238047
77 0.377911 0.181331 0.115695 0.040741
64 0.377604 0.291667 0.101042 0.127778
17 0.138643 0.547650 0.221554 0.253347
77 0.155399 0.456811 0.135750 0.040741
26 0.139063 0.575000 0.196875 0.161111
29 0.213021 0.455556 0.023958 0.029630
14 0.621143 0.272630 0.218868 0.247912
77 0.611607 0.191367 0.139966 0.047416
24 0.621354 0.303704 0.101042 0.129630
28 0.699479 0.181481 0.019792 0.025926
20 0.862287 0.547200 0.224723 0.254390
77 0.862287 0.461278 0.112500 0.045415
80 0.862500 0.576852 0.200000 0.157407
20 0.622810 0.543243 0.220970 0.246607
77 0.598978 0.460243 0.131083 0.040741
13 0.622917 0.571296 0.195833 0.153704
15 0.131376 0.263782 0.214901 0.244028
77 0.106606 0.176096 0.144397 0.040741
17 0.131250 0.290741 0.189583 0.151852
32 0.199479 0.178704 0.030208 0.038889
13 0.135241 0.832929 0.217885 0.247895
77 0.118250 0.744242 0.129988 0.040741
85 0.134896 0.861111 0.192708 0.155556
31 0.205208 0.743519 0.025000 0.031481
20 0.371597 0.826332 0.219248 0.244231
77 0.371597 0.738227 0.147831 0.041952
31 0.371354 0.854630 0.117708 0.150000
8 0.862440 0.271203 0.225296 0.249520
77 0.869086 0.180886 0.158987 0.040741
20 0.862500 0.299074 0.200000 0.157407
