77 0.500000 0.072222 0.440000 0.077778
13 0.136098 0.829245 0.225833 0.248622
77 0.121614 0.739312 0.165469 0.040741
46 0.135937 0.857407 0.201042 0.155556
30 0.201042 0.742593 0.027083 0.033333
19 0.377862 0.827329 0.224785 0.237188
77 0.377862 0.748104 0.112500 0.040741
39 0.378125 0.855556 0.200000 0.144444
76 0.442188 0.741667 0.021875 0.027778
14 0.382040 0.549006 0.222157 0.255329
77 0.382040 0.458084 0.142972 0.043044
80 0.381771 0.578704 0.196875 0.161111
9 0.134215 0.543724 0.223604 0.247291
77 0.134215 0.454374 0.136623 0.040741
34 0.134375 0.572222 0.070833 0.144444
7 0.854297 0.547152 0.219471 0.254898
77 0.854297 0.455242 0.124003 0.043859
62 0.854688 0.575926 0.111458 0.140741
19 0.615451 0.545026 0.219416 0.239065
77 0.615451 0.460872 0.143293 0.040741
12 0.615104 0.573148 0.194792 0.146296
19 0.375210 0.275740 0.225317 0.251526
77 0.375210 0.184267 0.159975 0.042193
8 0.375000 0.304630 0.200000 0.157407
23 0.447396 0.184259 0.021875 0.027778
7 0.129144 0.276799 0.217580 0.252693
77 0.129144 0.188831 0.112500 0.043148
3 0.128646 0.305556 0.155208 0.155556
8 0.854237 0.270658 0.219544 0.247041
77 0.854237 0.185852 0.143642 0.047989
76 0.854688 0.301852 0.105208 0.133333
14 0.621146 0.273929 0.221549 0.246623
77 0.641270 0.190432 0.159857 0.046434
27 0.621354 0.304630 0.109375 0.138889
