77 0.500000 0.072222 0.440000 0.077778
14 0.373800 0.548970 0.221138 0.247680
77 0.373800 0.461601 0.112500 0.043478
27 0.373958 0.578704 0.106250 0.135185
13 0.619915 0.267876 0.224529 0.246811
77 0.635378 0.181900 0.143738 0.045349
33 0.619792 0.297222 0.108333 0.138889
9 0.855252 0.548364 0.217311 0.243299
77 0.887608 0.461452 0.112500 0.040741
55 0.855729 0.576852 0.192708 0.150000
9 0.130131 0.267450 0.215401 0.238490
77 0.130131 0.192014 0.147430 0.047060
79 0.129688 0.299074 0.190625 0.138889
18 0.374582 0.268309 0.220225 0.245376
77 0.401811 0.185146 0.118420 0.040741
8 0.374479 0.295370 0.194792 0.153704
7 0.611499 0.549952 0.215838 0.249347
77 0.611499 0.466389 0.126236 0.046672
63 0.611979 0.580556 0.109375 0.138889
18 0.857957 0.258164 0.215396 0.240137
77 0.857957 0.172365 0.112500 0.040741
59 0.857812 0.285185 0.190625 0.148148
28 0.923958 0.172222 0.022917 0.029630
18 0.377506 0.826854 0.215444 0.239853
77 0.377506 0.747176 0.118752 0.046563
21 0.377604 0.857407 0.190625 0.140741
37 0.452604 0.741667 0.021875 0.027778
8 0.132453 0.825302 0.216309 0.247098
77 0.128397 0.740376 0.132715 0.040741
43 0.132292 0.852778 0.118750 0.150000
19 0.137570 0.541708 0.215634 0.243574
77 0.142746 0.456076 0.165768 0.044194
39 0.138021 0.570370 0.190625 0.148148
