77 0.500000 0.072222 0.440000 0.077778
11 0.131417 0.544598 0.222440 0.243725
77 0.130209 0.459925 0.156769 0.040741
73 0.131250 0.573148 0.106250 0.135185
13 0.620731 0.544584 0.225599 0.238885
77 0.620731 0.458948 0.162355 0.040741
20 0.620313 0.573148 0.201042 0.146296
8 0.136686 0.268549 0.220560 0.255550
77 0.136686 0.175478 0.141187 0.040741
39 0.136458 0.296296 0.195833 0.162963
11 0.852719 0.552453 0.218024 0.242641
77 0.853384 0.470646 0.151429 0.047773
48 0.852604 0.584259 0.192708 0.142593
20 0.369750 0.273609 0.217041 0.253440
77 0.369750 0.186904 0.119682 0.041390
36 0.369792 0.300926 0.191667 0.161111
17 0.377630 0.551892 0.218500 0.245223
77 0.377630 0.466907 0.157561 0.044485
82 0.378125 0.581481 0.193750 0.148148
7 0.139441 0.836699 0.221154 0.244850
77 0.110558 0.748112 0.139515 0.040741
68 0.139583 0.864815 0.195833 0.151852
31 0.212500 0.745370 0.018750 0.024074
8 0.856645 0.272885 0.225912 0.243276
77 0.855611 0.192751 0.150635 0.044848
81 0.856771 0.302778 0.201042 0.146296
31 0.931771 0.186111 0.021875 0.027778
12 0.375504 0.833759 0.221720 0.245581
77 0.375504 0.748852 0.155583 0.040741
41 0.375000 0.862037 0.106250 0.135185
15 0.612795 0.274510 0.219821 0.246601
77 0.619366 0.190179 0.158219 0.040741
46 0.613021 0.302778 0.194792 0.153704
