77 0.500000 0.072222 0.440000 0.077778
19 0.379092 0.548644 0.218303 0.244310
77 0.385886 0.464329 0.132900 0.042912
18 0.379167 0.576852 0.193750 0.150000
8 0.611045 0.261606 0.215209 0.238522
77 0.618614 0.180240 0.112500 0.040741
1 0.610938 0.289815 0.190625 0.146296
16 0.380680 0.830907 0.222766 0.254112
77 0.380680 0.738024 0.112500 0.040741
41 0.380729 0.858333 0.121875 0.153704
15 0.134885 0.822523 0.220669 0.238088
77 0.134885 0.744627 0.130984 0.045750
35 0.134375 0.853704 0.100000 0.125926
14 0.861786 0.271911 0.218909 0.242443
77 0.853093 0.185835 0.129515 0.040741
30 0.861979 0.300000 0.107292 0.137037
29 0.925000 0.182407 0.018750 0.024074
12 0.855210 0.542109 0.216295 0.240306
77 0.872179 0.455811 0.143259 0.040741
90 0.855208 0.570370 0.191667 0.148148
8 0.380662 0.270727 0.222844 0.243992
77 0.367708 0.190521 0.118407 0.048654
45 0.380208 0.302778 0.108333 0.138889
63 0.458333 0.183333 0.022917 0.029630
8 0.127237 0.271514 0.214579 0.246243
77 0.127237 0.185616 0.112500 0.047749
84 0.127083 0.302778 0.189583 0.146296
17 0.617339 0.552739 0.219260 0.240759
77 0.617339 0.471578 0.143263 0.046165
87 0.617708 0.582407 0.193750 0.142593
17 0.141470 0.555388 0.225852 0.249596
77 0.127598 0.471326 0.146682 0.046054
12 0.141146 0.585185 0.201042 0.151852
