77 0.500000 0.072222 0.440000 0.077778
18 0.138090 0.835078 0.224533 0.247165
77 0.138090 0.750553 0.113727 0.040741
78 0.138542 0.862037 0.200000 0.153704
17 0.374235 0.827503 0.225828 0.238893
77 0.403780 0.746984 0.133455 0.042740
63 0.374479 0.855556 0.103125 0.129630
14 0.854156 0.554454 0.220123 0.249904
77 0.853921 0.471965 0.132293 0.048945
38 0.853646 0.586111 0.194792 0.150000
63 0.919271 0.463889 0.021875 0.027778
19 0.622317 0.261336 0.222302 0.240739
77 0.631232 0.184771 0.120731 0.047830
75 0.622396 0.292593 0.196875 0.140741
30 0.690104 0.175926 0.023958 0.029630
20 0.369314 0.268746 0.215918 0.246562
77 0.369314 0.186144 0.115462 0.046801
42 0.369271 0.299074 0.103125 0.131481
20 0.140150 0.560426 0.225455 0.254845
77 0.140150 0.467736 0.159674 0.040741
5 0.140625 0.588889 0.200000 0.162963
9 0.380716 0.552441 0.225233 0.251836
77 0.380716 0.462926 0.166228 0.040741
69 0.380208 0.579630 0.200000 0.159259
16 0.619366 0.549562 0.216403 0.250244
77 0.610633 0.460915 0.120197 0.040741
9 0.619792 0.576852 0.191667 0.157407
29 0.691667 0.460185 0.025000 0.031481
19 0.852631 0.266505 0.217261 0.244770
77 0.824498 0.186418 0.129486 0.046610
20 0.852604 0.297222 0.192708 0.146296
37 0.928125 0.179630 0.022917 0.029630
15 0.135937 0.259579 0.226329 0.237486
77 0.135937 0.179529 0.157691 0.043323
51 0.135937 0.287963 0.201042 0.142593
