77 0.500000 0.072222 0.440000 0.077778
10 0.375819 0.827644 0.226153 0.244068
77 0.375819 0.742937 0.143047 0.047659
15 0.375521 0.859259 0.201042 0.144444
19 0.860126 0.273621 0.214301 0.244569
77 0.860126 0.187931 0.158311 0.040741
5 0.860417 0.301852 0.189583 0.151852
15 0.129709 0.272407 0.214804 0.245325
77 0.150022 0.189792 0.120454 0.043987
31 0.130208 0.301852 0.102083 0.129630
8 0.374611 0.552188 0.223987 0.241269
77 0.332485 0.471859 0.112500 0.040741
8 0.374479 0.579630 0.198958 0.148148
15 0.381644 0.273145 0.220673 0.250058
77 0.356683 0.184549 0.138601 0.043239
54 0.381250 0.301852 0.195833 0.155556
7 0.621109 0.547757 0.220030 0.251883
77 0.609281 0.455802 0.129416 0.040741
74 0.621354 0.575000 0.111458 0.142593
63 0.698958 0.453704 0.020833 0.025926
9 0.133519 0.823668 0.223301 0.239637
77 0.108048 0.744929 0.112500 0.047825
2 0.133333 0.855556 0.197917 0.140741
11 0.857146 0.552295 0.225684 0.246243
77 0.857146 0.465764 0.159142 0.040741
9 0.856771 0.580556 0.201042 0.153704
27 0.937500 0.464815 0.027083 0.033333
12 0.130985 0.548815 0.217631 0.245944
77 0.130985 0.466408 0.149717 0.048569
33 0.131250 0.579630 0.112500 0.144444
11 0.623296 0.269201 0.224163 0.254314
77 0.600216 0.177876 0.112500 0.041788
76 0.623437 0.297222 0.109375 0.138889
