77 0.500000 0.072222 0.440000 0.077778
8 0.137112 0.834142 0.219035 0.240015
77 0.152005 0.754185 0.114439 0.040741
71 0.137500 0.861111 0.193750 0.148148
63 0.216146 0.752778 0.030208 0.038889
18 0.857384 0.549103 0.223412 0.240682
77 0.843855 0.466452 0.147149 0.041139
12 0.857292 0.577778 0.197917 0.148148
27 0.935417 0.462037 0.020833 0.027778
7 0.369990 0.262815 0.214110 0.249546
77 0.357453 0.173128 0.113432 0.042820
32 0.370312 0.291667 0.107292 0.135185
63 0.436979 0.167593 0.015625 0.020370
13 0.611921 0.261942 0.214135 0.247422
77 0.611921 0.172594 0.141475 0.041215
83 0.611458 0.289815 0.189583 0.153704
30 0.681771 0.175926 0.030208 0.037037
14 0.136553 0.550133 0.219551 0.252438
77 0.125366 0.458489 0.169792 0.043154
16 0.136979 0.578704 0.194792 0.157407
63 0.211458 0.457407 0.022917 0.029630
10 0.379360 0.549953 0.216200 0.239928
77 0.413809 0.469067 0.112500 0.040741
23 0.379167 0.576852 0.100000 0.127778
13 0.857320 0.266929 0.225255 0.245087
77 0.857320 0.182305 0.165074 0.044702
6 0.857292 0.296296 0.200000 0.148148
15 0.372527 0.830427 0.222819 0.248152
77 0.377117 0.743868 0.117955 0.042570
59 0.372917 0.858333 0.197917 0.153704
14 0.133716 0.263068 0.221676 0.237695
77 0.133716 0.182387 0.136040 0.040741
89 0.133333 0.290741 0.108333 0.137037
11 0.614576 0.552487 0.217461 0.242862
77 0.614576 0.473127 0.112500 0.045922
52 0.614062 0.583333 0.192708 0.144444
