77 0.500000 0.072222 0.440000 0.077778
9 0.381326 0.273757 0.225261 0.251035
77 0.371403 0.188746 0.117124 0.040741
21 0.381250 0.301852 0.200000 0.159259
18 0.619542 0.542020 0.221241 0.240329
77 0.619542 0.459851 0.112500 0.045354
5 0.619792 0.571296 0.195833 0.142593
8 0.133895 0.822820 0.225547 0.243179
77 0.131327 0.738712 0.174197 0.040741
41 0.133854 0.850926 0.111458 0.142593
37 0.205208 0.732407 0.018750 0.024074
19 0.374374 0.554823 0.223969 0.248071
77 0.340765 0.468522 0.112500 0.040985
72 0.373958 0.582407 0.120833 0.153704
8 0.620257 0.264195 0.224488 0.248890
77 0.620257 0.175545 0.137184 0.041003
22 0.619792 0.292593 0.200000 0.155556
16 0.862277 0.553674 0.219652 0.247163
77 0.862277 0.472339 0.112500 0.046175
61 0.861979 0.584259 0.194792 0.150000
23 0.941146 0.462037 0.019792 0.024074
20 0.866426 0.270147 0.225851 0.244690
77 0.863954 0.184341 0.150778 0.040741
40 0.866146 0.298148 0.201042 0.151852
17 0.374391 0.828352 0.225137 0.237415
77 0.330226 0.747350 0.112660 0.040741
14 0.373958 0.855556 0.200000 0.144444
13 0.142325 0.270272 0.226509 0.241362
77 0.142325 0.187343 0.142689 0.040741
42 0.142187 0.298148 0.101042 0.129630
17 0.132160 0.555467 0.214381 0.252049
77 0.145175 0.470398 0.161923 0.047457
65 0.132292 0.587037 0.189583 0.151852
