77 0.500000 0.072222 0.440000 0.077778
12 0.852720 0.257264 0.217078 0.239367
77 0.852720 0.181462 0.142779 0.047253
25 0.853125 0.288889 0.104167 0.133333
11 0.374693 0.542960 0.216260 0.243787
77 0.374693 0.458307 0.125843 0.043538
71 0.375000 0.572222 0.191667 0.148148
31 0.443229 0.459259 0.026042 0.033333
19 0.860958 0.553800 0.225825 0.243198
77 0.844869 0.474625 0.170544 0.045216
58 0.860938 0.584259 0.201042 0.146296
29 0.934896 0.465741 0.021875 0.027778
17 0.139588 0.560705 0.220927 0.255312
77 0.139588 0.472975 0.166073 0.042691
13 0.139583 0.589815 0.195833 0.161111
20 0.140243 0.273341 0.225494 0.249906
77 0.149216 0.184650 0.171710 0.043818
32 0.140625 0.301852 0.104167 0.133333
27 0.205729 0.183333 0.023958 0.029630
9 0.139193 0.829439 0.226389 0.241915
77 0.139193 0.746208 0.112500 0.047325
54 0.139063 0.860185 0.201042 0.142593
63 0.205729 0.747222 0.030208 0.038889
8 0.617603 0.553608 0.219742 0.254595
77 0.641907 0.462725 0.146582 0.041091
77 0.617708 0.582407 0.170833 0.012963
18 0.380555 0.264028 0.223978 0.253151
77 0.391330 0.175974 0.170942 0.049371
18 0.380729 0.296296 0.198958 0.151852
18 0.613824 0.266996 0.215560 0.237726
77 0.598009 0.187830 0.112500 0.044601
31 0.613542 0.296296 0.110417 0.140741
7 0.380134 0.827692 0.218217 0.253053
77 0.370227 0.740095 0.112500 0.048098
17 0.379688 0.858333 0.192708 0.153704
