77 0.500000 0.072222 0.440000 0.077778
11 0.623756 0.548044 0.223498 0.245454
77 0.623756 0.462005 0.152349 0.040741
82 0.623437 0.575000 0.198958 0.153704
28 0.700521 0.463889 0.030208 0.038889
19 0.131987 0.262365 0.219038 0.249514
77 0.131987 0.173571 0.144106 0.040741
40 0.132292 0.289815 0.193750 0.157407
31 0.203646 0.170370 0.019792 0.025926
10 0.137213 0.823054 0.221403 0.237740
77 0.178024 0.740651 0.112500 0.040741
86 0.136979 0.850000 0.196875 0.144444
29 0.202083 0.740741 0.027083 0.033333
11 0.376229 0.260459 0.219325 0.238414
77 0.376229 0.177523 0.113942 0.041275
59 0.376563 0.288889 0.194792 0.144444
11 0.376490 0.833281 0.219198 0.252654
77 0.389754 0.744434 0.143704 0.040741
54 0.376042 0.861111 0.193750 0.159259
16 0.857208 0.265824 0.215253 0.251265
77 0.827495 0.180868 0.112500 0.040741
80 0.856771 0.294444 0.190625 0.159259
7 0.865897 0.546538 0.225814 0.242774
77 0.865897 0.460726 0.144757 0.040741
47 0.866146 0.575000 0.201042 0.150000
12 0.612982 0.263180 0.215111 0.247302
77 0.612982 0.175529 0.154887 0.040741
77 0.612500 0.291667 0.168750 0.012963
30 0.684896 0.176852 0.028125 0.035185
7 0.372538 0.549199 0.219115 0.240134
77 0.372538 0.469751 0.158328 0.040741
19 0.372917 0.577778 0.193750 0.148148
12 0.132857 0.550054 0.217675 0.252824
77 0.159297 0.463367 0.140827 0.041084
57 0.132812 0.577778 0.192708 0.159259
