77 0.500000 0.072222 0.440000 0.077778
12 0.615064 0.268534 0.217390 0.245616
77 0.584908 0.187665 0.117274 0.049080
58 0.615104 0.300000 0.192708 0.144444
9 0.375254 0.270895 0.218823 0.238456
77 0.404087 0.190937 0.135133 0.040741
26 0.375000 0.299074 0.193750 0.146296
31 0.448958 0.184259 0.018750 0.024074
9 0.378616 0.826830 0.217727 0.252795
77 0.393380 0.737230 0.117179 0.042879
15 0.378646 0.856481 0.192708 0.157407
8 0.130099 0.265489 0.215630 0.240947
77 0.089522 0.179708 0.112500 0.040741
30 0.130208 0.293519 0.104167 0.131481
14 0.371691 0.550740 0.217834 0.247860
77 0.371691 0.460621 0.160383 0.040741
86 0.371354 0.577778 0.192708 0.155556
20 0.141594 0.551678 0.223930 0.252698
77 0.141594 0.463765 0.116178 0.047454
40 0.141146 0.582407 0.198958 0.153704
12 0.619410 0.552514 0.222953 0.245403
77 0.619410 0.469294 0.114068 0.040741
0 0.619792 0.580556 0.197917 0.153704
31 0.688542 0.460185 0.016667 0.020370
11 0.131431 0.826558 0.214501 0.237162
77 0.149437 0.741913 0.149435 0.041199
42 0.131771 0.854630 0.103125 0.131481
29 0.192708 0.742593 0.022917 0.029630
20 0.854684 0.552991 0.219494 0.247489
77 0.818786 0.466108 0.112500 0.046062
62 0.854167 0.583333 0.102083 0.129630
30 0.928125 0.462963 0.022917 0.029630
20 0.863653 0.271834 0.222156 0.255278
77 0.863653 0.180934 0.112500 0.040741
60 0.864062 0.300000 0.196875 0.162963
