77 0.500000 0.072222 0.440000 0.077778
20 0.380669 0.556099 0.223760 0.252787
77 0.353861 0.465795 0.147889 0.044611
1 0.380729 0.585185 0.198958 0.155556
16 0.860712 0.557272 0.218216 0.250860
77 0.860712 0.467135 0.112500 0.040741
88 0.860938 0.584259 0.192708 0.157407
17 0.371901 0.830983 0.218946 0.249768
77 0.361749 0.742442 0.167418 0.041241
43 0.371875 0.858333 0.112500 0.142593
76 0.443750 0.743519 0.027083 0.035185
8 0.133771 0.257610 0.224863 0.237307
77 0.133771 0.173356 0.175368 0.040741
2 0.133333 0.285185 0.200000 0.144444
14 0.374788 0.274997 0.225419 0.251512
77 0.374788 0.188370 0.166648 0.047818
30 0.374479 0.306481 0.117708 0.150000
15 0.856976 0.270571 0.223542 0.246051
77 0.864149 0.184319 0.171332 0.045787
84 0.856771 0.300000 0.198958 0.148148
10 0.134916 0.546808 0.223081 0.241787
77 0.134916 0.463853 0.145263 0.040741
44 0.135417 0.575000 0.104167 0.131481
17 0.139354 0.834683 0.225076 0.245711
77 0.139354 0.748442 0.139812 0.040741
41 0.139063 0.862963 0.113542 0.144444
16 0.622292 0.265518 0.220655 0.238046
77 0.591270 0.184146 0.136427 0.040741
25 0.622396 0.293519 0.101042 0.127778
28 0.689583 0.183333 0.027083 0.033333
19 0.622547 0.551940 0.222978 0.238509
77 0.614299 0.468950 0.112500 0.040741
58 0.622917 0.580556 0.197917 0.146296
