77 0.500000 0.072222 0.440000 0.077778
14 0.861421 0.542922 0.225275 0.240019
77 0.868885 0.459696 0.115176 0.040741
37 0.860938 0.570370 0.105208 0.133333
32 0.930729 0.454630 0.019792 0.024074
12 0.379829 0.265160 0.223841 0.252571
77 0.370089 0.181988 0.132703 0.048580
15 0.379688 0.296296 0.198958 0.151852
13 0.374518 0.830213 0.224676 0.243036
77 0.368530 0.742723 0.174348 0.040741
28 0.375000 0.858333 0.104167 0.131481
18 0.856995 0.271386 0.225207 0.255058
77 0.856995 0.188156 0.139556 0.050705
18 0.857292 0.303704 0.200000 0.151852
20 0.618379 0.266846 0.221872 0.248695
77 0.618379 0.179454 0.168935 0.044787
21 0.618229 0.296296 0.196875 0.151852
17 0.136422 0.270322 0.215315 0.246849
77 0.136422 0.186669 0.115384 0.040741
30 0.136458 0.297222 0.112500 0.142593
18 0.619165 0.549624 0.215798 0.244670
77 0.658884 0.462919 0.112500 0.040741
59 0.619271 0.577778 0.190625 0.151852
8 0.131707 0.837434 0.214322 0.250282
77 0.131707 0.753378 0.113616 0.042257
70 0.131250 0.866667 0.189583 0.155556
11 0.375597 0.539313 0.217002 0.237826
77 0.384417 0.459428 0.152954 0.040741
23 0.376042 0.567593 0.112500 0.142593
13 0.129810 0.554738 0.214111 0.243904
77 0.129810 0.472918 0.144222 0.040741
20 0.130208 0.583333 0.189583 0.151852
28 0.193750 0.471296 0.031250 0.038889
