77 0.500000 0.072222 0.440000 0.077778
19 0.857473 0.553791 0.218422 0.246267
77 0.857473 0.469845 0.151811 0.040741
0 0.857292 0.582407 0.193750 0.153704
23 0.920312 0.469444 0.030208 0.038889
7 0.861542 0.271558 0.224594 0.248904
77 0.861542 0.190719 0.112500 0.047535
53 0.861458 0.301852 0.116667 0.148148
12 0.373594 0.828242 0.217647 0.241983
77 0.373594 0.743588 0.123871 0.045884
27 0.373437 0.859259 0.098958 0.125926
7 0.374116 0.545975 0.216731 0.250927
77 0.374116 0.456180 0.112500 0.041036
82 0.373958 0.573148 0.191667 0.157407
27 0.450521 0.458333 0.028125 0.035185
8 0.619882 0.262090 0.221827 0.248763
77 0.624828 0.179121 0.113500 0.043355
30 0.620313 0.290741 0.113542 0.144444
17 0.616757 0.541208 0.218818 0.242971
77 0.616757 0.459438 0.112500 0.040774
37 0.616667 0.569444 0.106250 0.135185
9 0.375614 0.261791 0.214360 0.241773
77 0.375614 0.178321 0.166500 0.040741
38 0.376042 0.289815 0.189583 0.150000
28 0.436979 0.175000 0.023958 0.031481
14 0.135932 0.262227 0.215785 0.237543
77 0.135932 0.182807 0.132438 0.043680
69 0.135937 0.291667 0.190625 0.142593
9 0.132666 0.825889 0.219904 0.245994
77 0.112002 0.744787 0.132965 0.044259
71 0.132812 0.854630 0.194792 0.150000
14 0.138121 0.545713 0.218996 0.238828
77 0.119784 0.464562 0.149127 0.040741
54 0.138542 0.573148 0.193750 0.146296
62 0.216146 0.462963 0.026042 0.033333
