77 0.500000 0.072222 0.440000 0.077778
7 0.863934 0.555248 0.225702 0.251054
77 0.863934 0.468227 0.112500 0.043114
21 0.864062 0.583333 0.201042 0.155556
12 0.619952 0.273458 0.218025 0.255343
77 0.619952 0.179989 0.151911 0.040741
42 0.619792 0.301852 0.110417 0.140741
18 0.374761 0.546419 0.224102 0.249871
77 0.347038 0.461048 0.120151 0.040741
23 0.375000 0.574074 0.122917 0.155556
14 0.376435 0.826714 0.222691 0.239829
77 0.376435 0.747108 0.119890 0.045113
12 0.376042 0.856481 0.197917 0.142593
9 0.859601 0.267987 0.219771 0.251202
77 0.859601 0.185533 0.117604 0.049321
28 0.859896 0.300926 0.115625 0.146296
13 0.614611 0.551096 0.219037 0.244524
77 0.593424 0.469137 0.137505 0.040850
47 0.614583 0.579630 0.193750 0.151852
7 0.132456 0.545366 0.219057 0.253686
77 0.132456 0.455276 0.146274 0.047512
74 0.132812 0.575926 0.113542 0.144444
62 0.206771 0.450000 0.019792 0.025926
13 0.138314 0.834256 0.217011 0.243756
77 0.132999 0.750887 0.147522 0.042508
76 0.138021 0.862963 0.107292 0.137037
27 0.204687 0.744444 0.019792 0.025926
13 0.371796 0.261458 0.216825 0.246935
77 0.371796 0.174304 0.115302 0.045572
88 0.371875 0.291667 0.191667 0.150000
10 0.136174 0.268436 0.222176 0.241600
77 0.118224 0.184372 0.156803 0.047368
13 0.135937 0.299074 0.196875 0.142593
