77 0.500000 0.072222 0.440000 0.077778
14 0.139507 0.545548 0.226498 0.253524
77 0.168799 0.456015 0.116025 0.046980
11 0.139063 0.575926 0.201042 0.155556
9 0.614564 0.271498 0.216043 0.252667
77 0.614564 0.183028 0.126704 0.042376
39 0.614062 0.300000 0.190625 0.159259
14 0.372654 0.548484 0.217626 0.238738
77 0.372654 0.464002 0.150766 0.040741
31 0.372396 0.576852 0.101042 0.127778
10 0.142642 0.826735 0.226530 0.251753
77 0.142642 0.737440 0.161974 0.040741
77 0.142187 0.853704 0.194792 0.014815
10 0.853783 0.265598 0.214808 0.252401
77 0.860119 0.177467 0.112500 0.040741
26 0.854167 0.292593 0.189583 0.159259
9 0.376971 0.839016 0.215925 0.249637
77 0.376971 0.752743 0.112500 0.040741
8 0.376563 0.867593 0.190625 0.157407
17 0.617375 0.539696 0.216332 0.239229
77 0.617375 0.463502 0.128434 0.046842
2 0.617708 0.570370 0.191667 0.140741
63 0.692187 0.452778 0.021875 0.027778
8 0.137989 0.259692 0.222748 0.240087
77 0.137989 0.178840 0.143054 0.046973
71 0.137500 0.290741 0.197917 0.140741
15 0.378218 0.276095 0.216150 0.251759
77 0.378218 0.184610 0.156680 0.040741
88 0.378125 0.303704 0.191667 0.159259
14 0.852406 0.549183 0.215576 0.248606
77 0.852406 0.462293 0.112500 0.044623
45 0.852604 0.579630 0.113542 0.144444
