77 0.500000 0.072222 0.440000 0.077778
17 0.135687 0.549217 0.215946 0.240993
77 0.145000 0.466129 0.153131 0.040741
20 0.135937 0.577778 0.190625 0.148148
7 0.380069 0.272708 0.222353 0.252203
77 0.378859 0.181623 0.138545 0.040741
83 0.379688 0.300000 0.196875 0.159259
9 0.378653 0.548277 0.219124 0.248937
77 0.378653 0.462725 0.112500 0.043567
87 0.379167 0.576852 0.193750 0.153704
15 0.863497 0.550239 0.222797 0.238547
77 0.863497 0.468915 0.151225 0.044330
42 0.863021 0.580556 0.109375 0.138889
30 0.932813 0.460185 0.015625 0.020370
13 0.136610 0.833425 0.222420 0.246087
77 0.129908 0.748137 0.158368 0.040741
25 0.136979 0.862037 0.117708 0.150000
15 0.620005 0.545553 0.216000 0.250762
77 0.620005 0.461306 0.125223 0.047375
70 0.620313 0.575926 0.190625 0.151852
12 0.853738 0.272657 0.214797 0.247429
77 0.847280 0.184246 0.112500 0.040741
68 0.854167 0.300000 0.189583 0.155556
15 0.374843 0.836511 0.215799 0.251498
77 0.374843 0.750380 0.122518 0.040741
46 0.374479 0.864815 0.190625 0.159259
18 0.134045 0.267228 0.219133 0.242949
77 0.134045 0.183727 0.118368 0.047585
80 0.134375 0.299074 0.193750 0.142593
8 0.618335 0.264635 0.223935 0.254644
77 0.618335 0.175070 0.125785 0.046221
4 0.618229 0.295370 0.198958 0.157407
