77 0.500000 0.072222 0.440000 0.077778
11 0.854607 0.271774 0.214825 0.245281
77 0.854607 0.184481 0.112500 0.040741
60 0.854167 0.300000 0.189583 0.151852
19 0.379659 0.541288 0.226328 0.242928
77 0.379314 0.456527 0.159762 0.042177
6 0.379688 0.570370 0.201042 0.148148
29 0.450521 0.450000 0.015625 0.018519
18 0.865857 0.543608 0.226425 0.247757
77 0.865857 0.457206 0.118387 0.041434
88 0.866146 0.571296 0.201042 0.153704
9 0.614377 0.267115 0.215563 0.251127
77 0.614377 0.181398 0.141794 0.049332
76 0.614583 0.299074 0.106250 0.135185
20 0.136425 0.278843 0.216980 0.255092
77 0.136425 0.188748 0.140992 0.043137
75 0.136458 0.307407 0.191667 0.159259
12 0.369165 0.266462 0.215624 0.243226
77 0.369165 0.186878 0.130737 0.043879
27 0.368750 0.296296 0.102083 0.129630
8 0.618428 0.548064 0.218487 0.255088
77 0.618428 0.458024 0.112500 0.040741
80 0.618750 0.575926 0.193750 0.162963
9 0.133351 0.554185 0.218845 0.249066
77 0.133351 0.467816 0.112500 0.042455
48 0.133333 0.583333 0.193750 0.155556
31 0.197917 0.465741 0.025000 0.031481
10 0.135512 0.832028 0.223271 0.238072
77 0.135512 0.747820 0.161995 0.040744
24 0.135937 0.859259 0.098958 0.125926
28 0.205729 0.745370 0.021875 0.027778
20 0.378195 0.839682 0.218649 0.252446
77 0.378195 0.755588 0.120236 0.047788
79 0.378125 0.871296 0.193750 0.153704
