77 0.500000 0.072222 0.440000 0.077778
18 0.377271 0.540344 0.225733 0.239136
77 0.377271 0.458739 0.167772 0.043514
7 0.377604 0.570370 0.201042 0.144444
15 0.861074 0.268497 0.214914 0.239609
77 0.861074 0.182697 0.121975 0.041701
36 0.861458 0.297222 0.189583 0.146296
8 0.615365 0.258742 0.226304 0.242686
77 0.613183 0.172959 0.151221 0.044512
3 0.615104 0.288889 0.140625 0.140741
11 0.137055 0.277899 0.219621 0.253244
77 0.128330 0.185758 0.167712 0.041620
86 0.136979 0.305556 0.194792 0.159259
14 0.372063 0.274483 0.216759 0.249078
77 0.372063 0.187682 0.162163 0.041860
26 0.371875 0.303704 0.191667 0.155556
15 0.380930 0.825959 0.221523 0.247709
77 0.380930 0.739260 0.170303 0.047527
62 0.381250 0.856481 0.112500 0.142593
16 0.130506 0.551543 0.217351 0.251367
77 0.130506 0.467437 0.134714 0.046849
44 0.130729 0.582407 0.115625 0.146296
28 0.199479 0.455556 0.017708 0.022222
7 0.857537 0.546829 0.215982 0.241283
77 0.857537 0.461478 0.131734 0.041211
63 0.857812 0.574074 0.105208 0.133333
20 0.611167 0.549791 0.214850 0.239153
77 0.620538 0.464191 0.112500 0.040741
83 0.611458 0.576852 0.189583 0.146296
31 0.677083 0.464815 0.022917 0.029630
13 0.129860 0.834720 0.215261 0.241321
77 0.148808 0.752549 0.151529 0.045833
78 0.129688 0.864815 0.190625 0.144444
