77 0.500000 0.072222 0.440000 0.077778
8 0.621788 0.552223 0.220841 0.238672
77 0.629599 0.470001 0.165216 0.041332
23 0.621354 0.580556 0.109375 0.138889
16 0.378324 0.825580 0.217714 0.246582
77 0.378324 0.738509 0.112500 0.044293
77 0.378646 0.854630 0.178125 0.012963
8 0.864906 0.262475 0.224695 0.238239
77 0.864906 0.180453 0.151707 0.040741
89 0.864583 0.290741 0.102083 0.129630
14 0.372339 0.266620 0.221738 0.248475
77 0.330182 0.181046 0.112500 0.042600
47 0.372396 0.295370 0.196875 0.153704
12 0.137077 0.261513 0.217142 0.242648
77 0.137077 0.180850 0.121702 0.043664
66 0.137500 0.291667 0.191667 0.146296
9 0.615167 0.265602 0.220720 0.255500
77 0.615167 0.177327 0.157684 0.040741
71 0.615625 0.292593 0.195833 0.162963
8 0.137127 0.546284 0.214969 0.243047
77 0.123507 0.465252 0.150918 0.047710
18 0.137500 0.576852 0.189583 0.142593
10 0.374595 0.544583 0.214522 0.244530
77 0.374595 0.460451 0.112500 0.044554
7 0.375000 0.574074 0.189583 0.148148
19 0.862294 0.546414 0.217548 0.253704
77 0.862294 0.460235 0.160408 0.040771
39 0.861979 0.575000 0.192708 0.161111
32 0.939583 0.455556 0.027083 0.033333
7 0.137995 0.835739 0.217070 0.242425
77 0.137995 0.754563 0.148019 0.046960
54 0.137500 0.866667 0.191667 0.144444
