77 0.500000 0.072222 0.440000 0.077778
12 0.861826 0.552034 0.220680 0.253102
77 0.860503 0.462218 0.136450 0.040741
46 0.861458 0.580556 0.195833 0.161111
30 0.939583 0.459259 0.020833 0.025926
7 0.130260 0.262434 0.215943 0.241462
77 0.130260 0.182328 0.150234 0.048076
72 0.130729 0.293519 0.103125 0.131481
13 0.611360 0.266469 0.215473 0.254411
77 0.587745 0.179372 0.131294 0.040741
2 0.610938 0.293519 0.190625 0.161111
12 0.131749 0.542328 0.216976 0.242556
77 0.131749 0.455583 0.141774 0.040741
54 0.131250 0.569444 0.191667 0.150000
9 0.857611 0.273545 0.223903 0.246619
77 0.857611 0.188445 0.165662 0.047641
39 0.857812 0.304630 0.198958 0.146296
7 0.371856 0.830992 0.216615 0.250978
77 0.371856 0.741187 0.124750 0.040741
24 0.371875 0.859259 0.110417 0.140741
14 0.136417 0.838350 0.219636 0.254274
77 0.136417 0.749340 0.118459 0.040741
68 0.135937 0.865741 0.194792 0.161111
13 0.613322 0.549825 0.220550 0.243922
77 0.613322 0.464267 0.127808 0.040741
0 0.613542 0.577778 0.195833 0.151852
14 0.377453 0.538033 0.216822 0.238377
77 0.377453 0.454964 0.155958 0.041251
25 0.377604 0.566667 0.098958 0.125926
10 0.378705 0.267480 0.215670 0.251524
77 0.382966 0.183344 0.142518 0.050097
50 0.378646 0.299074 0.190625 0.150000
