77 0.500000 0.072222 0.440000 0.077778
7 0.613175 0.268328 0.217731 0.252066
77 0.643110 0.181415 0.133907 0.049210
23 0.613021 0.300000 0.105208 0.133333
62 0.678125 0.172222 0.016667 0.022222
13 0.863888 0.268036 0.226266 0.252485
77 0.874611 0.180720 0.112500 0.040741
46 0.864062 0.296296 0.201042 0.159259
7 0.613386 0.558552 0.214796 0.254892
77 0.613386 0.469523 0.154225 0.040741
51 0.613542 0.587037 0.189583 0.162963
17 0.139622 0.551457 0.221492 0.253487
77 0.139622 0.463664 0.147108 0.048793
90 0.140104 0.582407 0.196875 0.153704
19 0.370871 0.550552 0.217900 0.245880
77 0.385248 0.462774 0.112500 0.040741
44 0.370833 0.578704 0.112500 0.142593
20 0.139817 0.821525 0.225483 0.237236
77 0.139817 0.741330 0.117368 0.042788
48 0.139583 0.850926 0.200000 0.142593
28 0.211458 0.732407 0.016667 0.020370
10 0.864499 0.542218 0.223688 0.245110
77 0.863051 0.456468 0.156912 0.047506
6 0.864062 0.573148 0.198958 0.146296
17 0.378836 0.269312 0.222396 0.247925
77 0.379258 0.181385 0.122258 0.040741
21 0.378646 0.296296 0.196875 0.155556
28 0.442188 0.175926 0.017708 0.022222
16 0.133700 0.270452 0.220294 0.246115
77 0.133700 0.184437 0.170393 0.040741
29 0.133333 0.299074 0.106250 0.135185
14 0.375781 0.831945 0.226521 0.240487
77 0.368967 0.750403 0.135071 0.047932
13 0.375521 0.862963 0.201042 0.140741
