77 0.500000 0.072222 0.440000 0.077778
20 0.614548 0.551584 0.218832 0.240463
77 0.597710 0.471617 0.120293 0.040741
78 0.614583 0.579630 0.193750 0.148148
17 0.382879 0.546894 0.223335 0.250141
77 0.382879 0.461432 0.140442 0.040741
31 0.382812 0.575000 0.115625 0.146296
9 0.621148 0.275515 0.221562 0.254509
77 0.604121 0.189203 0.162379 0.050172
80 0.621354 0.307407 0.196875 0.151852
9 0.133065 0.275162 0.224184 0.248964
77 0.120292 0.187558 0.115750 0.040741
65 0.132812 0.303704 0.198958 0.155556
8 0.135336 0.830384 0.219891 0.251569
77 0.135336 0.745664 0.151378 0.048536
14 0.134896 0.862963 0.194792 0.151852
63 0.198437 0.734259 0.015625 0.020370
18 0.854452 0.273350 0.220461 0.253166
77 0.854452 0.183623 0.118014 0.045412
33 0.854688 0.302778 0.117708 0.150000
31 0.917708 0.185185 0.029167 0.037037
11 0.376873 0.263214 0.217779 0.243093
77 0.376873 0.180571 0.112500 0.040741
8 0.376563 0.291667 0.192708 0.150000
9 0.142270 0.542695 0.225513 0.245906
77 0.142270 0.460060 0.112800 0.040741
77 0.142708 0.571296 0.172917 0.012963
13 0.863221 0.542384 0.223928 0.242864
77 0.863221 0.461534 0.112500 0.043723
53 0.863542 0.572222 0.114583 0.144444
29 0.940104 0.454630 0.021875 0.027778
8 0.379769 0.824483 0.224203 0.244148
77 0.381853 0.743890 0.161542 0.045773
36 0.379688 0.854630 0.198958 0.146296
