77 0.500000 0.072222 0.440000 0.077778
10 0.611163 0.258615 0.216308 0.239286
77 0.611163 0.173730 0.131862 0.040741
10 0.611458 0.286111 0.191667 0.146296
13 0.374321 0.268032 0.216154 0.242694
77 0.366088 0.182420 0.163310 0.043139
65 0.373958 0.296296 0.191667 0.148148
20 0.618188 0.550889 0.222098 0.254417
77 0.618188 0.462462 0.130360 0.043554
6 0.618229 0.579630 0.196875 0.159259
14 0.129439 0.554162 0.214448 0.252305
77 0.129439 0.469004 0.137715 0.046820
84 0.129167 0.584259 0.189583 0.153704
31 0.189583 0.461111 0.020833 0.025926
7 0.132561 0.269222 0.217911 0.247788
77 0.132561 0.180649 0.140762 0.044170
78 0.132812 0.298148 0.192708 0.151852
8 0.860006 0.546882 0.226500 0.250913
77 0.860006 0.463750 0.164843 0.046042
68 0.859896 0.576852 0.201042 0.153704
7 0.855058 0.274032 0.222479 0.250774
77 0.855058 0.182565 0.112500 0.040741
81 0.855208 0.300926 0.197917 0.157407
18 0.374681 0.551323 0.217806 0.242847
77 0.361025 0.471554 0.147106 0.046407
23 0.375000 0.581481 0.102083 0.129630
15 0.135421 0.822657 0.214383 0.244355
77 0.135421 0.742901 0.129386 0.047914
59 0.135417 0.853704 0.189583 0.144444
7 0.371313 0.828815 0.217552 0.248757
77 0.371313 0.745471 0.132257 0.047998
52 0.371354 0.861111 0.192708 0.148148
