77 0.500000 0.072222 0.440000 0.077778
15 0.382059 0.264536 0.222121 0.253814
77 0.357607 0.176855 0.135205 0.047994
34 0.382292 0.295370 0.066667 0.135185
23 0.456250 0.174074 0.027083 0.033333
15 0.859089 0.276271 0.216346 0.250405
77 0.859089 0.191220 0.158413 0.044079
82 0.859375 0.306481 0.191667 0.153704
27 0.935417 0.187037 0.022917 0.029630
8 0.138272 0.544385 0.217860 0.250970
77 0.126854 0.457200 0.129324 0.045125
2 0.138021 0.575000 0.192708 0.153704
13 0.614839 0.266313 0.214155 0.250896
77 0.619916 0.179265 0.157849 0.041440
23 0.614583 0.293519 0.112500 0.142593
62 0.685417 0.175926 0.022917 0.029630
17 0.135505 0.834211 0.223216 0.249202
77 0.125200 0.746680 0.159681 0.040741
19 0.135417 0.862037 0.197917 0.157407
18 0.620957 0.551619 0.220544 0.249282
77 0.620957 0.467581 0.112500 0.048694
86 0.620833 0.583333 0.195833 0.148148
19 0.382432 0.550998 0.223680 0.253485
77 0.368370 0.460294 0.112500 0.040741
29 0.382812 0.579630 0.119792 0.151852
19 0.142892 0.273892 0.225469 0.251326
77 0.185349 0.188433 0.112500 0.040741
64 0.143229 0.301852 0.113542 0.144444
13 0.860961 0.547361 0.217419 0.238380
77 0.840236 0.463904 0.137304 0.045403
55 0.860938 0.577778 0.192708 0.140741
20 0.377230 0.828161 0.219717 0.247661
77 0.377230 0.739230 0.157802 0.041113
1 0.377604 0.855556 0.194792 0.155556
27 0.455208 0.735185 0.016667 0.022222
