77 0.500000 0.072222 0.440000 0.077778
8 0.619785 0.258895 0.226440 0.242438
77 0.592021 0.173639 0.130206 0.040741
89 0.619792 0.287037 0.108333 0.137037
19 0.620091 0.552816 0.219642 0.243812
77 0.620091 0.465435 0.146351 0.040741
18 0.620313 0.581481 0.194792 0.151852
11 0.130572 0.834420 0.216639 0.250301
77 0.130572 0.747969 0.112500 0.040741
26 0.130208 0.862037 0.191667 0.157407
18 0.377339 0.274824 0.224019 0.255171
77 0.377339 0.187085 0.172066 0.048998
57 0.377604 0.306481 0.198958 0.153704
29 0.457292 0.185185 0.027083 0.033333
12 0.135971 0.556434 0.221677 0.251230
77 0.172499 0.472059 0.112500 0.049442
6 0.135937 0.587963 0.196875 0.150000
19 0.859188 0.265090 0.222211 0.242159
77 0.847195 0.178120 0.171956 0.040741
15 0.858854 0.293519 0.196875 0.150000
13 0.374434 0.827907 0.219528 0.240117
77 0.368973 0.746971 0.159111 0.042002
22 0.374479 0.856481 0.194792 0.146296
12 0.133710 0.270323 0.223421 0.252739
77 0.105011 0.185199 0.112500 0.044182
48 0.133333 0.299074 0.197917 0.157407
10 0.857079 0.548195 0.224400 0.245635
77 0.857079 0.460193 0.119389 0.040741
69 0.856771 0.576852 0.198958 0.153704
14 0.374145 0.546529 0.219977 0.245982
77 0.374145 0.460804 0.122103 0.040741
14 0.374479 0.575000 0.194792 0.153704
