77 0.500000 0.072222 0.440000 0.077778
9 0.853394 0.264778 0.214337 0.249906
77 0.853394 0.183494 0.112500 0.048367
53 0.853646 0.296296 0.113542 0.144444
17 0.378964 0.272562 0.216528 0.241939
77 0.378964 0.186628 0.137533 0.040741
90 0.379167 0.300926 0.191667 0.150000
30 0.456771 0.187963 0.028125 0.035185
17 0.862398 0.551691 0.219780 0.252027
77 0.847853 0.463448 0.112500 0.048762
61 0.861979 0.583333 0.194792 0.151852
20 0.380503 0.824962 0.219897 0.248382
77 0.380503 0.740252 0.155000 0.045696
85 0.380729 0.854630 0.194792 0.150000
11 0.615809 0.271774 0.223268 0.245529
77 0.615809 0.191554 0.144456 0.046396
54 0.615625 0.301852 0.197917 0.148148
14 0.138513 0.840423 0.221997 0.254032
77 0.133579 0.752291 0.140391 0.044229
84 0.138021 0.869444 0.196875 0.157407
7 0.136120 0.555241 0.220742 0.246347
77 0.136120 0.470390 0.149769 0.040741
13 0.136458 0.582407 0.195833 0.153704
8 0.378988 0.551892 0.217464 0.237416
77 0.378988 0.472814 0.112500 0.040741
81 0.378646 0.579630 0.192708 0.144444
23 0.454688 0.469444 0.023958 0.031481
19 0.625223 0.544033 0.225693 0.247579
77 0.647230 0.454214 0.146268 0.040741
80 0.625521 0.572222 0.201042 0.155556
18 0.131444 0.260074 0.222434 0.237877
77 0.131444 0.184857 0.127530 0.047147
79 0.131250 0.291667 0.197917 0.138889
