77 0.500000 0.072222 0.440000 0.077778
17 0.864970 0.264874 0.223292 0.248595
77 0.908808 0.174791 0.112500 0.040741
9 0.864583 0.292593 0.197917 0.155556
16 0.376463 0.273364 0.214955 0.246023
77 0.376463 0.190613 0.112500 0.040741
1 0.376042 0.300926 0.189583 0.153704
17 0.851854 0.546158 0.214147 0.243109
77 0.851145 0.460851 0.158775 0.040741
38 0.852083 0.573148 0.189583 0.150000
8 0.132226 0.557899 0.217506 0.254197
77 0.132226 0.475258 0.117324 0.048267
62 0.132292 0.589815 0.106250 0.135185
13 0.140452 0.266724 0.223368 0.238815
77 0.147572 0.184196 0.160395 0.040741
80 0.140625 0.295370 0.197917 0.146296
17 0.619276 0.268885 0.219656 0.243599
77 0.619276 0.184756 0.112500 0.040741
57 0.619271 0.296296 0.194792 0.151852
9 0.132307 0.827791 0.220636 0.246619
77 0.132307 0.743621 0.162525 0.042970
52 0.132292 0.857407 0.195833 0.151852
8 0.373592 0.551327 0.216773 0.251848
77 0.373592 0.461438 0.163590 0.043189
17 0.373958 0.580556 0.191667 0.157407
32 0.449479 0.459259 0.023958 0.029630
18 0.380215 0.825115 0.224029 0.238173
77 0.380215 0.739748 0.154229 0.040741
6 0.380729 0.852778 0.198958 0.146296
13 0.616358 0.542289 0.221110 0.245880
77 0.616358 0.459231 0.141068 0.040741
49 0.616667 0.569444 0.195833 0.153704
