77 0.500000 0.072222 0.440000 0.077778
19 0.861602 0.261472 0.222534 0.239698
77 0.861602 0.180802 0.166200 0.040741
3 0.861979 0.289815 0.134375 0.135185
9 0.376591 0.827215 0.219210 0.239544
77 0.376591 0.744948 0.112500 0.047741
81 0.377083 0.859259 0.193750 0.140741
27 0.454167 0.742593 0.022917 0.029630
11 0.613661 0.266102 0.218089 0.248040
77 0.613661 0.182390 0.158015 0.040741
60 0.614062 0.294444 0.192708 0.155556
16 0.854053 0.557966 0.221445 0.250653
77 0.865604 0.468459 0.129297 0.040741
64 0.853646 0.585185 0.121875 0.155556
62 0.922396 0.468519 0.026042 0.033333
18 0.134607 0.823993 0.220427 0.239946
77 0.152453 0.738576 0.141876 0.040741
42 0.134896 0.850926 0.109375 0.138889
9 0.623643 0.541659 0.224941 0.238583
77 0.596221 0.465442 0.112500 0.047518
49 0.623958 0.573148 0.200000 0.138889
19 0.133910 0.273876 0.216417 0.251089
77 0.133910 0.189024 0.114073 0.040741
23 0.134375 0.300926 0.120833 0.153704
17 0.372179 0.549572 0.216577 0.254882
77 0.372179 0.459333 0.163583 0.040741
5 0.371875 0.577778 0.191667 0.162963
18 0.375026 0.276988 0.226112 0.254639
77 0.375026 0.192257 0.141840 0.048121
74 0.375000 0.308333 0.120833 0.153704
30 0.456250 0.184259 0.025000 0.031481
9 0.135260 0.547983 0.217073 0.246208
77 0.101958 0.459500 0.112500 0.042286
45 0.134896 0.576852 0.117708 0.150000
76 0.213021 0.455556 0.017708 0.022222
