77 0.500000 0.072222 0.440000 0.077778
17 0.372020 0.541723 0.221335 0.241899
77 0.372020 0.460295 0.140949 0.040741
81 0.371875 0.569444 0.195833 0.150000
9 0.377619 0.832807 0.216287 0.237721
77 0.377619 0.748530 0.115128 0.041503
64 0.378125 0.860185 0.106250 0.135185
63 0.451042 0.749074 0.025000 0.031481
19 0.613579 0.263044 0.216940 0.246226
77 0.613579 0.177955 0.112500 0.046491
73 0.613542 0.294444 0.104167 0.133333
30 0.679688 0.175926 0.026042 0.033333
16 0.135483 0.557817 0.216001 0.254993
77 0.135483 0.469971 0.112500 0.049906
19 0.135937 0.589815 0.190625 0.153704
17 0.137521 0.263635 0.219942 0.237846
77 0.137521 0.185392 0.112500 0.040741
16 0.138021 0.290741 0.194792 0.144444
8 0.132608 0.824446 0.215001 0.243822
77 0.142821 0.744091 0.112500 0.046307
35 0.132812 0.854630 0.101042 0.127778
9 0.856028 0.551838 0.224058 0.253280
77 0.845374 0.460969 0.138289 0.041467
90 0.855729 0.579630 0.198958 0.159259
14 0.862925 0.260197 0.219651 0.242855
77 0.852204 0.180480 0.133368 0.043256
9 0.863021 0.288889 0.194792 0.148148
23 0.931250 0.175000 0.025000 0.031481
20 0.620408 0.549309 0.217308 0.239981
77 0.620408 0.467380 0.168191 0.040741
0 0.620313 0.577778 0.192708 0.148148
16 0.372735 0.269314 0.222705 0.245221
77 0.357504 0.185382 0.124958 0.040741
6 0.372917 0.296296 0.197917 0.151852
