77 0.500000 0.072222 0.440000 0.077778
14 0.375822 0.828434 0.223317 0.250538
77 0.398319 0.745809 0.144475 0.047210
18 0.376042 0.859259 0.197917 0.151852
32 0.449479 0.738889 0.023958 0.029630
20 0.857687 0.269655 0.217617 0.241344
77 0.850357 0.188771 0.147419 0.047386
70 0.857812 0.300926 0.192708 0.142593
9 0.865319 0.544489 0.226489 0.241702
77 0.850619 0.461954 0.170746 0.044348
80 0.865104 0.573148 0.201042 0.146296
18 0.376928 0.556284 0.222787 0.254395
77 0.376928 0.467689 0.112500 0.043134
0 0.377083 0.585185 0.197917 0.159259
20 0.128593 0.262887 0.215402 0.243665
77 0.140108 0.179698 0.136422 0.040741
60 0.128646 0.290741 0.190625 0.151852
17 0.617005 0.267967 0.215883 0.243783
77 0.617005 0.184413 0.139949 0.044063
40 0.617188 0.298148 0.190625 0.148148
27 0.693229 0.182407 0.023958 0.031481
8 0.619376 0.553021 0.216479 0.250433
77 0.619376 0.461824 0.164182 0.040741
67 0.619792 0.580556 0.191667 0.157407
37 0.684375 0.463889 0.027083 0.035185
9 0.135760 0.821087 0.226004 0.240793
77 0.145811 0.736790 0.124874 0.040741
83 0.135937 0.848148 0.201042 0.148148
27 0.213542 0.735185 0.022917 0.029630
14 0.374280 0.266471 0.224421 0.244958
77 0.374280 0.179614 0.112500 0.040741
37 0.374479 0.294444 0.105208 0.133333
23 0.453646 0.178704 0.021875 0.027778
8 0.129759 0.540512 0.215499 0.243915
77 0.141735 0.452751 0.131120 0.040741
79 0.129688 0.568519 0.190625 0.151852
