77 0.500000 0.072222 0.440000 0.077778
13 0.859177 0.277860 0.219521 0.252152
77 0.821843 0.191419 0.117716 0.040741
83 0.858854 0.305556 0.194792 0.159259
15 0.133665 0.547140 0.219569 0.238652
77 0.133665 0.464728 0.136972 0.040741
73 0.133854 0.574074 0.111458 0.140741
76 0.205208 0.460185 0.018750 0.024074
12 0.854818 0.542700 0.216621 0.243550
77 0.854818 0.461388 0.112500 0.040741
80 0.855208 0.570370 0.191667 0.151852
8 0.375324 0.553848 0.214412 0.255396
77 0.375324 0.462607 0.140597 0.046063
39 0.375000 0.584259 0.189583 0.157407
11 0.378452 0.265630 0.220633 0.241614
77 0.378452 0.181736 0.128093 0.040741
4 0.378125 0.292593 0.195833 0.148148
16 0.129736 0.262340 0.218733 0.247444
77 0.129736 0.176289 0.169551 0.046060
55 0.130208 0.293519 0.193750 0.150000
37 0.206250 0.172222 0.020833 0.025926
17 0.130567 0.833265 0.218353 0.254573
77 0.114096 0.747044 0.112500 0.050421
16 0.130208 0.866667 0.193750 0.151852
9 0.611217 0.544374 0.215311 0.237675
77 0.611217 0.462004 0.161495 0.040741
84 0.610938 0.572222 0.190625 0.144444
63 0.675000 0.456481 0.018750 0.024074
12 0.620577 0.277637 0.219457 0.255397
77 0.628615 0.190188 0.156977 0.040741
8 0.620313 0.305556 0.194792 0.162963
16 0.376367 0.824695 0.221881 0.237624
77 0.354430 0.741229 0.156291 0.042744
49 0.376563 0.852778 0.196875 0.142593
23 0.440104 0.737963 0.019792 0.024074
