77 0.500000 0.072222 0.440000 0.077778
19 0.858454 0.551311 0.223109 0.246845
77 0.858454 0.465948 0.142352 0.040741
50 0.858333 0.578704 0.197917 0.153704
23 0.927604 0.461111 0.019792 0.025926
20 0.373999 0.272374 0.221951 0.246071
77 0.386936 0.183204 0.167334 0.041084
87 0.374479 0.300926 0.196875 0.153704
12 0.127996 0.822159 0.215288 0.238653
77 0.127996 0.739449 0.118216 0.043750
63 0.128125 0.850926 0.112500 0.142593
32 0.203646 0.733333 0.017708 0.022222
13 0.618225 0.551461 0.225879 0.240235
77 0.618225 0.469845 0.162104 0.040741
6 0.618229 0.579630 0.201042 0.148148
14 0.379522 0.830650 0.223769 0.247856
77 0.379522 0.743425 0.114132 0.042061
46 0.379688 0.858333 0.198958 0.153704
17 0.131205 0.551862 0.221968 0.240392
77 0.131205 0.471456 0.151806 0.040741
30 0.130729 0.580556 0.101042 0.127778
10 0.138769 0.261044 0.221382 0.239871
77 0.139779 0.178394 0.112500 0.040741
54 0.139063 0.288889 0.196875 0.148148
63 0.206250 0.175926 0.022917 0.029630
15 0.377708 0.551270 0.226409 0.245524
77 0.385253 0.465349 0.153296 0.040741
73 0.377604 0.579630 0.111458 0.140741
29 0.443229 0.464815 0.026042 0.033333
16 0.855659 0.276316 0.214218 0.251985
77 0.855659 0.189845 0.129964 0.040741
45 0.855208 0.304630 0.120833 0.153704
17 0.619140 0.276864 0.215476 0.254984
77 0.619140 0.188025 0.129363 0.048539
15 0.619271 0.308333 0.190625 0.153704
30 0.691146 0.181481 0.019792 0.025926
