77 0.500000 0.072222 0.440000 0.077778
11 0.612779 0.555176 0.219632 0.248743
77 0.607711 0.466783 0.128484 0.040741
80 0.613021 0.583333 0.194792 0.155556
17 0.861376 0.258137 0.225715 0.239339
77 0.861376 0.174432 0.158005 0.040741
26 0.860938 0.286111 0.201042 0.146296
13 0.617213 0.264806 0.225171 0.239621
77 0.617213 0.180408 0.140550 0.042814
77 0.617708 0.293519 0.179167 0.012963
16 0.141547 0.273628 0.224851 0.244015
77 0.154746 0.189830 0.168644 0.046981
21 0.141667 0.303704 0.200000 0.144444
15 0.374478 0.545329 0.221301 0.247127
77 0.374478 0.464696 0.127277 0.048907
75 0.373958 0.576852 0.195833 0.146296
15 0.135632 0.840830 0.217706 0.252612
77 0.136542 0.755865 0.134635 0.042922
34 0.135937 0.869444 0.078125 0.157407
76 0.197396 0.750000 0.026042 0.033333
17 0.377079 0.268386 0.225867 0.251290
77 0.411505 0.176107 0.112500 0.040741
1 0.376563 0.296296 0.201042 0.159259
9 0.132870 0.552372 0.215921 0.242551
77 0.139993 0.466832 0.141714 0.045249
70 0.132812 0.582407 0.190625 0.146296
17 0.857654 0.546328 0.215705 0.248934
77 0.857654 0.457703 0.166746 0.040741
65 0.857812 0.574074 0.190625 0.155556
16 0.379229 0.833371 0.222861 0.247240
77 0.379229 0.749831 0.112500 0.040741
45 0.379167 0.862037 0.106250 0.135185
32 0.447396 0.742593 0.019792 0.025926
