77 0.500000 0.072222 0.440000 0.077778
13 0.373869 0.540694 0.214382 0.242146
77 0.373869 0.454791 0.113114 0.040741
86 0.373958 0.567593 0.189583 0.150000
17 0.858085 0.264940 0.215117 0.240365
77 0.878030 0.178978 0.119467 0.040741
36 0.857812 0.292593 0.190625 0.148148
28 0.930729 0.175000 0.015625 0.020370
19 0.137897 0.544642 0.222919 0.248223
77 0.137897 0.459993 0.125627 0.040741
69 0.137500 0.572222 0.197917 0.155556
8 0.618865 0.262404 0.222648 0.246132
77 0.618865 0.176260 0.132978 0.040741
58 0.618750 0.289815 0.197917 0.153704
18 0.862885 0.544812 0.221508 0.241626
77 0.862885 0.461945 0.121664 0.043599
61 0.863021 0.573148 0.196875 0.146296
62 0.937500 0.457407 0.020833 0.025926
20 0.615724 0.558458 0.224330 0.254458
77 0.625656 0.466493 0.167401 0.040741
43 0.615625 0.587037 0.125000 0.159259
15 0.138883 0.266885 0.220599 0.247796
77 0.138883 0.182674 0.134796 0.040741
80 0.138542 0.294444 0.195833 0.155556
13 0.379703 0.272693 0.222542 0.254040
77 0.379703 0.188369 0.112500 0.050125
63 0.380208 0.304630 0.104167 0.131481
7 0.377837 0.835655 0.224555 0.243236
77 0.354215 0.753834 0.139905 0.040741
8 0.378125 0.863889 0.200000 0.150000
13 0.131714 0.832075 0.219340 0.254143
77 0.131714 0.738804 0.162751 0.040741
89 0.131250 0.860185 0.120833 0.153704
