77 0.500000 0.072222 0.440000 0.077778
14 0.375260 0.830028 0.215320 0.247020
77 0.375260 0.742751 0.162403 0.040741
9 0.375521 0.858333 0.190625 0.153704
13 0.613875 0.552611 0.218606 0.238950
77 0.613875 0.469107 0.136751 0.040741
16 0.613542 0.580556 0.193750 0.146296
14 0.614674 0.274019 0.221034 0.252350
77 0.614674 0.189346 0.121958 0.044123
60 0.614583 0.303704 0.195833 0.155556
8 0.139343 0.834750 0.225411 0.250764
77 0.129235 0.744893 0.169274 0.040741
84 0.139583 0.862037 0.200000 0.157407
62 0.209375 0.747222 0.031250 0.038889
16 0.371983 0.268950 0.215343 0.243912
77 0.371983 0.186590 0.112500 0.045937
47 0.372396 0.299074 0.190625 0.146296
12 0.141436 0.259122 0.222514 0.240847
77 0.147516 0.174930 0.145832 0.044231
46 0.141667 0.288889 0.197917 0.144444
12 0.859389 0.557378 0.214699 0.249669
77 0.859389 0.466748 0.136722 0.040741
33 0.859375 0.584259 0.106250 0.135185
15 0.854316 0.265601 0.219161 0.239987
77 0.837896 0.179164 0.140908 0.040741
27 0.854167 0.293519 0.100000 0.127778
19 0.370960 0.548484 0.214342 0.237531
77 0.370960 0.464576 0.148538 0.040741
57 0.370833 0.575926 0.189583 0.144444
63 0.436458 0.466667 0.027083 0.033333
16 0.133460 0.545968 0.215472 0.237588
77 0.133460 0.465580 0.112500 0.040741
86 0.133854 0.574074 0.190625 0.144444
30 0.210417 0.461111 0.022917 0.029630
