77 0.500000 0.072222 0.440000 0.077778
9 0.133641 0.262729 0.226002 0.242732
77 0.155586 0.178701 0.112500 0.040741
38 0.133854 0.289815 0.201042 0.150000
19 0.133134 0.548572 0.219039 0.239532
77 0.133134 0.464302 0.164939 0.040741
32 0.132812 0.575926 0.098958 0.125926
28 0.211458 0.465741 0.027083 0.035185
8 0.377483 0.266417 0.215198 0.249059
77 0.377483 0.180765 0.140304 0.043823
90 0.377604 0.295370 0.190625 0.153704
76 0.439583 0.173148 0.016667 0.020370
12 0.375536 0.544318 0.226357 0.250226
77 0.375536 0.458938 0.168953 0.040741
68 0.375521 0.571296 0.201042 0.157407
17 0.377122 0.826883 0.221880 0.247762
77 0.377122 0.743907 0.130310 0.048237
37 0.377604 0.858333 0.111458 0.142593
15 0.135039 0.823273 0.217444 0.240310
77 0.135039 0.745895 0.118542 0.046255
28 0.134896 0.854630 0.096875 0.124074
16 0.862593 0.550321 0.221630 0.245824
77 0.862593 0.460924 0.162924 0.040741
44 0.863021 0.577778 0.105208 0.133333
17 0.615963 0.555784 0.223199 0.254819
77 0.625722 0.469225 0.171676 0.045636
58 0.615625 0.586111 0.197917 0.157407
29 0.686979 0.464815 0.026042 0.033333
13 0.610857 0.271881 0.216906 0.252957
77 0.606771 0.186990 0.112500 0.044654
15 0.610417 0.301852 0.191667 0.155556
62 0.672917 0.179630 0.022917 0.029630
11 0.858491 0.278337 0.220772 0.254046
77 0.858491 0.187429 0.137084 0.040741
71 0.858333 0.306481 0.195833 0.161111
27 0.932813 0.184259 0.021875 0.027778
