77 0.500000 0.072222 0.440000 0.077778
9 0.372934 0.830594 0.214976 0.248906
77 0.372934 0.748273 0.150284 0.049599
25 0.373437 0.862037 0.109375 0.138889
28 0.442188 0.740741 0.023958 0.029630
8 0.130495 0.259577 0.220098 0.242750
77 0.130495 0.174168 0.112500 0.040741
31 0.130729 0.287963 0.115625 0.146296
14 0.617971 0.547878 0.221754 0.248287
77 0.617971 0.462778 0.119125 0.040741
32 0.617708 0.575000 0.112500 0.142593
16 0.380353 0.266937 0.226381 0.242596
77 0.358788 0.181062 0.122649 0.042642
83 0.380729 0.296296 0.201042 0.148148
19 0.856962 0.270909 0.222921 0.251120
77 0.820550 0.180575 0.120628 0.040741
36 0.857292 0.298148 0.197917 0.159259
15 0.138868 0.544508 0.224460 0.249306
77 0.127125 0.463040 0.169972 0.045744
68 0.139063 0.574074 0.198958 0.151852
8 0.378369 0.552678 0.225412 0.241676
77 0.378369 0.470122 0.172548 0.040741
2 0.378125 0.580556 0.200000 0.150000
12 0.855997 0.555396 0.220583 0.246647
77 0.855997 0.467763 0.135227 0.041168
16 0.856250 0.584259 0.195833 0.153704
32 0.933333 0.467593 0.027083 0.035185
9 0.611652 0.265026 0.218012 0.241106
77 0.589781 0.181227 0.131857 0.041798
34 0.611458 0.293519 0.064583 0.131481
12 0.132797 0.829168 0.223313 0.248433
77 0.132797 0.742427 0.112500 0.044011
72 0.132292 0.858333 0.108333 0.138889
63 0.206771 0.737963 0.021875 0.027778
