77 0.500000 0.072222 0.440000 0.077778
9 0.864387 0.272607 0.222675 0.254644
77 0.852175 0.180833 0.123661 0.040741
47 0.864583 0.300000 0.197917 0.162963
27 0.939063 0.180556 0.023958 0.031481
12 0.613685 0.555354 0.214429 0.247528
77 0.613685 0.465692 0.162977 0.040741
52 0.613542 0.583333 0.189583 0.155556
20 0.378281 0.831344 0.217157 0.237627
77 0.378281 0.749312 0.156916 0.041491
41 0.378125 0.860185 0.106250 0.135185
11 0.132454 0.551921 0.220483 0.252076
77 0.134926 0.468610 0.147458 0.045889
79 0.132292 0.582407 0.195833 0.153704
14 0.138298 0.832724 0.226264 0.239179
77 0.138298 0.753590 0.112500 0.040741
54 0.138021 0.860185 0.201042 0.146296
11 0.139387 0.269717 0.218670 0.247367
77 0.139387 0.184478 0.131690 0.041366
9 0.139583 0.297222 0.193750 0.153704
27 0.216667 0.184259 0.027083 0.035185
7 0.376227 0.552095 0.215654 0.252057
77 0.376227 0.460728 0.120475 0.040741
11 0.376563 0.579630 0.190625 0.159259
9 0.370530 0.273441 0.218967 0.255294
77 0.370530 0.189028 0.167754 0.047853
52 0.370833 0.305556 0.193750 0.155556
18 0.855158 0.543634 0.218633 0.245141
77 0.868432 0.460381 0.155990 0.040741
12 0.855208 0.572222 0.193750 0.151852
20 0.621081 0.274784 0.219186 0.252010
77 0.621081 0.187024 0.149589 0.040741
60 0.620833 0.301852 0.193750 0.159259
