77 0.500000 0.072222 0.440000 0.077778
12 0.380868 0.829225 0.220074 0.237759
77 0.380868 0.744356 0.132346 0.040741
55 0.380729 0.857407 0.194792 0.144444
62 0.444271 0.746296 0.026042 0.033333
7 0.864211 0.544688 0.225545 0.250218
77 0.878223 0.457794 0.112945 0.049454
86 0.864062 0.575926 0.201042 0.148148
8 0.376058 0.276225 0.218903 0.250568
77 0.376058 0.190779 0.130435 0.045740
20 0.376042 0.306481 0.193750 0.153704
62 0.446875 0.183333 0.020833 0.025926
16 0.855282 0.266377 0.221788 0.237205
77 0.855282 0.181813 0.112500 0.040741
68 0.855729 0.294444 0.196875 0.144444
10 0.615682 0.546260 0.219983 0.252936
77 0.615682 0.463973 0.112500 0.049448
39 0.616146 0.577778 0.194792 0.151852
23 0.679167 0.454630 0.025000 0.031481
17 0.139278 0.267444 0.224285 0.245285
77 0.139278 0.182930 0.154623 0.044228
40 0.139063 0.297222 0.198958 0.150000
19 0.134437 0.826082 0.216305 0.238522
77 0.134437 0.741760 0.165088 0.040741
66 0.134375 0.854630 0.191667 0.146296
19 0.138448 0.545213 0.222291 0.251714
77 0.157023 0.457503 0.112500 0.043251
35 0.138021 0.575000 0.115625 0.146296
13 0.623739 0.267701 0.224786 0.239285
77 0.623739 0.186918 0.112500 0.047003
27 0.623958 0.299074 0.106250 0.135185
62 0.690104 0.183333 0.023958 0.029630
7 0.370177 0.545817 0.215137 0.246178
77 0.370177 0.457268 0.119091 0.040741
51 0.370312 0.573148 0.190625 0.153704
