77 0.500000 0.072222 0.440000 0.077778
17 0.376127 0.832372 0.217697 0.255012
77 0.376127 0.742259 0.112500 0.040741
67 0.376563 0.859259 0.192708 0.162963
7 0.378425 0.545884 0.214308 0.249421
77 0.378425 0.464139 0.112500 0.049422
82 0.378125 0.577778 0.189583 0.148148
17 0.860137 0.545184 0.225439 0.247926
77 0.874564 0.464478 0.163854 0.047365
58 0.860417 0.575926 0.200000 0.148148
20 0.860914 0.266204 0.223979 0.245376
77 0.860914 0.184786 0.115125 0.048938
32 0.860938 0.297222 0.109375 0.138889
19 0.140106 0.828709 0.220237 0.246718
77 0.140106 0.746326 0.129573 0.042637
37 0.140625 0.858333 0.112500 0.142593
13 0.614557 0.274925 0.217274 0.246707
77 0.616044 0.192433 0.165294 0.048763
52 0.614062 0.306481 0.192708 0.146296
27 0.677604 0.188889 0.026042 0.033333
11 0.139587 0.275389 0.219925 0.251448
77 0.136485 0.183316 0.112500 0.040741
59 0.140104 0.303704 0.194792 0.159259
11 0.374423 0.274024 0.222374 0.253366
77 0.374423 0.185068 0.112500 0.045186
27 0.373958 0.304630 0.112500 0.142593
37 0.444271 0.177778 0.017708 0.022222
15 0.614560 0.540411 0.214915 0.243535
77 0.583327 0.455796 0.112500 0.040741
56 0.614583 0.568519 0.189583 0.151852
16 0.135158 0.541855 0.218349 0.244023
77 0.147479 0.455948 0.132856 0.040741
20 0.135417 0.570370 0.193750 0.151852
