77 0.500000 0.072222 0.440000 0.077778
7 0.373040 0.837072 0.221668 0.247811
77 0.373040 0.751310 0.118220 0.040826
86 0.373437 0.864815 0.196875 0.155556
17 0.613621 0.552343 0.214499 0.243226
77 0.613621 0.468544 0.147577 0.046144
18 0.613542 0.583333 0.189583 0.144444
16 0.616371 0.256931 0.214196 0.237300
77 0.655172 0.178766 0.112500 0.044262
0 0.616667 0.287037 0.189583 0.140741
23 0.681250 0.175000 0.027083 0.035185
9 0.143001 0.825975 0.225803 0.243069
77 0.143001 0.746126 0.136891 0.043146
9 0.143229 0.855556 0.201042 0.148148
37 0.209375 0.736111 0.018750 0.024074
9 0.860861 0.553390 0.225659 0.254432
77 0.860861 0.463987 0.172265 0.049145
53 0.860417 0.585185 0.116667 0.148148
11 0.138347 0.260442 0.221276 0.241615
77 0.138347 0.179910 0.157650 0.040741
74 0.138021 0.288889 0.105208 0.133333
9 0.375861 0.554586 0.224135 0.250134
77 0.382382 0.465891 0.137042 0.040741
27 0.376042 0.581481 0.116667 0.148148
37 0.452604 0.465741 0.023958 0.031481
12 0.377255 0.272587 0.218939 0.244750
77 0.377255 0.188245 0.135326 0.040741
61 0.377083 0.300000 0.193750 0.151852
18 0.855513 0.268324 0.219324 0.242514
77 0.855513 0.183437 0.136204 0.040741
50 0.855729 0.295370 0.194792 0.150000
19 0.134118 0.550436 0.215126 0.254872
77 0.133055 0.459877 0.165441 0.040741
14 0.133854 0.577778 0.190625 0.162963
23 0.211458 0.452778 0.018750 0.024074
