77 0.500000 0.072222 0.440000 0.077778
11 0.615830 0.270222 0.224876 0.237474
77 0.615830 0.186673 0.163147 0.040741
11 0.615625 0.298148 0.200000 0.144444
13 0.377373 0.830479 0.214112 0.242349
77 0.350142 0.746520 0.112500 0.045110
42 0.377604 0.860185 0.101042 0.127778
19 0.130040 0.268667 0.216796 0.251257
77 0.133277 0.182204 0.115605 0.046750
32 0.129688 0.300000 0.113542 0.144444
12 0.141333 0.550854 0.222628 0.246653
77 0.141333 0.466038 0.160575 0.042241
34 0.141146 0.579630 0.073958 0.148148
17 0.372472 0.267327 0.220108 0.241285
77 0.372472 0.184849 0.112500 0.045363
23 0.372396 0.297222 0.101042 0.127778
12 0.374629 0.550946 0.216297 0.253100
77 0.374629 0.463712 0.121353 0.040741
41 0.374479 0.579630 0.115625 0.148148
11 0.135954 0.835610 0.225640 0.247710
77 0.164445 0.747672 0.120903 0.040741
67 0.135937 0.862963 0.201042 0.155556
76 0.213542 0.748148 0.027083 0.033333
12 0.851444 0.557384 0.215121 0.248838
77 0.851444 0.476722 0.164727 0.048612
5 0.851562 0.588889 0.190625 0.148148
15 0.620853 0.555679 0.224005 0.245882
77 0.620853 0.472126 0.168738 0.040741
75 0.621354 0.584259 0.198958 0.153704
18 0.862388 0.272336 0.225372 0.255196
77 0.878064 0.185358 0.141701 0.042102
27 0.862500 0.300000 0.125000 0.159259
