77 0.500000 0.072222 0.440000 0.077778
11 0.131383 0.273525 0.220419 0.243352
77 0.140067 0.186764 0.162202 0.040741
70 0.131250 0.300926 0.195833 0.150000
32 0.201042 0.187963 0.025000 0.031481
19 0.377659 0.839007 0.215530 0.249368
77 0.377659 0.751286 0.147343 0.041950
36 0.377604 0.866667 0.190625 0.155556
19 0.862738 0.266043 0.218466 0.253979
77 0.870818 0.174700 0.152273 0.043724
38 0.862500 0.294444 0.193750 0.159259
76 0.927604 0.174074 0.023958 0.029630
18 0.137907 0.542385 0.222057 0.243526
77 0.137907 0.454095 0.160858 0.040741
79 0.138021 0.570370 0.196875 0.151852
18 0.855744 0.543908 0.215995 0.242900
77 0.855744 0.457905 0.135852 0.040741
88 0.855729 0.571296 0.190625 0.150000
8 0.138825 0.831432 0.224521 0.255512
77 0.138825 0.741382 0.131477 0.040741
55 0.138542 0.859259 0.200000 0.162963
14 0.375850 0.539501 0.214843 0.239390
77 0.375850 0.454740 0.125444 0.040741
67 0.376042 0.567593 0.189583 0.146296
11 0.617557 0.545774 0.218957 0.248484
77 0.625681 0.463606 0.140396 0.046035
53 0.617188 0.575926 0.113542 0.144444
19 0.370795 0.271222 0.214752 0.246326
77 0.370795 0.188086 0.112500 0.040741
57 0.370833 0.299074 0.189583 0.153704
8 0.619806 0.272667 0.222754 0.249134
77 0.647578 0.183999 0.112500 0.040741
13 0.619792 0.300926 0.197917 0.157407
