77 0.500000 0.072222 0.440000 0.077778
11 0.615524 0.542920 0.214379 0.239746
77 0.615524 0.461293 0.127521 0.040741
46 0.615625 0.571296 0.189583 0.146296
63 0.684896 0.459259 0.026042 0.033333
18 0.369291 0.273914 0.215515 0.246024
77 0.369291 0.189061 0.142098 0.048832
14 0.369271 0.305556 0.190625 0.144444
63 0.438542 0.188889 0.029167 0.037037
16 0.854530 0.543638 0.221370 0.238122
77 0.854530 0.459860 0.135842 0.042765
49 0.854688 0.573148 0.196875 0.142593
30 0.920312 0.458333 0.021875 0.027778
13 0.129554 0.830444 0.217140 0.240187
77 0.166234 0.750759 0.116431 0.040741
36 0.129167 0.857407 0.191667 0.148148
20 0.858029 0.268847 0.222131 0.239018
77 0.858029 0.185404 0.112500 0.045381
2 0.857812 0.299074 0.196875 0.142593
9 0.135584 0.552055 0.220571 0.252269
77 0.135584 0.463271 0.160098 0.041460
86 0.135417 0.579630 0.195833 0.159259
18 0.134568 0.264071 0.224793 0.240852
77 0.134568 0.184009 0.136507 0.046505
73 0.134375 0.294444 0.110417 0.140741
13 0.375278 0.824565 0.216154 0.238069
77 0.389076 0.741942 0.166379 0.043418
15 0.375000 0.852778 0.191667 0.142593
14 0.375169 0.554475 0.224349 0.245068
77 0.375169 0.468770 0.168151 0.040741
84 0.375521 0.581481 0.198958 0.151852
17 0.620253 0.269393 0.216907 0.248796
77 0.620253 0.184787 0.112500 0.048176
47 0.619792 0.300000 0.191667 0.148148
