77 0.500000 0.072222 0.440000 0.077778
10 0.380401 0.829021 0.218162 0.241307
77 0.380401 0.743084 0.112500 0.040741
48 0.380729 0.857407 0.192708 0.148148
17 0.615330 0.268029 0.219018 0.251457
77 0.615330 0.186583 0.145438 0.048779
16 0.615625 0.299074 0.193750 0.150000
23 0.686458 0.176852 0.025000 0.031481
12 0.375693 0.261544 0.219756 0.248278
77 0.375693 0.178356 0.112500 0.043704
45 0.375521 0.290741 0.105208 0.133333
7 0.621937 0.554782 0.222716 0.248613
77 0.607170 0.467777 0.169476 0.046381
54 0.621875 0.586111 0.197917 0.150000
9 0.141591 0.822929 0.225484 0.245215
77 0.119916 0.735646 0.112500 0.040741
22 0.141667 0.850000 0.200000 0.151852
16 0.139163 0.272420 0.219611 0.245436
77 0.139163 0.191044 0.157890 0.042007
64 0.139583 0.300000 0.108333 0.137037
14 0.852290 0.543238 0.215690 0.241516
77 0.852290 0.456771 0.147406 0.041392
27 0.852604 0.572222 0.107292 0.137037
62 0.915625 0.457407 0.027083 0.033333
15 0.141989 0.544193 0.226078 0.241972
77 0.141989 0.463923 0.155220 0.046089
77 0.141667 0.574074 0.195833 0.014815
14 0.862016 0.272276 0.224828 0.253385
77 0.862016 0.184455 0.157835 0.050135
18 0.862500 0.305556 0.200000 0.151852
63 0.933854 0.184259 0.028125 0.035185
10 0.370826 0.551003 0.215935 0.246021
77 0.370826 0.463944 0.134443 0.040741
72 0.370833 0.578704 0.118750 0.150000
62 0.441146 0.459259 0.019792 0.025926
