77 0.500000 0.072222 0.440000 0.077778
19 0.854434 0.267929 0.218697 0.241541
77 0.872701 0.186471 0.145258 0.040741
68 0.854167 0.296296 0.193750 0.148148
13 0.611446 0.547139 0.216452 0.249698
77 0.611446 0.462566 0.163920 0.040741
24 0.610938 0.575000 0.115625 0.146296
14 0.127233 0.554018 0.214779 0.241683
77 0.099597 0.471716 0.136245 0.040741
14 0.127083 0.582407 0.189583 0.150000
37 0.195312 0.462963 0.017708 0.022222
8 0.620366 0.258816 0.215924 0.238762
77 0.620366 0.174849 0.149773 0.040741
73 0.620833 0.287037 0.102083 0.129630
9 0.369259 0.830706 0.215370 0.245337
77 0.369259 0.747845 0.124140 0.048070
55 0.369271 0.862037 0.190625 0.146296
11 0.378109 0.547555 0.218044 0.249327
77 0.381497 0.460393 0.145951 0.040741
20 0.377604 0.575000 0.192708 0.157407
16 0.859832 0.547679 0.224037 0.247376
77 0.859832 0.467016 0.150128 0.045717
21 0.859896 0.578704 0.198958 0.150000
7 0.138100 0.266869 0.222448 0.243816
77 0.138100 0.183100 0.155179 0.042684
15 0.138542 0.295370 0.197917 0.150000
8 0.133440 0.828679 0.220230 0.249205
77 0.144229 0.740343 0.171043 0.040741
30 0.133333 0.855556 0.116667 0.148148
27 0.204167 0.734259 0.018750 0.024074
20 0.374160 0.274768 0.215473 0.255413
77 0.374160 0.184721 0.152488 0.046792
67 0.374479 0.306481 0.190625 0.157407
