77 0.500000 0.072222 0.440000 0.077778
18 0.614212 0.271029 0.223881 0.239117
77 0.631617 0.189052 0.120571 0.040741
41 0.614062 0.298148 0.111458 0.140741
62 0.682292 0.188889 0.027083 0.033333
17 0.378487 0.539516 0.224696 0.240926
77 0.378487 0.454337 0.130789 0.043848
64 0.378646 0.568519 0.098958 0.125926
63 0.447917 0.458333 0.031250 0.038889
10 0.138442 0.265359 0.219395 0.238811
77 0.138442 0.181301 0.115600 0.042929
3 0.138542 0.294444 0.137500 0.137037
15 0.375356 0.836315 0.222274 0.251014
77 0.375356 0.750477 0.165834 0.041096
65 0.375521 0.863889 0.196875 0.157407
23 0.447396 0.745370 0.021875 0.027778
19 0.373633 0.265731 0.218453 0.239256
77 0.373633 0.183022 0.120794 0.043779
15 0.373958 0.294444 0.193750 0.144444
8 0.611264 0.545285 0.215495 0.244689
77 0.611264 0.456690 0.116665 0.041046
88 0.610938 0.574074 0.190625 0.151852
9 0.132217 0.546765 0.220690 0.241339
77 0.132217 0.459841 0.137665 0.041318
24 0.132292 0.575000 0.106250 0.135185
12 0.858239 0.557079 0.222228 0.254841
77 0.858239 0.463214 0.144938 0.040741
13 0.857812 0.585185 0.196875 0.162963
14 0.861766 0.272174 0.220429 0.249170
77 0.861766 0.187897 0.159785 0.043271
33 0.861979 0.301852 0.113542 0.144444
16 0.132206 0.832722 0.220062 0.241437
77 0.115435 0.747972 0.153346 0.042026
19 0.131771 0.861111 0.194792 0.148148
