77 0.500000 0.072222 0.440000 0.077778
16 0.131829 0.545808 0.216533 0.253042
77 0.140301 0.453283 0.154362 0.040741
13 0.132292 0.573148 0.191667 0.161111
62 0.203646 0.452778 0.019792 0.024074
19 0.612843 0.271257 0.218122 0.253690
77 0.581869 0.179180 0.132287 0.040741
45 0.613021 0.299074 0.121875 0.153704
32 0.684896 0.175926 0.019792 0.025926
14 0.859279 0.552285 0.218341 0.255471
77 0.859279 0.468537 0.123097 0.049858
87 0.859375 0.584259 0.193750 0.153704
19 0.139236 0.824933 0.225958 0.239912
77 0.136892 0.740836 0.140436 0.040741
56 0.139063 0.851852 0.201042 0.148148
18 0.377459 0.555510 0.218407 0.251575
77 0.377459 0.463430 0.112500 0.041029
25 0.377604 0.583333 0.113542 0.144444
19 0.373984 0.273509 0.215545 0.248983
77 0.373984 0.187710 0.124365 0.045590
54 0.374479 0.303704 0.190625 0.151852
28 0.445833 0.187963 0.027083 0.035185
17 0.384189 0.831134 0.226090 0.250676
77 0.384189 0.747178 0.136670 0.042810
22 0.383854 0.859259 0.201042 0.155556
15 0.858356 0.270284 0.225622 0.251861
77 0.858356 0.184962 0.173548 0.049037
78 0.858854 0.301852 0.201042 0.151852
30 0.939063 0.178704 0.021875 0.027778
10 0.134651 0.273646 0.222076 0.243598
77 0.132865 0.191102 0.170627 0.040741
3 0.134375 0.300926 0.131250 0.131481
23 0.202083 0.185185 0.022917 0.029630
9 0.614702 0.558819 0.225151 0.252693
77 0.614702 0.466973 0.121647 0.040741
84 0.614583 0.587037 0.200000 0.159259
