77 0.500000 0.072222 0.440000 0.077778
12 0.128996 0.824669 0.214072 0.244025
77 0.128996 0.736209 0.145883 0.040741
58 0.129167 0.851852 0.189583 0.151852
18 0.617747 0.547561 0.215711 0.242803
77 0.617747 0.461676 0.142853 0.043971
81 0.618229 0.576852 0.190625 0.146296
10 0.855335 0.557119 0.220630 0.248380
77 0.855335 0.470798 0.154800 0.043102
11 0.855208 0.586111 0.195833 0.153704
18 0.373030 0.835445 0.220371 0.248793
77 0.373030 0.751342 0.119134 0.040741
70 0.372917 0.862963 0.195833 0.155556
15 0.855294 0.267263 0.215337 0.246299
77 0.855294 0.180907 0.136329 0.040741
35 0.855729 0.295370 0.109375 0.138889
16 0.615972 0.268367 0.221796 0.240121
77 0.615972 0.185124 0.134822 0.040741
16 0.616146 0.296296 0.196875 0.148148
37 0.688542 0.184259 0.025000 0.031481
10 0.137168 0.539399 0.219020 0.239178
77 0.137168 0.459202 0.117176 0.040741
44 0.136979 0.567593 0.109375 0.138889
27 0.211979 0.453704 0.023958 0.029630
20 0.132045 0.273708 0.224365 0.250857
77 0.132045 0.184751 0.124525 0.040741
27 0.132292 0.300926 0.114583 0.146296
19 0.382084 0.268957 0.225311 0.254262
77 0.366110 0.181074 0.152957 0.040741
82 0.382292 0.297222 0.200000 0.161111
29 0.462500 0.173148 0.018750 0.024074
15 0.381870 0.553525 0.224383 0.243217
77 0.375911 0.468493 0.142777 0.043084
85 0.381771 0.583333 0.198958 0.148148
