77 0.500000 0.072222 0.440000 0.077778
10 0.370445 0.258961 0.214303 0.242797
77 0.351877 0.173792 0.154192 0.040741
15 0.370833 0.286111 0.189583 0.150000
20 0.379770 0.551159 0.220704 0.239220
77 0.379770 0.469650 0.116080 0.040741
34 0.380208 0.578704 0.068750 0.138889
7 0.859922 0.267653 0.224891 0.255251
77 0.859922 0.181800 0.131769 0.050106
80 0.860417 0.300926 0.200000 0.153704
18 0.610411 0.264236 0.215710 0.245383
77 0.580745 0.182039 0.116701 0.040741
70 0.609896 0.291667 0.190625 0.153704
15 0.131704 0.553157 0.223060 0.254501
77 0.131704 0.471073 0.126731 0.049853
50 0.131250 0.586111 0.197917 0.153704
31 0.201563 0.457407 0.017708 0.022222
14 0.376895 0.836789 0.216540 0.251223
77 0.358132 0.752422 0.112500 0.044528
53 0.377083 0.866667 0.110417 0.140741
14 0.135078 0.264641 0.224069 0.245653
77 0.135078 0.182323 0.112500 0.040741
68 0.134896 0.291667 0.198958 0.153704
10 0.859842 0.551666 0.215109 0.250117
77 0.859842 0.468052 0.112500 0.042185
33 0.859375 0.580556 0.110417 0.142593
27 0.928125 0.464815 0.029167 0.037037
14 0.621078 0.556940 0.225585 0.253318
77 0.621078 0.468672 0.112500 0.049547
61 0.621354 0.588889 0.201042 0.151852
7 0.138354 0.832082 0.222942 0.249325
77 0.142611 0.746796 0.133406 0.040741
36 0.138542 0.860185 0.197917 0.157407
