77 0.500000 0.072222 0.440000 0.077778
7 0.618702 0.260528 0.220732 0.243055
77 0.618702 0.176680 0.123314 0.043111
69 0.618750 0.288889 0.195833 0.148148
11 0.139092 0.550915 0.219046 0.255518
77 0.139092 0.467140 0.112500 0.047678
3 0.139063 0.581481 0.148958 0.148148
20 0.618590 0.543850 0.216521 0.242679
77 0.633772 0.458465 0.115195 0.043717
51 0.618750 0.573148 0.191667 0.146296
15 0.376812 0.556553 0.226414 0.251912
77 0.376812 0.470361 0.114697 0.040741
83 0.376563 0.585185 0.201042 0.159259
15 0.863928 0.276379 0.224239 0.252776
77 0.863928 0.192373 0.116773 0.050296
61 0.864062 0.308333 0.198958 0.150000
13 0.137803 0.273004 0.218736 0.253091
77 0.137803 0.191422 0.130651 0.050542
8 0.137500 0.306481 0.193750 0.150000
9 0.379197 0.828687 0.223880 0.254942
77 0.382762 0.739727 0.163072 0.040741
77 0.379688 0.855556 0.196875 0.014815
63 0.445833 0.732407 0.016667 0.020370
12 0.865695 0.544274 0.224251 0.250418
77 0.865695 0.458601 0.146148 0.043004
62 0.866146 0.573148 0.117708 0.150000
12 0.376776 0.265948 0.219861 0.244601
77 0.376776 0.179031 0.112500 0.044101
5 0.376563 0.296296 0.194792 0.148148
8 0.135431 0.826458 0.221330 0.251866
77 0.114460 0.736566 0.142700 0.040741
42 0.135417 0.854630 0.118750 0.150000
31 0.206771 0.736111 0.023958 0.031481
