77 0.500000 0.072222 0.440000 0.077778
19 0.134017 0.829749 0.221224 0.246384
77 0.130011 0.740196 0.171183 0.040741
38 0.134375 0.858333 0.195833 0.153704
18 0.127594 0.543501 0.214379 0.241225
77 0.127594 0.463361 0.112500 0.040741
76 0.127604 0.571296 0.103125 0.131481
63 0.204687 0.456481 0.021875 0.027778
7 0.617413 0.263068 0.225309 0.246518
77 0.617413 0.177918 0.117881 0.040741
46 0.617708 0.291667 0.200000 0.153704
14 0.374916 0.259111 0.225350 0.238613
77 0.374916 0.174306 0.174488 0.040741
85 0.375000 0.286111 0.200000 0.146296
9 0.613839 0.555398 0.222766 0.245389
77 0.594203 0.474737 0.113632 0.046705
82 0.613542 0.586111 0.197917 0.146296
20 0.853954 0.275396 0.217948 0.253914
77 0.853954 0.188207 0.141634 0.049447
80 0.853646 0.307407 0.192708 0.151852
14 0.137512 0.267174 0.226007 0.248618
77 0.137512 0.182875 0.112500 0.041818
67 0.138021 0.296296 0.201042 0.155556
27 0.203125 0.175926 0.020833 0.025926
14 0.379421 0.824888 0.226509 0.239188
77 0.379421 0.741220 0.140100 0.040741
7 0.379688 0.852778 0.201042 0.146296
14 0.864065 0.551714 0.222342 0.255464
77 0.864065 0.464213 0.171627 0.048731
24 0.864062 0.583333 0.119792 0.151852
19 0.375260 0.558175 0.217961 0.252731
77 0.375260 0.467976 0.143310 0.040741
75 0.375521 0.585185 0.192708 0.159259
