77 0.500000 0.072222 0.440000 0.077778
7 0.860061 0.558964 0.219970 0.252671
77 0.860061 0.469274 0.112500 0.040741
47 0.859896 0.587037 0.194792 0.159259
31 0.927083 0.463889 0.018750 0.024074
18 0.135134 0.834561 0.224914 0.245725
77 0.124857 0.746888 0.112500 0.040741
8 0.135417 0.862037 0.200000 0.153704
13 0.617084 0.553360 0.224624 0.247011
77 0.617817 0.465793 0.130272 0.042875
45 0.617188 0.581481 0.115625 0.148148
15 0.612118 0.270420 0.217236 0.247816
77 0.612118 0.184892 0.133462 0.040741
46 0.611979 0.298148 0.192708 0.155556
62 0.688542 0.181481 0.022917 0.029630
8 0.139511 0.548232 0.220810 0.246651
77 0.095826 0.466480 0.112500 0.048943
34 0.139063 0.580556 0.071875 0.146296
19 0.134820 0.268206 0.222159 0.240514
77 0.144772 0.186329 0.135385 0.040741
27 0.134896 0.295370 0.109375 0.138889
13 0.370877 0.826830 0.218191 0.252336
77 0.370877 0.738699 0.117511 0.046016
40 0.371354 0.856481 0.192708 0.153704
20 0.378372 0.550979 0.218188 0.252227
77 0.378372 0.463541 0.123288 0.040741
50 0.378646 0.579630 0.192708 0.159259
62 0.445833 0.458333 0.020833 0.027778
12 0.858440 0.271492 0.218304 0.250937
77 0.899124 0.184719 0.112500 0.045197
44 0.858854 0.301852 0.107292 0.137037
11 0.378842 0.272462 0.223456 0.248661
77 0.386926 0.186747 0.147437 0.040741
33 0.378646 0.300000 0.107292 0.137037
76 0.452083 0.186111 0.027083 0.035185
