77 0.500000 0.072222 0.440000 0.077778
10 0.383089 0.829775 0.224616 0.246314
77 0.383089 0.747155 0.136400 0.048000
22 0.383333 0.862037 0.200000 0.146296
18 0.617666 0.268361 0.218460 0.243771
77 0.641162 0.185683 0.139745 0.040741
13 0.617708 0.296296 0.193750 0.151852
62 0.694792 0.180556 0.025000 0.031481
20 0.621939 0.555571 0.222624 0.250833
77 0.621939 0.468348 0.112500 0.049901
58 0.621875 0.587963 0.197917 0.150000
18 0.383181 0.276034 0.225622 0.255317
77 0.383181 0.182140 0.149257 0.040741
30 0.382812 0.303704 0.111458 0.140741
11 0.136918 0.551992 0.216634 0.246168
77 0.155227 0.467105 0.132297 0.043779
26 0.136458 0.580556 0.191667 0.150000
17 0.380878 0.545311 0.223501 0.242025
77 0.380878 0.464209 0.112500 0.048220
66 0.380729 0.576852 0.198958 0.142593
23 0.461458 0.460185 0.025000 0.031481
18 0.135131 0.260263 0.220553 0.238046
77 0.093522 0.184724 0.112500 0.046532
85 0.135417 0.291667 0.195833 0.138889
19 0.133333 0.821322 0.221013 0.241015
77 0.133333 0.734263 0.162865 0.040741
89 0.133333 0.849074 0.106250 0.135185
11 0.853266 0.550507 0.218240 0.245404
77 0.853266 0.466498 0.140560 0.040741
33 0.853646 0.577778 0.115625 0.148148
15 0.863224 0.268683 0.225654 0.240612
77 0.876576 0.186251 0.155191 0.040741
51 0.863021 0.296296 0.201042 0.148148
