77 0.500000 0.072222 0.440000 0.077778
10 0.613278 0.543456 0.221531 0.247295
77 0.637973 0.457241 0.112500 0.040741
35 0.613542 0.571296 0.108333 0.138889
29 0.689063 0.458333 0.028125 0.035185
9 0.382177 0.833028 0.225319 0.239731
77 0.382177 0.749062 0.112500 0.040741
21 0.382292 0.860185 0.200000 0.146296
37 0.452604 0.745370 0.021875 0.027778
12 0.618826 0.265581 0.214374 0.242487
77 0.618826 0.180076 0.156957 0.040741
4 0.618750 0.293519 0.189583 0.150000
18 0.376968 0.549413 0.225456 0.252904
77 0.376968 0.458170 0.156903 0.044286
72 0.377083 0.579630 0.118750 0.151852
14 0.853201 0.538515 0.216710 0.239148
77 0.853201 0.459337 0.112500 0.040741
73 0.853646 0.565741 0.101042 0.127778
16 0.130074 0.829351 0.219246 0.251848
77 0.136243 0.741019 0.123233 0.046888
84 0.130208 0.860185 0.193750 0.153704
30 0.195312 0.737037 0.019792 0.025926
17 0.862725 0.263031 0.225712 0.249675
77 0.841318 0.175448 0.132524 0.043447
46 0.863021 0.291667 0.201042 0.153704
76 0.944271 0.170370 0.019792 0.025926
9 0.137543 0.267129 0.214702 0.237365
77 0.124895 0.184078 0.112500 0.040741
10 0.137500 0.294444 0.189583 0.144444
20 0.383425 0.267611 0.224471 0.247199
77 0.363002 0.183872 0.138093 0.043707
79 0.383854 0.296296 0.198958 0.151852
19 0.137128 0.541489 0.226048 0.242515
77 0.131561 0.460340 0.151620 0.040741
81 0.136979 0.569444 0.201042 0.150000
