77 0.500000 0.072222 0.440000 0.077778
15 0.621232 0.266565 0.226112 0.254541
77 0.621232 0.176356 0.142391 0.040741
88 0.621354 0.293519 0.201042 0.161111
8 0.381690 0.543234 0.222491 0.247808
77 0.392972 0.458340 0.130193 0.040741
69 0.381250 0.570370 0.197917 0.155556
31 0.449479 0.457407 0.028125 0.037037
17 0.860839 0.266352 0.218090 0.244872
77 0.860839 0.182512 0.155603 0.040741
35 0.860938 0.293519 0.103125 0.131481
30 0.934375 0.175926 0.020833 0.025926
19 0.620650 0.546941 0.223478 0.249825
77 0.620650 0.458927 0.126510 0.041348
89 0.620313 0.575000 0.117708 0.150000
27 0.695312 0.457407 0.026042 0.033333
8 0.378700 0.258125 0.218676 0.238619
77 0.378700 0.181642 0.114103 0.045328
41 0.378646 0.287963 0.103125 0.131481
19 0.129688 0.543610 0.218905 0.247811
77 0.129688 0.457283 0.115556 0.040741
59 0.130208 0.572222 0.193750 0.155556
16 0.132500 0.827190 0.224626 0.244620
77 0.129255 0.744149 0.173584 0.041367
85 0.132292 0.855556 0.200000 0.151852
29 0.202604 0.742593 0.026042 0.033333
10 0.133060 0.270398 0.216633 0.248186
77 0.161358 0.187835 0.126415 0.044277
24 0.133333 0.300000 0.110417 0.140741
31 0.209896 0.177778 0.019792 0.025926
8 0.375074 0.835860 0.217015 0.250756
77 0.375074 0.749917 0.112500 0.043920
75 0.375000 0.864815 0.191667 0.155556
15 0.858167 0.547867 0.226441 0.248994
77 0.855942 0.457341 0.112500 0.040741
19 0.857812 0.575926 0.201042 0.155556
