77 0.500000 0.072222 0.440000 0.077778
15 0.858728 0.538346 0.222610 0.239377
77 0.858728 0.457166 0.134067 0.040937
55 0.858333 0.565741 0.197917 0.146296
14 0.859746 0.268921 0.217186 0.249442
77 0.859746 0.184913 0.123335 0.040741
44 0.859896 0.297222 0.117708 0.150000
12 0.620136 0.549968 0.221813 0.250111
77 0.585001 0.459711 0.118550 0.040741
61 0.620313 0.576852 0.196875 0.157407
13 0.373788 0.554161 0.216589 0.242554
77 0.410682 0.470072 0.116298 0.040741
19 0.373958 0.582407 0.191667 0.150000
23 0.445833 0.466667 0.020833 0.025926
12 0.373468 0.264132 0.223435 0.240519
77 0.373468 0.178515 0.112500 0.040961
13 0.373958 0.292593 0.197917 0.148148
8 0.133871 0.263844 0.224337 0.242087
77 0.147772 0.180808 0.169157 0.040741
84 0.133854 0.291667 0.198958 0.150000
9 0.612126 0.272258 0.216036 0.253953
77 0.612126 0.179492 0.160023 0.040741
81 0.611979 0.300926 0.190625 0.161111
20 0.131845 0.551372 0.217924 0.253215
77 0.131845 0.462471 0.119209 0.040741
27 0.131771 0.578704 0.117708 0.150000
11 0.134010 0.829034 0.222893 0.237611
77 0.134010 0.746350 0.168068 0.040741
6 0.134375 0.857407 0.197917 0.144444
13 0.382249 0.830251 0.222240 0.238678
77 0.382249 0.751523 0.149334 0.040741
38 0.381771 0.858333 0.196875 0.146296
