77 0.500000 0.072222 0.440000 0.077778
12 0.133340 0.839748 0.218382 0.250445
77 0.117685 0.752289 0.155249 0.042939
64 0.133854 0.869444 0.109375 0.138889
15 0.613806 0.271483 0.222701 0.244007
77 0.584362 0.187278 0.112500 0.040741
89 0.614062 0.300000 0.111458 0.140741
32 0.682292 0.180556 0.018750 0.024074
13 0.862202 0.540633 0.218408 0.239924
77 0.856878 0.462783 0.112500 0.044346
35 0.862500 0.569444 0.097917 0.124074
31 0.933333 0.455556 0.022917 0.029630
19 0.133853 0.550188 0.220781 0.237727
77 0.140025 0.465467 0.171565 0.040741
25 0.133333 0.577778 0.102083 0.129630
63 0.212500 0.463889 0.022917 0.027778
17 0.619435 0.552530 0.223590 0.245454
77 0.619435 0.469209 0.135652 0.040741
49 0.619271 0.580556 0.198958 0.153704
63 0.691667 0.460185 0.018750 0.024074
17 0.136751 0.265939 0.217340 0.245116
77 0.148295 0.178958 0.158987 0.042137
12 0.136979 0.294444 0.192708 0.151852
11 0.376090 0.822307 0.215940 0.238542
77 0.376090 0.747172 0.115114 0.047581
53 0.376563 0.852778 0.094792 0.120370
20 0.380140 0.543027 0.217729 0.244109
77 0.413699 0.460776 0.121188 0.040741
59 0.379688 0.570370 0.192708 0.151852
63 0.445833 0.454630 0.022917 0.027778
8 0.861717 0.270276 0.223765 0.242651
77 0.861717 0.185541 0.143101 0.040741
33 0.861458 0.298148 0.102083 0.129630
15 0.378815 0.264692 0.216874 0.241154
77 0.378815 0.182900 0.159941 0.045270
63 0.379167 0.294444 0.102083 0.129630
