77 0.500000 0.072222 0.440000 0.077778
16 0.131688 0.554514 0.221717 0.242832
77 0.118156 0.471295 0.165893 0.040741
32 0.131250 0.582407 0.112500 0.142593
12 0.137253 0.275889 0.214583 0.248551
77 0.137253 0.185292 0.133637 0.040741
79 0.137500 0.303704 0.189583 0.155556
10 0.621631 0.271376 0.219566 0.245332
77 0.598199 0.183701 0.112500 0.042371
42 0.621875 0.299074 0.114583 0.146296
18 0.865919 0.267713 0.224940 0.241764
77 0.867210 0.186037 0.164313 0.040741
86 0.865625 0.295370 0.200000 0.150000
14 0.379368 0.266152 0.219057 0.254850
77 0.396721 0.178305 0.121243 0.047249
31 0.379167 0.297222 0.112500 0.142593
13 0.371605 0.833045 0.218690 0.240891
77 0.371605 0.749910 0.112500 0.043806
36 0.371875 0.862963 0.193750 0.144444
27 0.450521 0.749074 0.028125 0.035185
9 0.136929 0.838618 0.226330 0.254548
77 0.111527 0.752134 0.144291 0.044301
8 0.136979 0.868519 0.201042 0.159259
14 0.616041 0.550093 0.223455 0.247773
77 0.606525 0.462801 0.153779 0.043713
74 0.616146 0.579630 0.105208 0.133333
11 0.864104 0.550635 0.225001 0.250673
77 0.864104 0.462025 0.170768 0.040741
75 0.864583 0.578704 0.200000 0.157407
18 0.383667 0.543405 0.226461 0.238562
77 0.383667 0.458216 0.163438 0.040741
85 0.383854 0.571296 0.201042 0.146296
