77 0.500000 0.072222 0.440000 0.077778
17 0.378495 0.835741 0.225742 0.251535
77 0.357452 0.747699 0.114098 0.041978
22 0.378646 0.863889 0.201042 0.157407
29 0.455208 0.745370 0.025000 0.031481
9 0.855837 0.276885 0.215098 0.254390
77 0.855837 0.187715 0.139992 0.047243
82 0.856250 0.307407 0.189583 0.155556
27 0.931250 0.184259 0.022917 0.027778
7 0.609789 0.259584 0.214682 0.244086
77 0.609789 0.172593 0.133260 0.043230
56 0.609375 0.288889 0.189583 0.148148
16 0.863349 0.553836 0.225429 0.249477
77 0.863349 0.469948 0.123693 0.048233
40 0.863542 0.586111 0.200000 0.150000
28 0.927604 0.463889 0.023958 0.031481
18 0.135811 0.824157 0.222652 0.245361
77 0.133115 0.739135 0.137798 0.040741
21 0.135417 0.851852 0.197917 0.151852
11 0.133517 0.273529 0.221994 0.250396
77 0.133517 0.186997 0.170365 0.040741
71 0.133854 0.300926 0.196875 0.157407
9 0.380073 0.259187 0.222151 0.238730
77 0.365311 0.174824 0.130914 0.040741
54 0.379688 0.286111 0.196875 0.146296
29 0.445833 0.177778 0.029167 0.037037
18 0.376746 0.549101 0.220124 0.246600
77 0.376746 0.460741 0.140797 0.040741
89 0.377083 0.576852 0.118750 0.150000
62 0.452604 0.458333 0.019792 0.024074
16 0.617832 0.544292 0.222194 0.251268
77 0.617832 0.454170 0.131569 0.042894
85 0.618229 0.573148 0.196875 0.157407
8 0.136302 0.537570 0.223218 0.237121
77 0.136302 0.459017 0.166976 0.040741
51 0.136458 0.564815 0.197917 0.144444
