77 0.500000 0.072222 0.440000 0.077778
9 0.134857 0.820850 0.226091 0.238601
77 0.134857 0.736905 0.121933 0.040741
26 0.134896 0.849074 0.201042 0.146296
20 0.372971 0.259744 0.221064 0.237708
77 0.397900 0.178906 0.136298 0.040741
37 0.372917 0.287963 0.112500 0.142593
15 0.135152 0.268764 0.219133 0.238812
77 0.121458 0.185034 0.139573 0.044467
69 0.135417 0.299074 0.193750 0.142593
11 0.621501 0.545439 0.224470 0.241980
77 0.621501 0.464212 0.144003 0.047995
22 0.621354 0.576852 0.198958 0.142593
17 0.370177 0.827626 0.216308 0.255069
77 0.370177 0.735539 0.124161 0.040741
17 0.369792 0.855556 0.191667 0.162963
19 0.137142 0.549033 0.221128 0.250578
77 0.137142 0.463449 0.112500 0.043490
57 0.137500 0.577778 0.195833 0.155556
62 0.216667 0.454630 0.018750 0.024074
17 0.617911 0.257705 0.218433 0.239751
77 0.609762 0.171843 0.167819 0.041902
78 0.617708 0.286111 0.193750 0.146296
9 0.859995 0.548272 0.214063 0.254536
77 0.862358 0.461219 0.140456 0.041999
47 0.860417 0.576852 0.189583 0.161111
13 0.374412 0.550003 0.225612 0.244663
77 0.374412 0.471905 0.112500 0.048809
31 0.374479 0.581481 0.107292 0.137037
8 0.857517 0.275859 0.226387 0.252986
77 0.857517 0.187350 0.112500 0.045388
1 0.857812 0.305556 0.201042 0.155556
