77 0.500000 0.072222 0.440000 0.077778
15 0.134754 0.550531 0.225425 0.251412
77 0.134754 0.463278 0.128687 0.048969
79 0.134375 0.582407 0.200000 0.150000
19 0.858811 0.543069 0.219712 0.242548
77 0.844536 0.456810 0.133439 0.042314
55 0.858854 0.572222 0.194792 0.148148
12 0.374033 0.270961 0.225960 0.252934
77 0.374033 0.183677 0.151713 0.045863
59 0.374479 0.301852 0.201042 0.155556
20 0.862082 0.266078 0.220673 0.254608
77 0.862082 0.172374 0.146736 0.040741
9 0.862500 0.293519 0.195833 0.161111
8 0.609776 0.271933 0.214777 0.248011
77 0.609776 0.184358 0.121563 0.040741
74 0.609375 0.299074 0.112500 0.142593
8 0.372355 0.823016 0.217868 0.239069
77 0.372355 0.742073 0.112500 0.040741
10 0.372396 0.850926 0.192708 0.146296
13 0.619066 0.555838 0.222439 0.251599
77 0.599729 0.464647 0.124720 0.040741
15 0.618750 0.583333 0.197917 0.159259
8 0.133950 0.270084 0.217755 0.240784
77 0.133950 0.191291 0.120378 0.046766
5 0.133854 0.300926 0.192708 0.142593
7 0.130629 0.841517 0.215966 0.255087
77 0.130629 0.752254 0.132636 0.045537
82 0.130729 0.871296 0.190625 0.157407
63 0.207813 0.746296 0.019792 0.025926
19 0.377778 0.557633 0.219634 0.250093
77 0.380771 0.470181 0.160722 0.040741
70 0.377604 0.586111 0.194792 0.157407
