77 0.500000 0.072222 0.440000 0.077778
12 0.131801 0.262603 0.218367 0.246338
77 0.131801 0.173295 0.112500 0.040741
76 0.131771 0.289815 0.109375 0.138889
18 0.862876 0.276115 0.223870 0.249589
77 0.862876 0.193314 0.161188 0.046628
55 0.863021 0.307407 0.198958 0.151852
10 0.136714 0.546423 0.226397 0.237945
77 0.121769 0.462751 0.150776 0.040741
37 0.136458 0.574074 0.104167 0.133333
18 0.619843 0.265203 0.223663 0.253241
77 0.619843 0.180233 0.130446 0.045999
50 0.620313 0.296296 0.198958 0.155556
19 0.134440 0.825284 0.222561 0.237382
77 0.125829 0.742446 0.129499 0.040741
83 0.134375 0.853704 0.197917 0.144444
27 0.201042 0.736111 0.018750 0.024074
10 0.378778 0.544725 0.224739 0.246214
77 0.378778 0.459824 0.168294 0.040741
71 0.379167 0.573148 0.200000 0.153704
15 0.617523 0.546341 0.220516 0.241242
77 0.612264 0.462401 0.114268 0.045029
27 0.617708 0.576852 0.100000 0.127778
20 0.379731 0.838198 0.224226 0.249102
77 0.379731 0.752521 0.121952 0.044128
16 0.379688 0.867593 0.198958 0.153704
37 0.444792 0.750000 0.027083 0.033333
12 0.864250 0.544084 0.224777 0.238094
77 0.855520 0.465856 0.130109 0.043689
60 0.864583 0.573148 0.200000 0.142593
18 0.382351 0.270399 0.223527 0.249567
77 0.382351 0.181807 0.112500 0.040741
66 0.382812 0.299074 0.198958 0.157407
76 0.453125 0.179630 0.022917 0.029630
