77 0.500000 0.072222 0.440000 0.077778
15 0.373077 0.829209 0.221275 0.248328
77 0.373077 0.741644 0.112500 0.040741
70 0.372917 0.857407 0.195833 0.155556
11 0.619433 0.261914 0.214444 0.239150
77 0.619433 0.178277 0.146372 0.040741
90 0.619792 0.289815 0.189583 0.146296
15 0.371102 0.272848 0.216800 0.242223
77 0.371102 0.192907 0.119086 0.044942
0 0.370833 0.302778 0.191667 0.146296
27 0.435937 0.189815 0.028125 0.035185
15 0.863472 0.549448 0.226478 0.247935
77 0.875601 0.460030 0.149097 0.040741
86 0.863021 0.577778 0.201042 0.155556
13 0.133205 0.550932 0.225990 0.248417
77 0.157659 0.467449 0.125250 0.046367
2 0.132812 0.582407 0.201042 0.150000
16 0.138056 0.268970 0.221869 0.244940
77 0.138056 0.182311 0.154610 0.043058
7 0.138021 0.297222 0.196875 0.150000
14 0.615513 0.542431 0.218912 0.243407
77 0.612827 0.455190 0.118750 0.041113
34 0.615625 0.571296 0.068750 0.138889
18 0.374063 0.546766 0.219163 0.253328
77 0.374063 0.458783 0.123790 0.040741
10 0.373958 0.575000 0.193750 0.161111
10 0.134745 0.827521 0.223181 0.250652
77 0.120300 0.741595 0.112500 0.049559
43 0.134375 0.859259 0.108333 0.137037
12 0.857482 0.265599 0.220447 0.251740
77 0.838991 0.176620 0.159864 0.040741
8 0.857292 0.292593 0.195833 0.159259
28 0.925521 0.170370 0.017708 0.022222
