77 0.500000 0.072222 0.440000 0.077778
9 0.859987 0.256891 0.222032 0.237165
77 0.858179 0.177083 0.112500 0.041456
32 0.860417 0.284259 0.112500 0.142593
17 0.379226 0.271079 0.223445 0.253103
77 0.350881 0.185671 0.130320 0.045711
41 0.379167 0.301852 0.116667 0.148148
13 0.610136 0.557397 0.215063 0.253343
77 0.609723 0.469678 0.130594 0.044433
35 0.610417 0.586111 0.112500 0.142593
16 0.139997 0.553745 0.220994 0.251066
77 0.156593 0.469215 0.127636 0.045054
51 0.139583 0.584259 0.195833 0.153704
13 0.619382 0.271159 0.226104 0.245969
77 0.619382 0.185054 0.167629 0.040741
87 0.619271 0.299074 0.201042 0.153704
11 0.378011 0.828919 0.224858 0.239955
77 0.378011 0.749463 0.150006 0.040741
6 0.378125 0.857407 0.200000 0.148148
27 0.457813 0.740741 0.017708 0.022222
12 0.136788 0.267541 0.217191 0.246563
77 0.136788 0.181803 0.149286 0.042671
78 0.136979 0.296296 0.192708 0.151852
76 0.215104 0.182407 0.028125 0.035185
13 0.856850 0.548201 0.217238 0.253933
77 0.826908 0.456393 0.115836 0.041385
80 0.856771 0.576852 0.192708 0.161111
20 0.375795 0.549363 0.225512 0.239687
77 0.375795 0.464745 0.116101 0.040741
55 0.376042 0.576852 0.200000 0.146296
14 0.133635 0.832157 0.222861 0.241953
77 0.170300 0.747415 0.112500 0.040741
76 0.133333 0.859259 0.104167 0.133333
