77 0.500000 0.072222 0.440000 0.077778
14 0.619302 0.270748 0.216674 0.252110
77 0.619302 0.180466 0.135388 0.040741
12 0.619792 0.298148 0.191667 0.159259
15 0.130950 0.836772 0.216995 0.253071
77 0.130950 0.750893 0.130169 0.050449
65 0.131250 0.869444 0.191667 0.150000
17 0.861051 0.546718 0.221224 0.251267
77 0.861781 0.457635 0.128476 0.043546
78 0.861458 0.575926 0.195833 0.155556
18 0.381374 0.825919 0.223001 0.246056
77 0.381608 0.739653 0.164335 0.040741
57 0.381250 0.852778 0.197917 0.153704
28 0.454167 0.738889 0.027083 0.033333
20 0.375538 0.275596 0.220039 0.248596
77 0.375538 0.191861 0.117205 0.040741
71 0.375521 0.303704 0.194792 0.155556
18 0.131610 0.554700 0.221078 0.250224
77 0.131610 0.467658 0.112500 0.040741
72 0.131771 0.582407 0.121875 0.153704
12 0.862148 0.262670 0.221451 0.246834
77 0.862148 0.179337 0.112500 0.040741
7 0.861979 0.289815 0.196875 0.153704
19 0.136223 0.259783 0.223476 0.242241
77 0.136223 0.179171 0.112500 0.048160
61 0.135937 0.291667 0.198958 0.142593
18 0.619619 0.545613 0.219793 0.252047
77 0.619619 0.459343 0.149092 0.049726
24 0.619271 0.577778 0.113542 0.144444
13 0.373984 0.545626 0.223311 0.251942
77 0.363307 0.455273 0.139913 0.040741
11 0.373958 0.574074 0.197917 0.159259
