77 0.500000 0.072222 0.440000 0.077778
17 0.854978 0.555155 0.215625 0.247422
77 0.862972 0.467152 0.167732 0.040741
64 0.855208 0.583333 0.110417 0.140741
16 0.128732 0.557180 0.215543 0.255018
77 0.128732 0.466237 0.112500 0.042235
5 0.128646 0.586111 0.190625 0.161111
31 0.202604 0.467593 0.030208 0.038889
7 0.619153 0.261579 0.219909 0.248071
77 0.619153 0.179860 0.148808 0.046679
82 0.619271 0.291667 0.194792 0.150000
19 0.138927 0.835671 0.220150 0.245602
77 0.135138 0.753375 0.135304 0.040741
74 0.139063 0.863889 0.111458 0.142593
7 0.380396 0.550744 0.220845 0.242161
77 0.377607 0.463757 0.130194 0.040741
43 0.380208 0.578704 0.114583 0.146296
13 0.136137 0.278710 0.221676 0.255344
77 0.100768 0.185728 0.112500 0.040741
62 0.136458 0.306481 0.118750 0.150000
7 0.619569 0.543833 0.219045 0.244231
77 0.619569 0.465314 0.112500 0.047399
24 0.619792 0.575000 0.112500 0.142593
28 0.688021 0.454630 0.021875 0.027778
8 0.381898 0.827453 0.225096 0.249895
77 0.378653 0.744362 0.115807 0.044989
17 0.382292 0.856481 0.200000 0.153704
11 0.853907 0.261645 0.216497 0.243080
77 0.853907 0.178525 0.113745 0.040741
85 0.854167 0.289815 0.191667 0.150000
9 0.377467 0.273467 0.219937 0.248286
77 0.377467 0.187290 0.127415 0.044875
67 0.377604 0.303704 0.194792 0.151852
