77 0.500000 0.072222 0.440000 0.077778
14 0.371349 0.264876 0.218550 0.245004
77 0.371393 0.179021 0.161998 0.044254
21 0.370833 0.294444 0.193750 0.148148
12 0.134416 0.827054 0.217566 0.247683
77 0.134416 0.740590 0.139439 0.040741
4 0.134896 0.855556 0.192708 0.155556
15 0.615878 0.548890 0.217350 0.244200
77 0.615878 0.465759 0.159619 0.047509
47 0.616146 0.579630 0.192708 0.144444
7 0.381558 0.546405 0.224285 0.238768
77 0.381558 0.465418 0.112500 0.040741
73 0.381771 0.574074 0.107292 0.137037
19 0.859943 0.547748 0.220687 0.237886
77 0.859943 0.467069 0.112500 0.047187
48 0.860417 0.578704 0.195833 0.138889
13 0.133086 0.550083 0.218906 0.251925
77 0.126936 0.460591 0.156174 0.040741
13 0.133333 0.577778 0.193750 0.159259
12 0.140854 0.269201 0.225554 0.254462
77 0.158268 0.180523 0.118401 0.040741
78 0.141146 0.297222 0.201042 0.161111
17 0.376095 0.826355 0.218000 0.251085
77 0.376095 0.740357 0.112500 0.040741
7 0.376563 0.853704 0.192708 0.159259
37 0.454688 0.730556 0.015625 0.020370
20 0.620622 0.267948 0.221023 0.245619
77 0.620622 0.179416 0.122350 0.040990
9 0.620833 0.296296 0.195833 0.151852
18 0.858983 0.273088 0.225906 0.244849
77 0.845679 0.191481 0.119215 0.044891
0 0.858854 0.303704 0.201042 0.148148
28 0.937500 0.181481 0.016667 0.022222
