77 0.500000 0.072222 0.440000 0.077778
15 0.614456 0.275652 0.216056 0.253272
77 0.614456 0.189395 0.118236 0.041606
38 0.614062 0.303704 0.190625 0.159259
16 0.377739 0.260584 0.216563 0.243340
77 0.377739 0.178998 0.125850 0.041296
64 0.377604 0.287963 0.109375 0.138889
8 0.859720 0.552297 0.225033 0.246239
77 0.859720 0.467437 0.127998 0.040741
88 0.859375 0.580556 0.200000 0.153704
7 0.139291 0.543113 0.218818 0.243567
77 0.139291 0.460163 0.140004 0.040940
83 0.139583 0.571296 0.193750 0.150000
27 0.208333 0.455556 0.022917 0.029630
8 0.371518 0.543617 0.219840 0.239746
77 0.371518 0.464239 0.124798 0.046329
80 0.371354 0.574074 0.194792 0.140741
15 0.379056 0.830132 0.224549 0.245304
77 0.420580 0.745000 0.112500 0.040741
39 0.379167 0.857407 0.200000 0.151852
16 0.137250 0.828099 0.224775 0.255290
77 0.142595 0.743537 0.131098 0.048731
63 0.136979 0.860185 0.109375 0.138889
31 0.208854 0.737037 0.026042 0.033333
15 0.622018 0.552454 0.226287 0.240989
77 0.632683 0.470538 0.133398 0.042265
25 0.622396 0.581481 0.105208 0.133333
10 0.128782 0.275349 0.216739 0.254979
77 0.132592 0.183014 0.133810 0.040741
10 0.129167 0.303704 0.191667 0.162963
29 0.204687 0.176852 0.015625 0.020370
12 0.859436 0.265142 0.219982 0.245996
77 0.840352 0.180142 0.159217 0.040741
74 0.859896 0.292593 0.113542 0.144444
