77 0.500000 0.072222 0.440000 0.077778
19 0.378696 0.824744 0.222339 0.245852
77 0.379953 0.745255 0.112500 0.049101
27 0.379167 0.856481 0.112500 0.142593
15 0.134142 0.555935 0.219557 0.249313
77 0.134142 0.471007 0.113901 0.046183
53 0.133854 0.587037 0.107292 0.137037
19 0.374921 0.544868 0.218413 0.251267
77 0.374921 0.458290 0.155310 0.046499
70 0.375000 0.575000 0.193750 0.153704
9 0.136803 0.825642 0.222273 0.250164
77 0.095164 0.737339 0.112500 0.041150
20 0.136979 0.852778 0.196875 0.157407
14 0.372671 0.268320 0.215491 0.251528
77 0.372671 0.179210 0.151697 0.040741
22 0.372396 0.296296 0.190625 0.159259
16 0.622325 0.262336 0.220054 0.244372
77 0.622325 0.180001 0.112762 0.047043
59 0.622396 0.293519 0.194792 0.146296
28 0.691146 0.173148 0.021875 0.027778
20 0.128859 0.271876 0.215909 0.248750
77 0.128859 0.185228 0.116750 0.044119
30 0.128646 0.300926 0.109375 0.138889
8 0.859699 0.263117 0.218418 0.245410
77 0.859699 0.184000 0.129358 0.048879
9 0.859375 0.294444 0.193750 0.144444
18 0.856479 0.549764 0.221122 0.253849
77 0.840105 0.462344 0.132418 0.047792
7 0.856250 0.580556 0.195833 0.153704
63 0.935417 0.453704 0.016667 0.022222
18 0.617864 0.543919 0.222518 0.248204
77 0.617864 0.454475 0.172464 0.040741
46 0.617708 0.572222 0.197917 0.155556
76 0.686458 0.450926 0.018750 0.024074
