77 0.500000 0.072222 0.440000 0.077778
9 0.853057 0.560986 0.215072 0.255457
77 0.853057 0.471724 0.130467 0.040741
5 0.853125 0.588889 0.189583 0.162963
13 0.140526 0.830004 0.222832 0.249337
77 0.160730 0.739192 0.112500 0.040741
33 0.140625 0.857407 0.110417 0.140741
37 0.206250 0.737963 0.020833 0.027778
15 0.618777 0.551787 0.219290 0.244022
77 0.618777 0.470683 0.128501 0.046937
9 0.619271 0.583333 0.194792 0.144444
32 0.692708 0.467593 0.025000 0.031481
19 0.378307 0.836414 0.214228 0.250193
77 0.358032 0.750895 0.114756 0.040741
46 0.378125 0.863889 0.189583 0.157407
28 0.454688 0.746296 0.023958 0.029630
11 0.614354 0.266835 0.215779 0.237617
77 0.614354 0.188184 0.133282 0.040741
66 0.614062 0.294444 0.190625 0.144444
17 0.378992 0.543260 0.221518 0.240588
77 0.402464 0.462783 0.112500 0.041519
82 0.378646 0.571296 0.196875 0.146296
17 0.855122 0.257794 0.218001 0.240933
77 0.842775 0.171704 0.148533 0.042183
14 0.854688 0.286111 0.192708 0.146296
27 0.922917 0.175000 0.027083 0.035185
19 0.132712 0.547025 0.222564 0.241504
77 0.132712 0.460487 0.128465 0.040741
55 0.132292 0.574074 0.197917 0.148148
12 0.134446 0.272617 0.217845 0.252139
77 0.134446 0.184795 0.112500 0.041246
43 0.134896 0.300000 0.113542 0.144444
16 0.379453 0.266084 0.221790 0.238363
77 0.401414 0.184383 0.154771 0.043368
60 0.379688 0.295370 0.196875 0.142593
