77 0.500000 0.072222 0.440000 0.077778
7 0.374217 0.556484 0.219214 0.250946
77 0.360462 0.468619 0.147147 0.040741
0 0.373958 0.585185 0.193750 0.159259
17 0.374356 0.823134 0.216487 0.243463
77 0.383654 0.735738 0.130630 0.042687
14 0.373958 0.851852 0.191667 0.148148
31 0.436458 0.738889 0.029167 0.037037
20 0.614177 0.264700 0.215466 0.247152
77 0.614177 0.176605 0.153555 0.040741
26 0.614062 0.291667 0.190625 0.153704
30 0.684896 0.170370 0.017708 0.022222
12 0.616534 0.547692 0.221449 0.248517
77 0.616534 0.457889 0.112500 0.040741
81 0.616146 0.575926 0.196875 0.155556
15 0.137672 0.262752 0.216826 0.247061
77 0.137058 0.179702 0.142899 0.040741
63 0.138021 0.290741 0.105208 0.133333
19 0.138793 0.546874 0.219550 0.241316
77 0.111188 0.463965 0.138059 0.040741
32 0.139063 0.574074 0.113542 0.144444
20 0.369047 0.258149 0.216136 0.242185
77 0.367431 0.176413 0.117599 0.047725
64 0.368750 0.289815 0.106250 0.135185
37 0.438542 0.175000 0.027083 0.035185
11 0.857861 0.267378 0.214764 0.247139
77 0.821413 0.186927 0.112500 0.048789
67 0.858333 0.299074 0.189583 0.146296
18 0.862861 0.554628 0.220331 0.254416
77 0.862861 0.466645 0.116466 0.041090
58 0.862500 0.582407 0.195833 0.161111
16 0.133878 0.823561 0.216248 0.242643
77 0.158508 0.741562 0.123766 0.048037
5 0.134375 0.854630 0.191667 0.142593
