77 0.500000 0.072222 0.440000 0.077778
19 0.141403 0.832246 0.225217 0.248940
77 0.141403 0.744831 0.112500 0.040741
24 0.141667 0.860185 0.106250 0.135185
62 0.222917 0.741667 0.025000 0.031481
7 0.136027 0.550317 0.215027 0.245075
77 0.153149 0.463316 0.153993 0.041796
90 0.136458 0.577778 0.189583 0.151852
30 0.209375 0.464815 0.027083 0.033333
19 0.369661 0.832119 0.214497 0.244226
77 0.376608 0.750282 0.147153 0.043992
3 0.369271 0.861111 0.140625 0.140741
20 0.612275 0.270829 0.217621 0.254411
77 0.612275 0.183493 0.134259 0.050033
12 0.611979 0.303704 0.192708 0.151852
9 0.379363 0.550623 0.218906 0.246518
77 0.379363 0.461073 0.112500 0.040741
86 0.379167 0.578704 0.193750 0.153704
8 0.136639 0.270847 0.220228 0.239087
77 0.134255 0.192641 0.116579 0.047447
58 0.136979 0.302778 0.194792 0.138889
13 0.852353 0.269555 0.215207 0.244685
77 0.835914 0.181604 0.159632 0.041771
30 0.852083 0.298148 0.104167 0.133333
28 0.926562 0.179630 0.019792 0.025926
19 0.382798 0.266548 0.226466 0.247359
77 0.382798 0.179099 0.117539 0.041225
83 0.382812 0.295370 0.201042 0.153704
16 0.620031 0.544871 0.223962 0.244134
77 0.620031 0.459550 0.131751 0.041026
6 0.620313 0.572222 0.198958 0.151852
11 0.854785 0.550279 0.221840 0.250777
77 0.854785 0.466382 0.138610 0.045591
18 0.854688 0.580556 0.196875 0.153704
