77 0.500000 0.072222 0.440000 0.077778
13 0.133673 0.823691 0.219094 0.241715
77 0.138009 0.746783 0.112500 0.048237
52 0.133333 0.855556 0.193750 0.140741
17 0.130684 0.263788 0.219025 0.252251
77 0.130684 0.176372 0.143314 0.047463
53 0.130729 0.295370 0.103125 0.131481
10 0.619230 0.261832 0.224339 0.249111
77 0.619230 0.176761 0.132387 0.040741
86 0.619271 0.289815 0.198958 0.157407
10 0.373724 0.837566 0.224936 0.247322
77 0.359299 0.754050 0.112500 0.044918
33 0.373958 0.867593 0.102083 0.131481
10 0.375028 0.267758 0.223605 0.238814
77 0.401733 0.188455 0.136340 0.040741
34 0.375521 0.295370 0.067708 0.135185
30 0.446354 0.179630 0.017708 0.022222
7 0.862033 0.538439 0.219104 0.239808
77 0.850704 0.453719 0.163744 0.042606
2 0.862500 0.566667 0.193750 0.144444
17 0.617554 0.549331 0.218043 0.244188
77 0.617554 0.463524 0.164023 0.040741
8 0.617188 0.577778 0.192708 0.151852
15 0.376107 0.547533 0.217920 0.242195
77 0.356971 0.461011 0.136598 0.040741
54 0.376563 0.575000 0.192708 0.150000
32 0.443229 0.461111 0.023958 0.029630
20 0.135595 0.554957 0.214906 0.251750
77 0.118048 0.466749 0.157314 0.040741
81 0.135417 0.583333 0.189583 0.159259
10 0.860144 0.274187 0.219109 0.249840
77 0.860144 0.185208 0.112500 0.040741
61 0.860417 0.302778 0.193750 0.157407
