77 0.500000 0.072222 0.440000 0.077778
12 0.611350 0.273760 0.217833 0.249866
77 0.611350 0.182377 0.163720 0.040741
82 0.610938 0.300926 0.192708 0.157407
12 0.861010 0.277199 0.224606 0.251751
77 0.874297 0.190097 0.112500 0.045272
38 0.861458 0.306481 0.200000 0.153704
14 0.617683 0.556200 0.216241 0.248774
77 0.615563 0.469624 0.112500 0.041109
77 0.617188 0.584259 0.176042 0.012963
8 0.857450 0.551977 0.218579 0.245657
77 0.857450 0.465197 0.144871 0.040741
5 0.857292 0.580556 0.193750 0.153704
14 0.132111 0.831786 0.218163 0.246796
77 0.155406 0.746800 0.142509 0.040741
76 0.131771 0.859259 0.107292 0.137037
19 0.374067 0.829811 0.216227 0.240758
77 0.381114 0.745431 0.112862 0.042304
62 0.373958 0.858333 0.106250 0.135185
18 0.136884 0.547592 0.223595 0.253923
77 0.116154 0.457157 0.127812 0.040741
20 0.136979 0.575000 0.198958 0.161111
7 0.374533 0.277943 0.221089 0.255068
77 0.379547 0.192111 0.166289 0.043502
10 0.375000 0.307407 0.195833 0.159259
19 0.135167 0.276336 0.225344 0.250049
77 0.135167 0.191085 0.138113 0.045570
33 0.134896 0.307407 0.107292 0.137037
76 0.213542 0.187963 0.025000 0.031481
18 0.372314 0.544089 0.215715 0.241400
77 0.372314 0.458781 0.112500 0.040741
75 0.372396 0.572222 0.190625 0.148148
