77 0.500000 0.072222 0.440000 0.077778
10 0.131262 0.271531 0.217527 0.244011
77 0.131262 0.186722 0.156612 0.047590
6 0.131771 0.301852 0.192708 0.144444
12 0.859639 0.543924 0.226134 0.249276
77 0.859639 0.456315 0.152495 0.040741
26 0.859896 0.571296 0.201042 0.157407
62 0.926042 0.456481 0.025000 0.031481
17 0.617849 0.268126 0.220880 0.249630
77 0.617849 0.182827 0.112500 0.047810
74 0.618229 0.299074 0.109375 0.138889
8 0.374240 0.547861 0.219772 0.245637
77 0.374240 0.462544 0.146431 0.044363
90 0.374479 0.576852 0.194792 0.150000
62 0.450521 0.458333 0.019792 0.024074
14 0.617814 0.545669 0.217280 0.247708
77 0.615330 0.458210 0.149619 0.040741
23 0.618229 0.574074 0.121875 0.155556
11 0.129742 0.555711 0.215157 0.245012
77 0.129742 0.466992 0.129694 0.040741
7 0.129688 0.583333 0.190625 0.151852
20 0.375131 0.839230 0.220359 0.252647
77 0.358259 0.749224 0.160942 0.041255
21 0.375000 0.866667 0.195833 0.159259
16 0.384216 0.273077 0.226492 0.255414
77 0.368648 0.184918 0.157414 0.048213
44 0.383854 0.304630 0.109375 0.138889
12 0.856252 0.266824 0.224247 0.251264
77 0.824976 0.178698 0.129496 0.044380
66 0.856771 0.296296 0.198958 0.155556
37 0.921354 0.178704 0.028125 0.035185
9 0.136456 0.831164 0.223163 0.242106
77 0.106063 0.751522 0.140160 0.045153
65 0.136458 0.861111 0.197917 0.144444
