77 0.500000 0.072222 0.440000 0.077778
16 0.378001 0.552037 0.226322 0.250657
77 0.378001 0.463215 0.122354 0.040741
14 0.377604 0.580556 0.201042 0.157407
13 0.135905 0.826025 0.217905 0.250292
77 0.135905 0.740455 0.160750 0.045951
66 0.135937 0.855556 0.192708 0.151852
17 0.621894 0.546403 0.222752 0.241302
77 0.621894 0.464504 0.135437 0.046522
62 0.621875 0.577778 0.100000 0.125926
23 0.694792 0.458333 0.022917 0.027778
10 0.371330 0.256991 0.214831 0.239614
77 0.371330 0.177319 0.136578 0.044143
2 0.370833 0.287037 0.189583 0.144444
63 0.442188 0.171296 0.021875 0.027778
8 0.613432 0.262723 0.218263 0.248813
77 0.613432 0.175377 0.112500 0.044921
17 0.613542 0.292593 0.193750 0.151852
19 0.864502 0.268251 0.225909 0.254780
77 0.864502 0.179983 0.136308 0.040741
67 0.864062 0.296296 0.201042 0.162963
62 0.938021 0.175000 0.023958 0.031481
13 0.137387 0.271597 0.223661 0.240759
77 0.137387 0.187175 0.122259 0.040741
54 0.136979 0.300000 0.198958 0.148148
9 0.130805 0.551392 0.217109 0.247084
77 0.130805 0.461613 0.139407 0.041344
70 0.131250 0.578704 0.191667 0.153704
62 0.196875 0.458333 0.018750 0.024074
8 0.370599 0.821907 0.216750 0.243538
77 0.370599 0.739783 0.112500 0.041064
59 0.370833 0.849074 0.191667 0.150000
19 0.859346 0.552347 0.218843 0.254371
77 0.859346 0.462313 0.146683 0.040741
88 0.859375 0.580556 0.193750 0.161111
62 0.931771 0.458333 0.021875 0.027778
