77 0.500000 0.072222 0.440000 0.077778
14 0.620401 0.263090 0.216432 0.250175
77 0.620401 0.176637 0.151620 0.042756
72 0.620833 0.291667 0.114583 0.146296
16 0.609659 0.556115 0.214673 0.247794
77 0.609659 0.474711 0.122544 0.048330
59 0.609375 0.587037 0.189583 0.148148
18 0.135692 0.269890 0.223972 0.239794
77 0.156340 0.187409 0.127384 0.047528
44 0.135937 0.300926 0.103125 0.131481
37 0.207813 0.181481 0.017708 0.022222
18 0.368633 0.272641 0.214795 0.245356
77 0.368633 0.187661 0.151033 0.047226
47 0.368750 0.302778 0.189583 0.146296
9 0.855174 0.261678 0.221998 0.248489
77 0.865269 0.172727 0.137328 0.043078
63 0.854688 0.290741 0.119792 0.151852
10 0.373383 0.547346 0.216641 0.248985
77 0.373383 0.460189 0.141484 0.040741
5 0.372917 0.575926 0.191667 0.155556
37 0.441667 0.452778 0.016667 0.020370
15 0.131725 0.552813 0.221378 0.240293
77 0.131725 0.474088 0.140639 0.042622
33 0.131250 0.582407 0.106250 0.135185
9 0.142066 0.826634 0.224390 0.246129
77 0.126972 0.738925 0.172300 0.041023
88 0.142187 0.854630 0.198958 0.153704
9 0.853119 0.547103 0.217212 0.240839
77 0.825788 0.465182 0.118846 0.042964
69 0.852604 0.576852 0.192708 0.146296
76 0.924479 0.464815 0.026042 0.033333
9 0.369957 0.838632 0.215345 0.252433
77 0.365484 0.749696 0.142493 0.047176
18 0.370312 0.869444 0.190625 0.153704
