77 0.500000 0.072222 0.440000 0.077778
14 0.379060 0.549219 0.225888 0.253787
77 0.379060 0.457234 0.113664 0.040741
35 0.378646 0.577778 0.121875 0.155556
19 0.620386 0.550800 0.222743 0.240288
77 0.620386 0.469024 0.161500 0.040741
72 0.620833 0.578704 0.114583 0.146296
76 0.694792 0.465741 0.025000 0.031481
14 0.858211 0.559946 0.216962 0.254998
77 0.865073 0.475076 0.164364 0.050085
63 0.858333 0.592593 0.110417 0.140741
16 0.379883 0.829608 0.224952 0.246015
77 0.409419 0.746715 0.128899 0.048063
73 0.379688 0.860185 0.103125 0.131481
7 0.132011 0.553783 0.218544 0.245674
77 0.106310 0.473384 0.141678 0.044910
37 0.131771 0.583333 0.105208 0.133333
19 0.132364 0.271789 0.219260 0.255181
77 0.132364 0.182964 0.112500 0.040741
61 0.132292 0.300000 0.193750 0.162963
18 0.134201 0.833243 0.219593 0.243829
77 0.100452 0.747021 0.112500 0.040741
22 0.133854 0.861111 0.194792 0.151852
11 0.371858 0.271214 0.215476 0.249830
77 0.371858 0.183870 0.139404 0.043717
86 0.371354 0.300926 0.190625 0.153704
29 0.444271 0.180556 0.023958 0.031481
14 0.610746 0.275950 0.215633 0.253944
77 0.610746 0.188560 0.161329 0.040741
36 0.610938 0.304630 0.190625 0.161111
62 0.683854 0.185185 0.026042 0.033333
9 0.851804 0.268986 0.215796 0.251070
77 0.851804 0.180147 0.165077 0.040741
30 0.851562 0.297222 0.123958 0.157407
37 0.929167 0.181481 0.027083 0.033333
