77 0.500000 0.072222 0.440000 0.077778
19 0.139107 0.559323 0.226354 0.252875
77 0.143122 0.472645 0.168935 0.047395
63 0.139063 0.590741 0.111458 0.140741
17 0.863169 0.272619 0.223342 0.252951
77 0.863169 0.184494 0.150917 0.040741
48 0.863542 0.300926 0.197917 0.161111
30 0.934375 0.176852 0.018750 0.024074
16 0.140791 0.267443 0.222060 0.253715
77 0.140791 0.178977 0.148317 0.045503
26 0.141146 0.298148 0.196875 0.155556
19 0.615919 0.548676 0.225193 0.237730
77 0.615919 0.471623 0.125360 0.045662
71 0.615625 0.579630 0.200000 0.140741
31 0.697917 0.461111 0.016667 0.022222
9 0.376946 0.830416 0.225935 0.246622
77 0.376946 0.745120 0.157132 0.040741
61 0.376563 0.858333 0.201042 0.153704
13 0.859405 0.549663 0.216882 0.240383
77 0.859405 0.468931 0.112500 0.042179
28 0.859375 0.577778 0.108333 0.137037
16 0.377569 0.553308 0.218610 0.254742
77 0.377569 0.463113 0.143751 0.040741
21 0.377083 0.581481 0.193750 0.162963
23 0.449479 0.462963 0.026042 0.033333
18 0.373728 0.269870 0.216096 0.248656
77 0.393421 0.180723 0.112500 0.040741
39 0.373437 0.298148 0.190625 0.155556
13 0.617827 0.267387 0.224623 0.243482
77 0.617827 0.185585 0.146945 0.045442
70 0.617708 0.297222 0.200000 0.146296
20 0.134402 0.832219 0.217840 0.248835
77 0.134402 0.742577 0.142328 0.040741
50 0.134896 0.859259 0.192708 0.155556
