77 0.500000 0.072222 0.440000 0.077778
20 0.859635 0.265125 0.218851 0.239032
77 0.859635 0.188332 0.147039 0.047520
82 0.859375 0.295370 0.193750 0.138889
15 0.133508 0.267094 0.216343 0.244746
77 0.151447 0.178313 0.123275 0.040741
77 0.133854 0.295370 0.169792 0.012963
30 0.201042 0.183333 0.029167 0.037037
9 0.614053 0.541589 0.214677 0.238451
77 0.614053 0.463705 0.112500 0.043871
2 0.613542 0.571296 0.189583 0.142593
23 0.674479 0.452778 0.015625 0.020370
9 0.374533 0.266291 0.215934 0.254495
77 0.374533 0.183963 0.153664 0.049411
32 0.375000 0.298148 0.116667 0.148148
23 0.441667 0.173148 0.020833 0.027778
12 0.135901 0.547509 0.226068 0.243632
77 0.135901 0.462187 0.134944 0.040741
4 0.135937 0.575926 0.201042 0.151852
30 0.215625 0.462037 0.027083 0.035185
12 0.136553 0.825741 0.218429 0.237669
77 0.136553 0.744326 0.144602 0.040741
5 0.136458 0.853704 0.193750 0.144444
11 0.621618 0.262000 0.223105 0.247214
77 0.621618 0.176887 0.112500 0.048013
6 0.621875 0.292593 0.197917 0.148148
9 0.377583 0.834779 0.226137 0.248361
77 0.355860 0.745956 0.112500 0.040741
59 0.377604 0.862963 0.201042 0.155556
15 0.859045 0.547255 0.217718 0.251978
77 0.859045 0.460948 0.161216 0.041834
54 0.858854 0.575000 0.192708 0.157407
7 0.377692 0.547862 0.215604 0.242234
77 0.377692 0.465807 0.142565 0.045383
83 0.377604 0.577778 0.190625 0.144444
