77 0.500000 0.072222 0.440000 0.077778
12 0.137184 0.270259 0.217671 0.248651
77 0.137184 0.180855 0.123301 0.041540
65 0.136979 0.298148 0.192708 0.155556
16 0.614309 0.266660 0.223612 0.253446
77 0.614309 0.179267 0.132067 0.050464
38 0.614062 0.300000 0.198958 0.151852
10 0.134627 0.833775 0.218792 0.244496
77 0.120034 0.745664 0.155982 0.040741
21 0.134375 0.861111 0.193750 0.151852
32 0.213021 0.745370 0.021875 0.027778
13 0.376249 0.542651 0.216225 0.243682
77 0.376249 0.459959 0.160786 0.045373
71 0.376042 0.573148 0.191667 0.146296
23 0.446354 0.452778 0.021875 0.027778
19 0.859447 0.540890 0.215946 0.242768
77 0.874032 0.460102 0.156426 0.042608
16 0.859896 0.570370 0.190625 0.148148
23 0.933333 0.450000 0.016667 0.022222
11 0.619656 0.550592 0.223325 0.250222
77 0.619656 0.464403 0.125506 0.046514
56 0.619792 0.581481 0.197917 0.151852
7 0.374263 0.832511 0.214247 0.241289
77 0.374263 0.753011 0.161803 0.047087
57 0.373958 0.863889 0.189583 0.142593
8 0.133094 0.551991 0.217871 0.245807
77 0.133094 0.469305 0.146196 0.040741
1 0.132812 0.580556 0.192708 0.153704
20 0.376616 0.263105 0.221344 0.242505
77 0.376616 0.178866 0.171555 0.044299
75 0.377083 0.293519 0.195833 0.146296
14 0.857901 0.269530 0.219437 0.244125
77 0.857901 0.190247 0.153583 0.048758
72 0.857812 0.301852 0.111458 0.140741
