77 0.500000 0.072222 0.440000 0.077778
18 0.379339 0.833139 0.225518 0.243280
77 0.360137 0.750790 0.112500 0.041467
17 0.379167 0.862037 0.200000 0.150000
14 0.859318 0.548147 0.214102 0.253619
77 0.859318 0.457605 0.137181 0.044731
9 0.859375 0.578704 0.189583 0.157407
37 0.923958 0.456481 0.025000 0.031481
9 0.135300 0.824413 0.214283 0.244244
77 0.135300 0.742977 0.144120 0.041567
56 0.135417 0.852778 0.189583 0.150000
12 0.617613 0.266945 0.219135 0.245944
77 0.605492 0.182959 0.142128 0.040741
0 0.617708 0.295370 0.193750 0.153704
12 0.853200 0.257490 0.219322 0.238037
77 0.853200 0.180241 0.117451 0.047495
35 0.853125 0.288889 0.093750 0.118519
10 0.379191 0.539660 0.220818 0.240059
77 0.379191 0.456918 0.112500 0.040741
60 0.379167 0.566667 0.195833 0.148148
63 0.458333 0.455556 0.027083 0.033333
20 0.382953 0.264264 0.223334 0.240665
77 0.382953 0.181633 0.112500 0.040741
53 0.382812 0.292593 0.105208 0.133333
29 0.455729 0.178704 0.021875 0.027778
15 0.135551 0.261491 0.225917 0.244147
77 0.170752 0.178566 0.116103 0.044917
36 0.135937 0.290741 0.201042 0.148148
32 0.208333 0.171296 0.020833 0.027778
17 0.139368 0.551562 0.221367 0.247304
77 0.139368 0.466724 0.158897 0.040741
50 0.139063 0.579630 0.196875 0.155556
30 0.217188 0.457407 0.017708 0.022222
17 0.617653 0.539274 0.220424 0.240861
77 0.617653 0.456456 0.158982 0.047433
52 0.617708 0.570370 0.195833 0.140741
