77 0.500000 0.072222 0.440000 0.077778
20 0.862223 0.542782 0.223902 0.239402
77 0.862223 0.464874 0.153647 0.045273
3 0.861979 0.572222 0.130208 0.129630
11 0.134647 0.555801 0.221468 0.245157
77 0.128706 0.468938 0.141604 0.040741
71 0.134896 0.583333 0.196875 0.151852
29 0.206771 0.466667 0.023958 0.029630
16 0.383270 0.835946 0.224520 0.244546
77 0.383270 0.751405 0.173614 0.040741
4 0.383333 0.862963 0.200000 0.151852
11 0.619820 0.555023 0.226234 0.254126
77 0.603583 0.462319 0.148567 0.040741
25 0.620313 0.583333 0.113542 0.144444
29 0.692187 0.457407 0.017708 0.022222
11 0.137725 0.265759 0.225065 0.237258
77 0.137725 0.187200 0.112500 0.040741
1 0.137500 0.294444 0.200000 0.144444
15 0.136511 0.836660 0.215960 0.245637
77 0.136511 0.753229 0.118071 0.040741
43 0.136979 0.863889 0.119792 0.153704
19 0.377343 0.257233 0.224064 0.238841
77 0.353786 0.174328 0.130297 0.040741
7 0.377604 0.284259 0.198958 0.146296
11 0.618746 0.277093 0.222449 0.251198
77 0.618746 0.191030 0.112500 0.045247
54 0.618750 0.306481 0.197917 0.153704
17 0.855823 0.262126 0.217149 0.239818
77 0.849447 0.182710 0.121587 0.040741
2 0.856250 0.290741 0.191667 0.148148
12 0.376938 0.540656 0.224497 0.237187
77 0.376938 0.461152 0.162316 0.046713
12 0.377083 0.571296 0.200000 0.138889
