77 0.500000 0.072222 0.440000 0.077778
8 0.377484 0.257933 0.216697 0.238841
77 0.377484 0.175061 0.112500 0.040741
34 0.377604 0.285185 0.069792 0.140741
37 0.441667 0.172222 0.022917 0.029630
8 0.854534 0.545450 0.219595 0.253186
77 0.854534 0.458684 0.157980 0.049890
6 0.854688 0.577778 0.194792 0.151852
76 0.929167 0.454630 0.025000 0.031481
7 0.128162 0.275130 0.214984 0.251007
77 0.128162 0.191472 0.145260 0.046807
55 0.128125 0.305556 0.189583 0.151852
13 0.375918 0.836235 0.224922 0.249148
77 0.375918 0.749937 0.116119 0.040741
62 0.375521 0.863889 0.111458 0.142593
32 0.442188 0.742593 0.017708 0.022222
10 0.138546 0.545271 0.226213 0.252580
77 0.136047 0.452941 0.170777 0.040741
41 0.139063 0.573148 0.115625 0.146296
76 0.217708 0.449074 0.016667 0.020370
19 0.135098 0.831974 0.218183 0.255293
77 0.135098 0.741342 0.122892 0.042890
77 0.135417 0.860185 0.170833 0.012963
13 0.374043 0.543954 0.218305 0.238445
77 0.374043 0.464465 0.131841 0.040741
28 0.373958 0.572222 0.108333 0.137037
62 0.440104 0.461111 0.026042 0.033333
15 0.610735 0.268429 0.216722 0.239859
77 0.610735 0.182671 0.122547 0.040741
84 0.610417 0.296296 0.191667 0.148148
31 0.687500 0.184259 0.025000 0.031481
13 0.614287 0.555616 0.218470 0.245440
77 0.614287 0.468444 0.168544 0.040741
79 0.614583 0.584259 0.193750 0.153704
15 0.851837 0.274116 0.215611 0.246339
77 0.851837 0.184670 0.156620 0.040741
78 0.851562 0.302778 0.190625 0.153704
29 0.920312 0.181481 0.017708 0.022222
