77 0.500000 0.072222 0.440000 0.077778
11 0.613194 0.271209 0.219122 0.246586
77 0.613194 0.186243 0.149754 0.040741
60 0.613542 0.299074 0.193750 0.153704
32 0.676562 0.181481 0.019792 0.025926
20 0.374476 0.269175 0.225831 0.241821
77 0.369751 0.183367 0.129116 0.040741
4 0.374479 0.297222 0.201042 0.150000
11 0.854352 0.557252 0.222153 0.253688
77 0.854352 0.470668 0.171035 0.049338
1 0.854688 0.588889 0.196875 0.151852
37 0.919792 0.462963 0.020833 0.025926
12 0.612555 0.555831 0.215010 0.252309
77 0.612555 0.470429 0.142503 0.043931
88 0.612500 0.586111 0.189583 0.157407
28 0.682292 0.468519 0.029167 0.037037
20 0.374817 0.550702 0.221048 0.239138
77 0.374817 0.471164 0.122928 0.042713
57 0.375000 0.579630 0.195833 0.144444
37 0.437500 0.467593 0.027083 0.035185
14 0.139003 0.553646 0.218685 0.243964
77 0.153236 0.466532 0.136148 0.040741
68 0.138542 0.581481 0.193750 0.151852
11 0.369026 0.835182 0.214208 0.250824
77 0.369026 0.749138 0.112594 0.046518
90 0.368750 0.866667 0.189583 0.151852
14 0.138402 0.272578 0.217066 0.254948
77 0.138402 0.185124 0.112500 0.043628
23 0.138542 0.300926 0.114583 0.146296
63 0.209896 0.180556 0.023958 0.031481
9 0.139805 0.831449 0.225966 0.250178
77 0.159671 0.745079 0.112500 0.049661
78 0.140104 0.862963 0.201042 0.148148
17 0.854620 0.264566 0.220758 0.252184
77 0.854620 0.182392 0.117593 0.047117
50 0.854167 0.295370 0.195833 0.153704
