77 0.500000 0.072222 0.440000 0.077778
18 0.615702 0.541201 0.220126 0.238970
77 0.615702 0.458075 0.150445 0.040741
47 0.616146 0.569444 0.194792 0.146296
16 0.866083 0.266743 0.225671 0.243489
77 0.866083 0.182332 0.116542 0.040741
4 0.866146 0.295370 0.201042 0.150000
15 0.136383 0.821590 0.224027 0.242535
77 0.136383 0.738551 0.152528 0.048141
73 0.136458 0.853704 0.108333 0.137037
12 0.370469 0.256658 0.215174 0.237203
77 0.370469 0.178376 0.166876 0.040741
23 0.370833 0.285185 0.110417 0.140741
7 0.136450 0.543155 0.224101 0.245889
77 0.148481 0.456444 0.166983 0.040741
7 0.135937 0.571296 0.198958 0.153704
7 0.617236 0.270327 0.215037 0.245521
77 0.617236 0.185543 0.125619 0.041206
32 0.617708 0.299074 0.106250 0.135185
27 0.688542 0.185185 0.029167 0.037037
18 0.378511 0.834213 0.219319 0.241420
77 0.378511 0.747353 0.162057 0.040741
67 0.378646 0.861111 0.194792 0.148148
12 0.131495 0.273655 0.216655 0.251997
77 0.131495 0.184583 0.114224 0.040741
83 0.131250 0.301852 0.191667 0.159259
37 0.197917 0.185185 0.027083 0.033333
17 0.860694 0.548754 0.218288 0.241242
77 0.860694 0.470625 0.142037 0.044438
59 0.860417 0.577778 0.193750 0.144444
28 0.923438 0.459259 0.019792 0.025926
9 0.375812 0.548836 0.222157 0.254256
77 0.373806 0.462512 0.166880 0.050842
51 0.375521 0.581481 0.196875 0.151852
