77 0.500000 0.072222 0.440000 0.077778
11 0.380201 0.266494 0.223839 0.246501
77 0.380201 0.179922 0.119953 0.047018
65 0.379688 0.298148 0.198958 0.148148
11 0.129722 0.840318 0.218787 0.251273
77 0.121033 0.754995 0.112500 0.040741
19 0.130208 0.868519 0.193750 0.159259
20 0.616782 0.549205 0.218905 0.252348
77 0.616782 0.465745 0.112500 0.049069
77 0.617188 0.580556 0.173958 0.012963
32 0.680729 0.459259 0.026042 0.033333
14 0.622709 0.264262 0.223402 0.253110
77 0.645101 0.174076 0.135442 0.045413
84 0.622917 0.294444 0.197917 0.155556
16 0.136824 0.263473 0.224383 0.247039
77 0.121832 0.182743 0.121461 0.047186
4 0.136979 0.294444 0.198958 0.148148
20 0.380382 0.553334 0.223744 0.248493
77 0.388606 0.471348 0.112794 0.048803
42 0.380729 0.584259 0.105208 0.135185
14 0.863206 0.546513 0.224070 0.242753
77 0.853202 0.460579 0.132467 0.040741
51 0.863021 0.575000 0.198958 0.150000
31 0.935937 0.455556 0.017708 0.022222
8 0.862452 0.257902 0.217761 0.239417
77 0.862452 0.175026 0.121206 0.045431
22 0.861979 0.287963 0.192708 0.142593
7 0.379468 0.831364 0.226542 0.244145
77 0.357261 0.746831 0.112500 0.040741
5 0.379688 0.859259 0.201042 0.151852
11 0.141848 0.556539 0.224624 0.251007
77 0.141848 0.466045 0.165070 0.041868
59 0.141667 0.584259 0.200000 0.157407
