77 0.500000 0.072222 0.440000 0.077778
10 0.373388 0.555763 0.221248 0.251754
77 0.373388 0.464944 0.115312 0.044134
11 0.372917 0.585185 0.195833 0.155556
9 0.372091 0.820418 0.217736 0.238474
77 0.378413 0.740009 0.145809 0.040741
9 0.372396 0.849074 0.192708 0.146296
17 0.852837 0.546671 0.218910 0.242917
77 0.854847 0.467471 0.112500 0.044329
58 0.853125 0.576852 0.193750 0.146296
18 0.857996 0.275104 0.216548 0.250436
77 0.857996 0.186574 0.163247 0.040741
75 0.858333 0.302778 0.191667 0.157407
7 0.136599 0.274087 0.217781 0.255162
77 0.136599 0.181718 0.115523 0.040741
10 0.136979 0.301852 0.192708 0.162963
10 0.624915 0.544305 0.226370 0.251293
77 0.624915 0.459565 0.129048 0.045688
23 0.625000 0.574074 0.104167 0.133333
7 0.133560 0.827037 0.220741 0.239607
77 0.133560 0.745489 0.130554 0.040741
40 0.133333 0.854630 0.195833 0.146296
14 0.613824 0.270952 0.216736 0.254967
77 0.613824 0.182456 0.125315 0.048470
79 0.613542 0.301852 0.191667 0.155556
29 0.685937 0.179630 0.026042 0.033333
14 0.135160 0.553198 0.214389 0.239803
77 0.135160 0.474229 0.112500 0.041850
48 0.135417 0.582407 0.189583 0.146296
28 0.195833 0.465741 0.020833 0.027778
16 0.376210 0.257305 0.221608 0.237390
77 0.376210 0.174506 0.136853 0.041325
22 0.376563 0.285185 0.196875 0.144444
