77 0.500000 0.072222 0.440000 0.077778
7 0.135797 0.826169 0.221911 0.242926
77 0.126035 0.743784 0.113382 0.040741
49 0.135937 0.854630 0.196875 0.150000
11 0.853990 0.548342 0.218362 0.251522
77 0.865913 0.462055 0.119029 0.040741
27 0.854167 0.575926 0.118750 0.151852
7 0.138148 0.552986 0.220583 0.242209
77 0.138148 0.471547 0.168213 0.044794
62 0.138542 0.583333 0.108333 0.137037
12 0.370953 0.544799 0.214818 0.241587
77 0.370953 0.462208 0.113834 0.048262
16 0.370833 0.575926 0.189583 0.140741
16 0.375471 0.272626 0.214370 0.242950
77 0.375471 0.186797 0.112500 0.040741
52 0.375000 0.300926 0.189583 0.150000
14 0.619906 0.553084 0.225270 0.240685
77 0.619906 0.470450 0.112500 0.040741
34 0.620313 0.581481 0.071875 0.144444
13 0.141256 0.269076 0.225051 0.252297
77 0.141256 0.178267 0.170668 0.043859
4 0.141667 0.299074 0.200000 0.157407
29 0.215625 0.175000 0.018750 0.024074
14 0.860296 0.262340 0.218623 0.240523
77 0.876301 0.175836 0.131010 0.040741
71 0.860417 0.290741 0.193750 0.148148
14 0.375175 0.835405 0.217714 0.255120
77 0.375175 0.751470 0.121505 0.049681
66 0.375521 0.867593 0.192708 0.153704
20 0.617519 0.276537 0.218151 0.252280
77 0.630290 0.188988 0.130897 0.042536
9 0.617188 0.304630 0.192708 0.157407
31 0.690104 0.185185 0.023958 0.029630
