1 0.499479 0.073148 0.057292 0.072222
0 0.172314 0.828012 0.295869 0.249593
1 0.096929 0.737998 0.124265 0.039935
7 0.171875 0.855556 0.110417 0.140741
7 0.263137 0.741235 0.089223 0.039001
0 0.501321 0.272200 0.305350 0.243775
1 0.423187 0.184630 0.128247 0.039004
5 0.501563 0.300000 0.115625 0.148148
7 0.601366 0.187298 0.080261 0.036933
6 0.173671 0.555212 0.297834 0.250268
1 0.097716 0.464914 0.125090 0.040043
2 0.173958 0.583333 0.272917 0.159259
7 0.273647 0.461769 0.072883 0.026346
0 0.822097 0.544555 0.299494 0.248814
1 0.745833 0.454630 0.027083 0.035185
2 0.821875 0.571296 0.275000 0.157407
6 0.170107 0.265133 0.300046 0.242537
1 0.093750 0.178704 0.108333 0.009259
4 0.169792 0.292593 0.275000 0.151852
6 0.498757 0.833089 0.301789 0.242553
1 0.421354 0.745370 0.109375 0.009259
2 0.498958 0.859259 0.277083 0.151852
0 0.817742 0.276528 0.296374 0.254385
1 0.742708 0.184259 0.110417 0.009259
2 0.818229 0.304630 0.271875 0.161111
7 0.906046 0.182443 0.094766 0.029178
0 0.491435 0.559158 0.295301 0.254996
1 0.416146 0.467593 0.028125 0.035185
2 0.491146 0.587037 0.269792 0.162963
7 0.598133 0.466764 0.056906 0.033170
