1 0.500000 0.071296 0.054167 0.068519
6 0.174568 0.840420 0.297347 0.253566
1 0.098958 0.748148 0.029167 0.037037
6 0.174479 0.867593 0.271875 0.161111
0 0.173539 0.271847 0.300024 0.248221
1 0.096948 0.182409 0.126010 0.039715
2 0.173958 0.299074 0.275000 0.157407
6 0.819611 0.552801 0.305370 0.239123
1 0.741471 0.467184 0.128255 0.038260
5 0.819792 0.579630 0.110417 0.140741
0 0.816031 0.267362 0.304740 0.253392
1 0.738542 0.175926 0.031250 0.040741
6 0.816146 0.295370 0.280208 0.161111
6 0.500100 0.542716 0.302984 0.246420
1 0.422917 0.453704 0.029167 0.037037
6 0.500521 0.570370 0.278125 0.155556
6 0.178582 0.553033 0.300088 0.240259
1 0.102083 0.467593 0.112500 0.009259
7 0.178646 0.580556 0.107292 0.135185
7 0.274509 0.464240 0.083234 0.025638
0 0.496050 0.825299 0.306175 0.240992
1 0.417676 0.738897 0.128593 0.038559
3 0.495833 0.852778 0.281250 0.150000
0 0.493303 0.269730 0.298714 0.252953
1 0.417093 0.178305 0.125460 0.040472
2 0.493229 0.297222 0.273958 0.161111
