1 0.500000 0.072222 0.056250 0.070370
6 0.497122 0.556528 0.305781 0.251891
1 0.419271 0.465741 0.028125 0.035185
2 0.496875 0.583333 0.281250 0.159259
7 0.591582 0.467156 0.091862 0.036110
6 0.815966 0.262557 0.301934 0.248935
1 0.738542 0.172222 0.029167 0.037037
2 0.815625 0.289815 0.277083 0.157407
7 0.922689 0.167866 0.063488 0.022516
6 0.493990 0.831356 0.300930 0.254208
1 0.417137 0.739404 0.126391 0.040673
6 0.494271 0.858333 0.276042 0.161111
7 0.597262 0.737156 0.069386 0.028772
6 0.817910 0.545951 0.304757 0.253195
1 0.740104 0.453704 0.030208 0.037037
2 0.818229 0.573148 0.280208 0.161111
0 0.179173 0.265098 0.298163 0.250063
1 0.103125 0.174074 0.029167 0.037037
8 0.179167 0.291667 0.118750 0.150000
6 0.494663 0.264225 0.296973 0.251234
1 0.418957 0.173522 0.124729 0.040197
2 0.494271 0.292593 0.271875 0.159259
7 0.600393 0.172692 0.060513 0.031130
6 0.179787 0.827390 0.304578 0.243411
1 0.101876 0.739972 0.127923 0.038946
8 0.180208 0.854630 0.106250 0.135185
6 0.176156 0.544556 0.301304 0.239620
1 0.098958 0.458333 0.122917 0.009259
3 0.176563 0.571296 0.276042 0.150000
