1 0.500521 0.071296 0.059375 0.075926
0 0.494303 0.820915 0.303540 0.237233
1 0.417187 0.735185 0.030208 0.037037
5 0.494792 0.847222 0.106250 0.135185
0 0.176594 0.266670 0.301115 0.237940
1 0.099687 0.181550 0.126468 0.038070
2 0.176563 0.292593 0.276042 0.148148
7 0.285169 0.180300 0.058965 0.028163
0 0.811725 0.269149 0.296932 0.245808
1 0.736458 0.180556 0.027083 0.035185
5 0.811979 0.296296 0.119792 0.151852
0 0.499999 0.268444 0.300922 0.246732
1 0.423148 0.179632 0.126387 0.039477
6 0.499479 0.296296 0.276042 0.155556
6 0.816894 0.546237 0.298530 0.241562
1 0.741146 0.460185 0.109375 0.009259
2 0.817187 0.572222 0.273958 0.151852
7 0.917025 0.458288 0.073267 0.028628
0 0.493143 0.556568 0.297117 0.249381
1 0.417187 0.465741 0.030208 0.038889
2 0.493229 0.584259 0.271875 0.157407
7 0.588393 0.467232 0.081616 0.033671
6 0.171993 0.555101 0.298444 0.250094
1 0.095833 0.464815 0.029167 0.037037
2 0.172396 0.582407 0.273958 0.157407
0 0.172910 0.828383 0.301048 0.238852
1 0.096023 0.742880 0.126440 0.038216
6 0.172396 0.855556 0.276042 0.148148
