1 0.500000 0.072222 0.058333 0.074074
0 0.169531 0.828851 0.295233 0.241084
1 0.094271 0.742593 0.030208 0.037037
4 0.169271 0.854630 0.269792 0.150000
6 0.815187 0.552022 0.303337 0.254742
1 0.737636 0.459845 0.127402 0.040759
2 0.815104 0.579630 0.278125 0.162963
6 0.180532 0.268358 0.303990 0.241342
1 0.102792 0.181809 0.127676 0.038615
3 0.180208 0.295370 0.279167 0.150000
0 0.494261 0.266669 0.299235 0.240750
1 0.418229 0.179630 0.030208 0.037037
6 0.494271 0.293519 0.273958 0.150000
6 0.821244 0.266077 0.299566 0.249638
1 0.744271 0.176852 0.121875 0.009259
2 0.820833 0.293519 0.275000 0.157407
7 0.922957 0.172050 0.071139 0.024546
6 0.174687 0.554226 0.297400 0.255438
1 0.098858 0.461757 0.124908 0.040870
2 0.175000 0.581481 0.272917 0.162963
6 0.500056 0.545181 0.300614 0.246143
1 0.422917 0.456481 0.027083 0.035185
2 0.500521 0.572222 0.276042 0.155556
7 0.613464 0.455654 0.048797 0.030050
0 0.500879 0.822187 0.302209 0.243466
1 0.423958 0.735185 0.029167 0.037037
2 0.501042 0.848148 0.277083 0.151852
7 0.596893 0.732601 0.085181 0.027257
