1 0.500000 0.073148 0.056250 0.072222
0 0.818424 0.261254 0.302504 0.242535
1 0.741115 0.174204 0.127052 0.038806
5 0.818229 0.288889 0.105208 0.133333
7 0.909525 0.173650 0.095303 0.030290
0 0.181817 0.278480 0.304948 0.254050
1 0.103798 0.186594 0.128078 0.040648
7 0.182292 0.306481 0.127083 0.161111
6 0.819604 0.545880 0.295579 0.237154
1 0.744271 0.460185 0.123958 0.009259
2 0.819792 0.572222 0.270833 0.148148
7 0.921868 0.458839 0.066052 0.026035
6 0.501798 0.828355 0.302088 0.247000
1 0.424479 0.739815 0.030208 0.038889
6 0.502083 0.855556 0.277083 0.155556
0 0.178037 0.550591 0.299514 0.238781
1 0.101594 0.465117 0.125796 0.038205
4 0.178125 0.577778 0.275000 0.148148
6 0.493515 0.271506 0.303492 0.251364
1 0.415625 0.180556 0.027083 0.035185
2 0.493229 0.298148 0.278125 0.159259
6 0.493618 0.555598 0.295132 0.247086
1 0.418750 0.465741 0.031250 0.038889
2 0.493229 0.583333 0.269792 0.155556
0 0.178491 0.823536 0.298156 0.240003
1 0.102604 0.737037 0.026042 0.033333
2 0.178125 0.850926 0.272917 0.150000
