1 0.500521 0.072222 0.438542 0.033333
0 0.823902 0.547430 0.302568 0.241633
1 0.746354 0.460185 0.030208 0.038889
8 0.823438 0.575000 0.117708 0.150000
0 0.502932 0.551375 0.302998 0.249576
1 0.425521 0.461111 0.028125 0.037037
2 0.502604 0.578704 0.278125 0.157407
7 0.598742 0.460231 0.086378 0.030252
0 0.501572 0.268894 0.303032 0.247867
1 0.424109 0.179605 0.127273 0.039659
2 0.501563 0.296296 0.278125 0.155556
6 0.820551 0.267924 0.302519 0.243765
1 0.743750 0.179630 0.029167 0.037037
2 0.820833 0.295370 0.277083 0.153704
0 0.173255 0.547762 0.295847 0.241565
1 0.097917 0.462037 0.114583 0.009259
6 0.172917 0.574074 0.270833 0.151852
0 0.179513 0.836654 0.303818 0.254752
1 0.101822 0.744473 0.127604 0.040760
8 0.179688 0.863889 0.115625 0.146296
7 0.271808 0.746269 0.094228 0.036945
6 0.490483 0.827438 0.295467 0.246848
1 0.415214 0.738576 0.124096 0.039496
8 0.490104 0.854630 0.115625 0.146296
7 0.592853 0.738080 0.065726 0.031097
6 0.172490 0.270103 0.302236 0.245772
1 0.094792 0.181481 0.029167 0.037037
3 0.172917 0.297222 0.277083 0.153704
