1 0.500000 0.072222 0.060417 0.077778
0 0.504386 0.825806 0.306271 0.243630
1 0.426042 0.738889 0.029167 0.037037
4 0.504167 0.852778 0.281250 0.153704
6 0.167943 0.555101 0.295930 0.254103
1 0.092188 0.463889 0.028125 0.035185
5 0.168229 0.582407 0.115625 0.146296
6 0.175913 0.271035 0.298013 0.241180
1 0.099479 0.184259 0.030208 0.038889
1 0.176042 0.298148 0.110417 0.140741
7 0.279258 0.183322 0.066323 0.028718
6 0.811591 0.263710 0.295774 0.246906
1 0.735938 0.175000 0.028125 0.035185
4 0.811458 0.290741 0.270833 0.155556
7 0.904553 0.176104 0.084850 0.034656
0 0.170235 0.836009 0.297597 0.252980
1 0.094349 0.744572 0.124991 0.040477
3 0.169792 0.863889 0.272917 0.161111
0 0.818274 0.538446 0.299657 0.239359
1 0.741790 0.452730 0.125856 0.038297
4 0.818750 0.565741 0.275000 0.150000
0 0.493625 0.262377 0.298799 0.245353
1 0.417187 0.175000 0.117708 0.009259
2 0.493229 0.289815 0.273958 0.153704
6 0.492460 0.548066 0.295653 0.238913
1 0.417138 0.462537 0.124174 0.038226
8 0.492188 0.574074 0.113542 0.144444
