1 0.500000 0.072222 0.056250 0.070370
6 0.169469 0.832171 0.295171 0.241469
1 0.094286 0.745569 0.123972 0.038635
7 0.169792 0.859259 0.116667 0.148148
6 0.174351 0.547474 0.300376 0.249925
1 0.097917 0.457407 0.029167 0.037037
2 0.173958 0.575000 0.275000 0.157407
7 0.286386 0.460806 0.051305 0.039553
6 0.496806 0.550742 0.305521 0.254500
1 0.418750 0.459259 0.029167 0.037037
7 0.496875 0.578704 0.122917 0.157407
0 0.820658 0.266624 0.296351 0.245800
1 0.744792 0.178704 0.027083 0.035185
1 0.820312 0.294444 0.240625 0.018519
0 0.496218 0.271747 0.303725 0.244043
1 0.418554 0.184063 0.127564 0.039047
2 0.495833 0.299074 0.279167 0.153704
7 0.610635 0.180131 0.049890 0.023774
0 0.175231 0.273150 0.297745 0.251771
1 0.099301 0.182221 0.125053 0.040283
7 0.175000 0.300926 0.118750 0.150000
6 0.820098 0.548668 0.302411 0.248271
1 0.742708 0.458333 0.027083 0.035185
8 0.820312 0.576852 0.109375 0.138889
7 0.927950 0.460856 0.061707 0.035610
6 0.492448 0.837684 0.297623 0.248937
1 0.416146 0.748148 0.028125 0.037037
7 0.492708 0.865741 0.118750 0.150000
