1 0.500000 0.071296 0.054167 0.068519
6 0.503471 0.268036 0.306510 0.245770
1 0.424479 0.178704 0.030208 0.038889
2 0.503125 0.295370 0.281250 0.153704
6 0.177903 0.550206 0.302371 0.249345
1 0.100632 0.460296 0.126996 0.039895
5 0.177604 0.576852 0.109375 0.138889
6 0.176595 0.831283 0.299195 0.254887
1 0.100000 0.738889 0.031250 0.040741
2 0.176563 0.859259 0.273958 0.162963
0 0.811412 0.263907 0.296967 0.237606
1 0.735417 0.179630 0.029167 0.037037
4 0.810937 0.290741 0.271875 0.148148
6 0.498812 0.556153 0.305873 0.246196
1 0.420525 0.467565 0.128467 0.039391
2 0.498958 0.583333 0.281250 0.155556
7 0.611273 0.466762 0.055952 0.030378
6 0.822895 0.544643 0.305543 0.245257
1 0.744271 0.456481 0.113542 0.009259
2 0.822396 0.571296 0.280208 0.153704
6 0.499420 0.837345 0.298543 0.245788
1 0.423438 0.749074 0.028125 0.035185
6 0.499479 0.863889 0.273958 0.153704
7 0.602337 0.746318 0.067707 0.026697
0 0.176554 0.270446 0.296081 0.248890
1 0.101042 0.181481 0.029167 0.037037
1 0.176042 0.298148 0.114583 0.144444
