1 0.500521 0.072222 0.421875 0.033333
0 0.498497 0.823475 0.305732 0.237745
1 0.420312 0.737963 0.119792 0.009259
8 0.498437 0.850000 0.113542 0.144444
6 0.818024 0.550243 0.306927 0.248969
1 0.739432 0.460491 0.128909 0.039835
1 0.817708 0.577778 0.108333 0.137037
7 0.925346 0.456120 0.067283 0.023687
0 0.501045 0.557528 0.302303 0.251171
1 0.423794 0.466851 0.126967 0.040187
7 0.501042 0.584259 0.110417 0.138889
6 0.499023 0.269781 0.295850 0.252575
1 0.423438 0.177778 0.107292 0.007407
2 0.498958 0.297222 0.270833 0.161111
0 0.170443 0.554156 0.294927 0.250169
1 0.095833 0.464815 0.029167 0.037037
2 0.170313 0.582407 0.269792 0.157407
7 0.262388 0.464403 0.086037 0.033625
6 0.171508 0.262429 0.297730 0.249699
1 0.095833 0.173148 0.031250 0.038889
2 0.171875 0.289815 0.272917 0.157407
7 0.283907 0.175256 0.047932 0.038316
6 0.820453 0.272656 0.300312 0.250641
1 0.744271 0.181481 0.030208 0.037037
2 0.820833 0.300000 0.275000 0.159259
7 0.923016 0.180271 0.070186 0.028834
0 0.171866 0.828788 0.303890 0.241751
1 0.094155 0.742067 0.127634 0.038680
4 0.171875 0.855556 0.279167 0.151852
7 0.263746 0.746621 0.095129 0.040381
