1 0.500000 0.071296 0.054167 0.068519
6 0.818442 0.271399 0.303947 0.254217
1 0.741146 0.179630 0.028125 0.037037
2 0.818750 0.299074 0.279167 0.161111
0 0.495754 0.277824 0.299485 0.254763
1 0.419320 0.185639 0.125784 0.040762
3 0.495833 0.305556 0.275000 0.162963
6 0.499899 0.828608 0.306527 0.240467
1 0.421423 0.742427 0.128741 0.038475
2 0.500000 0.854630 0.281250 0.150000
0 0.820533 0.551805 0.301455 0.246533
1 0.743528 0.463076 0.126611 0.039445
7 0.820833 0.578704 0.106250 0.135185
7 0.912952 0.465215 0.091617 0.036316
6 0.177447 0.823301 0.300094 0.237287
1 0.100836 0.738456 0.126040 0.037966
7 0.177083 0.850000 0.102083 0.129630
0 0.170650 0.544370 0.297196 0.241406
1 0.094880 0.457794 0.124822 0.038625
6 0.170313 0.570370 0.271875 0.151852
7 0.270822 0.462507 0.071851 0.040643
6 0.497357 0.551897 0.304478 0.245211
1 0.419271 0.463889 0.119792 0.009259
5 0.496875 0.578704 0.143750 0.142593
7 0.603745 0.466853 0.066702 0.038086
6 0.179416 0.259459 0.300593 0.241054
1 0.102604 0.172222 0.026042 0.033333
2 0.179688 0.286111 0.276042 0.150000
