1 0.500521 0.071296 0.413542 0.031481
0 0.812554 0.547207 0.296139 0.255281
1 0.736979 0.454630 0.030208 0.038889
3 0.812500 0.575926 0.270833 0.162963
0 0.178864 0.548304 0.301949 0.249951
1 0.101716 0.458140 0.126819 0.039992
7 0.178646 0.575926 0.115625 0.148148
7 0.282426 0.453899 0.069826 0.024102
6 0.814035 0.272317 0.299969 0.245586
1 0.737461 0.183986 0.125987 0.039294
2 0.813542 0.299074 0.275000 0.153704
0 0.494602 0.558649 0.298859 0.254415
1 0.418750 0.465741 0.112500 0.009259
2 0.494271 0.586111 0.273958 0.161111
7 0.601084 0.464301 0.060895 0.028681
6 0.501412 0.834711 0.306091 0.246155
1 0.423062 0.746140 0.128558 0.039385
2 0.501042 0.861111 0.281250 0.155556
6 0.176377 0.824053 0.302686 0.237802
1 0.098958 0.738889 0.029167 0.037037
2 0.176563 0.850000 0.278125 0.148148
0 0.497115 0.263510 0.297924 0.243444
1 0.421134 0.176078 0.125128 0.038951
2 0.496875 0.290741 0.272917 0.151852
7 0.606995 0.175441 0.053164 0.030269
6 0.175398 0.269323 0.298977 0.248255
1 0.099479 0.180556 0.030208 0.038889
2 0.175521 0.297222 0.273958 0.157407
