1 0.500000 0.072222 0.058333 0.074074
6 0.495464 0.539901 0.299799 0.241697
1 0.418750 0.452778 0.116667 0.009259
7 0.495312 0.565741 0.111458 0.142593
0 0.174512 0.558854 0.296202 0.255492
1 0.099030 0.466363 0.124405 0.040879
2 0.175000 0.587037 0.270833 0.162963
0 0.817030 0.264743 0.300474 0.252830
1 0.740309 0.173369 0.126199 0.040453
1 0.816667 0.292593 0.112500 0.144444
6 0.495984 0.269395 0.299213 0.240094
1 0.419271 0.184259 0.028125 0.035185
2 0.496354 0.295370 0.273958 0.150000
6 0.168479 0.267790 0.296961 0.252822
1 0.092777 0.176419 0.124724 0.040452
7 0.168750 0.295370 0.118750 0.150000
7 0.266584 0.178376 0.075751 0.036959
6 0.496380 0.833965 0.295424 0.244880
1 0.420833 0.745370 0.112500 0.009259
4 0.496875 0.860185 0.270833 0.153704
0 0.818361 0.552143 0.305297 0.250815
1 0.740625 0.461111 0.031250 0.040741
4 0.818229 0.579630 0.280208 0.159259
6 0.170945 0.829498 0.298550 0.251021
1 0.094782 0.738884 0.125391 0.040163
2 0.171354 0.857407 0.273958 0.159259
