1 0.499479 0.072222 0.057292 0.074074
6 0.815171 0.272039 0.302036 0.246850
1 0.737500 0.183333 0.029167 0.037037
6 0.815625 0.300000 0.277083 0.155556
0 0.498761 0.552523 0.298480 0.241535
1 0.422619 0.465893 0.125362 0.038646
8 0.498958 0.578704 0.104167 0.131481
6 0.817039 0.557368 0.300480 0.255202
1 0.740316 0.464998 0.126202 0.040832
2 0.816667 0.585185 0.275000 0.162963
0 0.491988 0.268541 0.294966 0.252300
1 0.417187 0.176852 0.030208 0.038889
6 0.492188 0.296296 0.269792 0.159259
0 0.495495 0.827001 0.300597 0.241665
1 0.418738 0.740316 0.126251 0.038666
7 0.495312 0.854630 0.117708 0.150000
0 0.172604 0.830262 0.305184 0.250039
1 0.094517 0.740061 0.128177 0.040006
2 0.172396 0.858333 0.280208 0.157407
6 0.172334 0.542752 0.302542 0.242341
1 0.095013 0.455784 0.127068 0.038775
7 0.172396 0.569444 0.107292 0.135185
6 0.172669 0.275733 0.295418 0.253149
1 0.097396 0.183333 0.028125 0.037037
7 0.172396 0.303704 0.111458 0.140741
