1 0.500521 0.071296 0.059375 0.075926
6 0.503712 0.548686 0.305291 0.240259
1 0.425521 0.462037 0.028125 0.035185
7 0.504167 0.575926 0.108333 0.137037
6 0.175403 0.267621 0.304946 0.251478
1 0.097385 0.176815 0.128077 0.040236
7 0.175521 0.294444 0.119792 0.151852
0 0.819831 0.263889 0.298711 0.247374
1 0.743750 0.174074 0.029167 0.037037
6 0.820312 0.290741 0.273958 0.155556
6 0.178633 0.539727 0.304584 0.238744
1 0.100521 0.453704 0.026042 0.033333
7 0.178646 0.566667 0.105208 0.133333
0 0.176126 0.824862 0.297610 0.246567
1 0.100236 0.736119 0.124996 0.039451
7 0.176563 0.852778 0.115625 0.146296
6 0.499215 0.270082 0.303229 0.240306
1 0.421695 0.183969 0.127356 0.038449
3 0.499479 0.297222 0.278125 0.150000
6 0.816930 0.544337 0.302230 0.239811
1 0.739700 0.458431 0.126937 0.038370
7 0.816667 0.570370 0.108333 0.137037
6 0.492613 0.839670 0.297827 0.251631
1 0.416660 0.748800 0.125087 0.040261
7 0.492708 0.867593 0.120833 0.153704
7 0.604974 0.744718 0.048104 0.024689
