1 0.500521 0.072222 0.055208 0.070370
0 0.499451 0.549666 0.301991 0.251338
1 0.422396 0.458333 0.028125 0.035185
2 0.498958 0.577778 0.277083 0.159259
6 0.496276 0.272580 0.303308 0.253463
1 0.418733 0.180940 0.127389 0.040554
5 0.495833 0.300926 0.122917 0.157407
6 0.821596 0.257563 0.306375 0.239246
1 0.743164 0.171894 0.128677 0.038279
2 0.821875 0.284259 0.281250 0.150000
6 0.172570 0.270372 0.294983 0.241275
1 0.097441 0.183851 0.123893 0.038604
4 0.172396 0.297222 0.269792 0.150000
7 0.267083 0.184783 0.080956 0.033061
0 0.178988 0.840601 0.299171 0.252981
1 0.102646 0.749163 0.125652 0.040477
1 0.178646 0.868519 0.121875 0.155556
6 0.501521 0.823773 0.304336 0.246912
1 0.423958 0.734259 0.122917 0.009259
2 0.501042 0.851852 0.279167 0.155556
0 0.177811 0.541392 0.297373 0.239284
1 0.101990 0.455708 0.124897 0.038285
6 0.177604 0.567593 0.271875 0.150000
6 0.820838 0.546343 0.295905 0.254421
1 0.745442 0.454301 0.124280 0.040707
2 0.820833 0.575000 0.270833 0.161111
7 0.932172 0.451425 0.048237 0.027548
