1 0.500521 0.072222 0.055208 0.070370
6 0.824518 0.261423 0.303441 0.241307
1 0.746936 0.174888 0.127445 0.038609
2 0.824479 0.287963 0.278125 0.150000
7 0.923865 0.171025 0.079746 0.023475
6 0.496410 0.557383 0.297253 0.249331
1 0.420623 0.467479 0.124846 0.039893
4 0.496354 0.584259 0.271875 0.157407
0 0.815823 0.547351 0.301745 0.252538
1 0.738542 0.455556 0.029167 0.037037
5 0.816146 0.574074 0.121875 0.155556
6 0.179056 0.551356 0.304151 0.241321
1 0.101042 0.465741 0.027083 0.035185
2 0.179167 0.578704 0.279167 0.150000
6 0.494931 0.274784 0.306214 0.249667
1 0.416667 0.185185 0.029167 0.037037
2 0.494792 0.302778 0.281250 0.157407
0 0.176255 0.268682 0.304272 0.248493
1 0.098437 0.178704 0.030208 0.038889
7 0.176563 0.296296 0.107292 0.137037
7 0.289751 0.179481 0.052281 0.033054
0 0.491174 0.840338 0.294573 0.253363
1 0.416164 0.748741 0.123721 0.040538
6 0.491146 0.867593 0.269792 0.161111
6 0.177059 0.828156 0.304530 0.251089
1 0.099163 0.737513 0.127902 0.040174
2 0.177083 0.855556 0.279167 0.159259
