1 0.500000 0.072222 0.060417 0.077778
0 0.491809 0.276289 0.295624 0.250985
1 0.416667 0.186111 0.027083 0.035185
6 0.491667 0.303704 0.270833 0.159259
7 0.584334 0.184007 0.085573 0.029383
0 0.499392 0.550021 0.297253 0.238059
1 0.423958 0.465741 0.027083 0.035185
6 0.499479 0.575926 0.271875 0.148148
6 0.813996 0.266290 0.299807 0.238469
1 0.737469 0.180948 0.125919 0.038155
2 0.813542 0.292593 0.275000 0.148148
6 0.176303 0.543124 0.303266 0.242429
1 0.098437 0.456481 0.028125 0.035185
6 0.176563 0.570370 0.278125 0.151852
0 0.172091 0.832249 0.297251 0.253228
1 0.096354 0.740741 0.032292 0.040741
7 0.171875 0.859259 0.125000 0.159259
0 0.823967 0.542387 0.302442 0.245126
1 0.746875 0.453704 0.029167 0.037037
2 0.823958 0.569444 0.277083 0.153704
0 0.175465 0.270044 0.299716 0.241721
1 0.099479 0.184259 0.028125 0.035185
2 0.175000 0.296296 0.275000 0.151852
6 0.491917 0.825021 0.298709 0.246502
1 0.416146 0.736111 0.030208 0.038889
2 0.492188 0.851852 0.273958 0.155556
7 0.594501 0.732212 0.068540 0.023846
