1 0.499479 0.073148 0.057292 0.072222
6 0.173785 0.545156 0.297570 0.237811
1 0.097396 0.460185 0.119792 0.009259
2 0.173958 0.572222 0.272917 0.148148
0 0.491987 0.264204 0.294860 0.253576
1 0.416667 0.173148 0.122917 0.009259
7 0.492188 0.292593 0.119792 0.151852
0 0.170382 0.834487 0.297641 0.244001
1 0.094792 0.747222 0.114583 0.009259
2 0.170833 0.862037 0.272917 0.153704
6 0.818277 0.554040 0.297092 0.255060
1 0.742537 0.461730 0.124779 0.040810
2 0.818229 0.581481 0.271875 0.162963
0 0.494179 0.543227 0.297598 0.237953
1 0.418750 0.458333 0.027083 0.035185
6 0.493750 0.570370 0.272917 0.148148
6 0.817830 0.265680 0.297231 0.248931
1 0.742188 0.176852 0.030208 0.038889
4 0.818229 0.293519 0.271875 0.157407
7 0.928880 0.176443 0.050132 0.033421
6 0.498489 0.825054 0.298997 0.243400
1 0.422197 0.737641 0.125579 0.038944
8 0.498958 0.851852 0.114583 0.144444
0 0.179188 0.265463 0.303000 0.238016
1 0.102083 0.180556 0.027083 0.035185
5 0.179688 0.292593 0.105208 0.133333
