1 0.500521 0.071296 0.413542 0.031481
0 0.815521 0.556520 0.295033 0.248191
1 0.740378 0.467095 0.123914 0.039711
4 0.815104 0.584259 0.269792 0.157407
7 0.904601 0.467996 0.091873 0.034107
6 0.491157 0.827112 0.296008 0.237110
1 0.416146 0.741667 0.113542 0.009259
3 0.491667 0.853704 0.270833 0.148148
6 0.179250 0.548838 0.299784 0.244398
1 0.103125 0.460185 0.027083 0.035185
7 0.179688 0.575926 0.107292 0.137037
7 0.288359 0.464061 0.056566 0.037806
6 0.492356 0.545540 0.295074 0.237615
1 0.417201 0.460556 0.123931 0.038018
7 0.492708 0.571296 0.112500 0.142593
7 0.581727 0.462402 0.091332 0.034303
0 0.167441 0.271726 0.294930 0.245783
1 0.092708 0.182407 0.110417 0.009259
7 0.167708 0.298148 0.116667 0.148148
6 0.492029 0.269543 0.297263 0.250724
1 0.416240 0.179053 0.124850 0.040116
6 0.492188 0.296296 0.271875 0.159259
6 0.822322 0.262163 0.304545 0.242902
1 0.744792 0.174074 0.029167 0.037037
2 0.821875 0.288889 0.279167 0.151852
0 0.179453 0.833068 0.304986 0.254704
1 0.101423 0.740907 0.128094 0.040753
2 0.179688 0.861111 0.280208 0.162963
