1 0.499479 0.071296 0.053125 0.068519
0 0.499728 0.269984 0.305744 0.243050
1 0.421479 0.182718 0.128412 0.038888
2 0.500000 0.296296 0.281250 0.151852
7 0.593713 0.178668 0.092775 0.023381
6 0.815830 0.259987 0.297910 0.242028
1 0.739583 0.173148 0.110417 0.009259
2 0.815625 0.287037 0.272917 0.151852
0 0.172416 0.538175 0.297749 0.238847
1 0.096486 0.452674 0.125055 0.038216
4 0.172917 0.564815 0.272917 0.148148
0 0.176974 0.828592 0.303987 0.245187
1 0.099234 0.740428 0.127674 0.039230
2 0.177083 0.856481 0.279167 0.153704
6 0.172706 0.275289 0.297190 0.250646
1 0.097396 0.185185 0.030208 0.037037
8 0.172396 0.302778 0.111458 0.142593
0 0.822749 0.546965 0.303230 0.239395
1 0.745313 0.462037 0.117708 0.009259
4 0.822396 0.573148 0.278125 0.150000
7 0.924032 0.462304 0.075665 0.033037
6 0.496018 0.554403 0.298475 0.244142
1 0.419792 0.466667 0.027083 0.033333
2 0.496354 0.580556 0.273958 0.153704
6 0.496931 0.840521 0.295876 0.255320
1 0.421354 0.747222 0.030208 0.038889
1 0.496875 0.868519 0.116667 0.148148
7 0.590490 0.746990 0.083757 0.031221
