1 0.500000 0.071296 0.060417 0.075926
6 0.497544 0.549796 0.301959 0.241783
1 0.420833 0.462963 0.027083 0.033333
1 0.497917 0.576852 0.256250 0.020370
0 0.169177 0.276081 0.298252 0.250454
1 0.093229 0.186111 0.030208 0.038889
2 0.168750 0.303704 0.272917 0.159259
6 0.177193 0.833552 0.303039 0.250817
1 0.099728 0.743024 0.127277 0.040131
6 0.177604 0.861111 0.278125 0.159259
7 0.283570 0.741263 0.065285 0.029200
0 0.495739 0.259763 0.298932 0.240421
1 0.419465 0.173601 0.125551 0.038467
2 0.495312 0.286111 0.273958 0.150000
0 0.490104 0.833506 0.296815 0.253719
1 0.414444 0.741759 0.124662 0.040595
4 0.490104 0.862037 0.271875 0.161111
6 0.816932 0.259479 0.303811 0.243965
1 0.739583 0.172222 0.029167 0.037037
2 0.816667 0.286111 0.279167 0.153704
6 0.812392 0.555330 0.295259 0.254308
1 0.737184 0.463335 0.124009 0.040689
3 0.811979 0.582407 0.269792 0.161111
7 0.908799 0.461330 0.077446 0.029273
6 0.173624 0.547868 0.299296 0.239385
1 0.096875 0.462037 0.122917 0.009259
2 0.173437 0.575000 0.273958 0.150000
