1 0.500521 0.072222 0.055208 0.070370
0 0.821249 0.263333 0.297398 0.237635
1 0.745420 0.178341 0.124907 0.038022
2 0.820833 0.288889 0.272917 0.148148
0 0.496421 0.835868 0.296756 0.245673
1 0.420312 0.747222 0.028125 0.035185
2 0.496354 0.862037 0.271875 0.153704
7 0.588402 0.744019 0.087795 0.024937
0 0.177564 0.831744 0.305895 0.238794
1 0.099479 0.745370 0.113542 0.009259
8 0.177604 0.858333 0.105208 0.135185
0 0.495096 0.554799 0.301254 0.249753
1 0.418229 0.463889 0.121875 0.009259
6 0.495312 0.582407 0.276042 0.157407
6 0.494159 0.262075 0.303920 0.246577
1 0.416146 0.173148 0.030208 0.038889
6 0.493750 0.288889 0.279167 0.155556
7 0.605670 0.172409 0.055899 0.030209
0 0.167731 0.264264 0.295358 0.244347
1 0.092494 0.176453 0.124050 0.039096
2 0.167708 0.291667 0.270833 0.153704
6 0.169931 0.551194 0.295448 0.246365
1 0.094668 0.462536 0.124088 0.039418
5 0.169792 0.578704 0.150000 0.150000
0 0.818559 0.551185 0.302222 0.250817
1 0.741146 0.460185 0.115625 0.009259
2 0.818750 0.577778 0.277083 0.159259
