1 0.499479 0.073148 0.057292 0.072222
6 0.491789 0.266561 0.296317 0.241446
1 0.416274 0.179968 0.124453 0.038631
7 0.491667 0.292593 0.110417 0.140741
6 0.824143 0.271284 0.306136 0.255438
1 0.745833 0.178704 0.122917 0.009259
3 0.823958 0.300000 0.281250 0.162963
6 0.816665 0.555831 0.303406 0.253924
1 0.739062 0.463889 0.115625 0.009259
8 0.816146 0.584259 0.109375 0.138889
6 0.177004 0.826883 0.294819 0.240555
1 0.101923 0.740665 0.123824 0.038489
5 0.177083 0.853704 0.112500 0.144444
0 0.495829 0.548402 0.296631 0.254080
1 0.420223 0.456503 0.124585 0.040653
4 0.495312 0.576852 0.271875 0.161111
7 0.598482 0.457544 0.066326 0.035327
6 0.494641 0.827314 0.305874 0.242851
1 0.416355 0.740131 0.128467 0.038856
6 0.494792 0.853704 0.281250 0.151852
6 0.177088 0.556090 0.301421 0.252566
1 0.100521 0.465741 0.117708 0.009259
2 0.177604 0.584259 0.276042 0.161111
6 0.168919 0.260680 0.297821 0.237395
1 0.092708 0.175000 0.112500 0.009259
4 0.168750 0.287037 0.272917 0.148148
7 0.259489 0.173594 0.091681 0.026185
