1 0.500000 0.072222 0.060417 0.077778
0 0.812254 0.269547 0.295290 0.253273
1 0.736979 0.178704 0.028125 0.035185
2 0.811979 0.297222 0.269792 0.161111
7 0.909798 0.176345 0.075202 0.029832
6 0.175505 0.548981 0.301274 0.237538
1 0.098553 0.464030 0.126535 0.038006
2 0.175521 0.575926 0.276042 0.148148
7 0.275233 0.467044 0.076818 0.036627
0 0.490654 0.547404 0.295614 0.242922
1 0.415625 0.460185 0.122917 0.009259
5 0.491146 0.574074 0.107292 0.137037
7 0.591573 0.457279 0.068774 0.025634
6 0.819690 0.550397 0.303333 0.248697
1 0.742140 0.460759 0.127400 0.039791
2 0.819271 0.576852 0.278125 0.157407
0 0.178104 0.260558 0.299582 0.237394
1 0.101641 0.175668 0.125825 0.037983
5 0.178125 0.286111 0.064583 0.131481
0 0.496410 0.268772 0.305070 0.248738
1 0.418357 0.179117 0.128129 0.039798
2 0.496354 0.295370 0.280208 0.157407
0 0.490252 0.830714 0.297214 0.239515
1 0.414476 0.744933 0.124830 0.038322
2 0.490104 0.856481 0.271875 0.150000
0 0.178589 0.836396 0.298178 0.252788
1 0.102083 0.745370 0.027083 0.035185
4 0.178125 0.863889 0.272917 0.161111
7 0.274358 0.745562 0.081640 0.034083
