1 0.500000 0.072222 0.054167 0.070370
6 0.812530 0.548138 0.298799 0.246770
1 0.736458 0.460185 0.112500 0.009259
7 0.812500 0.575000 0.114583 0.146296
7 0.924442 0.456942 0.049975 0.027342
0 0.496050 0.553502 0.299844 0.242289
1 0.419271 0.465741 0.030208 0.038889
7 0.495833 0.580556 0.112500 0.142593
6 0.817573 0.265040 0.299779 0.248083
1 0.740625 0.175000 0.116667 0.009259
8 0.817187 0.291667 0.109375 0.138889
6 0.499948 0.824737 0.302428 0.247072
1 0.422396 0.736111 0.123958 0.009259
2 0.500000 0.851852 0.277083 0.155556
6 0.172162 0.264287 0.301164 0.252663
1 0.095312 0.173148 0.126042 0.009259
1 0.171875 0.292593 0.110417 0.140741
7 0.262544 0.169065 0.095398 0.025183
6 0.174875 0.547814 0.303545 0.240768
1 0.097264 0.461506 0.127489 0.038523
2 0.174479 0.575000 0.278125 0.150000
6 0.497672 0.272967 0.298875 0.247618
1 0.421415 0.183782 0.125527 0.039619
7 0.497396 0.300926 0.109375 0.138889
7 0.604158 0.180870 0.060901 0.026386
6 0.173965 0.824326 0.296274 0.242211
1 0.098437 0.737963 0.113542 0.009259
4 0.173958 0.851852 0.270833 0.151852
