1 0.500521 0.071296 0.059375 0.075926
6 0.501598 0.556025 0.300571 0.247300
1 0.425000 0.467593 0.031250 0.038889
4 0.501563 0.583333 0.276042 0.155556
7 0.603812 0.469060 0.071144 0.036331
0 0.823514 0.269755 0.306181 0.245595
1 0.745313 0.181481 0.028125 0.037037
5 0.823958 0.296296 0.112500 0.144444
6 0.171478 0.271820 0.298857 0.246887
1 0.094792 0.183333 0.029167 0.037037
2 0.171354 0.298148 0.273958 0.155556
0 0.492103 0.834722 0.294768 0.248373
1 0.417036 0.745220 0.123803 0.039740
5 0.492188 0.861111 0.119792 0.151852
0 0.496017 0.273734 0.295499 0.249305
1 0.420833 0.183333 0.029167 0.037037
5 0.496354 0.300926 0.111458 0.142593
7 0.592283 0.183760 0.077967 0.032319
6 0.821657 0.548568 0.303672 0.244954
1 0.744009 0.460502 0.127542 0.039193
2 0.821875 0.575000 0.279167 0.153704
0 0.179992 0.552081 0.300715 0.243990
1 0.103125 0.464815 0.029167 0.037037
2 0.179688 0.578704 0.276042 0.153704
6 0.172128 0.839612 0.298474 0.251227
1 0.095833 0.749074 0.027083 0.035185
2 0.172396 0.866667 0.273958 0.159259
