1 0.500000 0.072222 0.056250 0.070370
0 0.499931 0.263734 0.304043 0.244054
1 0.422175 0.176047 0.127698 0.039049
1 0.500000 0.289815 0.268750 0.020370
6 0.173393 0.270583 0.301024 0.247648
1 0.096354 0.180556 0.030208 0.038889
2 0.173437 0.298148 0.276042 0.155556
7 0.286620 0.178773 0.049571 0.026990
6 0.171078 0.827303 0.301450 0.245154
1 0.094271 0.739815 0.030208 0.038889
5 0.171354 0.853704 0.111458 0.140741
0 0.820083 0.554620 0.304937 0.246327
1 0.742068 0.465978 0.128074 0.039412
3 0.820312 0.581481 0.280208 0.155556
6 0.173320 0.549937 0.298674 0.244176
1 0.096875 0.462037 0.027083 0.035185
7 0.173437 0.576852 0.117708 0.150000
0 0.490980 0.831928 0.298984 0.243365
1 0.414583 0.745370 0.027083 0.035185
6 0.491146 0.859259 0.273958 0.151852
6 0.820694 0.270532 0.299956 0.248598
1 0.744124 0.180935 0.125981 0.039776
8 0.820312 0.298148 0.119792 0.151852
6 0.503428 0.548782 0.305722 0.245122
1 0.425521 0.460185 0.113542 0.009259
2 0.503646 0.575000 0.280208 0.153704
7 0.598132 0.456673 0.091314 0.023867
