1 0.500000 0.071296 0.418750 0.031481
0 0.821017 0.549144 0.295912 0.243967
1 0.745833 0.462037 0.027083 0.035185
4 0.820833 0.576852 0.270833 0.153704
0 0.176798 0.557513 0.305579 0.251066
1 0.098958 0.467593 0.031250 0.038889
2 0.176563 0.585185 0.280208 0.159259
0 0.177252 0.827598 0.296527 0.254389
1 0.102083 0.735185 0.029167 0.037037
6 0.177604 0.854630 0.271875 0.161111
6 0.491129 0.267286 0.296632 0.248786
1 0.415104 0.176852 0.030208 0.038889
2 0.491146 0.295370 0.271875 0.157407
7 0.591046 0.174689 0.071798 0.026553
6 0.489528 0.547049 0.294704 0.244393
1 0.414062 0.459259 0.107292 0.007407
3 0.489063 0.573148 0.269792 0.153704
6 0.821793 0.256356 0.297157 0.238387
1 0.746034 0.171049 0.124806 0.038142
2 0.821354 0.283333 0.271875 0.148148
0 0.180250 0.260230 0.303459 0.239491
1 0.103125 0.175000 0.114583 0.009259
5 0.180729 0.286111 0.109375 0.138889
0 0.501103 0.825883 0.299026 0.238260
1 0.424479 0.739815 0.117708 0.009259
5 0.501042 0.852778 0.135417 0.135185
7 0.611421 0.738155 0.053389 0.025768
