1 0.500000 0.072222 0.058333 0.074074
6 0.491241 0.269828 0.298935 0.253626
1 0.414583 0.177778 0.031250 0.040741
7 0.491146 0.297222 0.109375 0.138889
7 0.593591 0.178524 0.069234 0.033979
0 0.169186 0.554208 0.298060 0.250606
1 0.093229 0.463889 0.028125 0.035185
6 0.168750 0.581481 0.272917 0.159259
0 0.824666 0.548090 0.303033 0.238948
1 0.746875 0.462963 0.029167 0.037037
5 0.825000 0.574074 0.137500 0.137037
0 0.822218 0.268155 0.299604 0.237773
1 0.745313 0.183333 0.026042 0.033333
6 0.821875 0.294444 0.275000 0.148148
0 0.170862 0.270037 0.296296 0.244490
1 0.095312 0.182407 0.030208 0.038889
4 0.170833 0.297222 0.270833 0.153704
6 0.500172 0.828142 0.300322 0.241792
1 0.423495 0.741404 0.126135 0.038687
2 0.500000 0.855556 0.275000 0.151852
0 0.490614 0.547234 0.295369 0.255183
1 0.415104 0.454630 0.030208 0.038889
5 0.490625 0.575000 0.114583 0.146296
6 0.172980 0.820820 0.305153 0.238689
1 0.094792 0.736111 0.114583 0.009259
6 0.173437 0.848148 0.280208 0.148148
