1 0.500000 0.071296 0.054167 0.068519
0 0.823083 0.273184 0.303710 0.248941
1 0.745423 0.183444 0.127558 0.039831
5 0.823438 0.300000 0.069792 0.140741
6 0.174582 0.834379 0.298466 0.251755
1 0.098958 0.742593 0.029167 0.037037
2 0.174479 0.861111 0.273958 0.159259
0 0.175613 0.267726 0.302907 0.247336
1 0.098437 0.178704 0.030208 0.038889
8 0.175521 0.295370 0.105208 0.135185
6 0.494815 0.835867 0.296921 0.250668
1 0.419271 0.745370 0.109375 0.009259
1 0.495312 0.862963 0.119792 0.151852
7 0.597589 0.741827 0.066372 0.025551
6 0.496262 0.270486 0.295336 0.246904
1 0.420833 0.181481 0.029167 0.037037
8 0.495833 0.297222 0.120833 0.153704
6 0.175133 0.549237 0.301191 0.238295
1 0.098204 0.463968 0.126500 0.038127
1 0.175000 0.575000 0.106250 0.135185
7 0.288306 0.460094 0.049845 0.022971
0 0.818736 0.550892 0.296813 0.239363
1 0.743229 0.465741 0.123958 0.009259
6 0.818229 0.576852 0.271875 0.150000
7 0.915878 0.461227 0.077530 0.022995
0 0.498809 0.551352 0.299450 0.251579
1 0.422385 0.460504 0.125769 0.040253
2 0.498437 0.579630 0.273958 0.159259
