1 0.499479 0.073148 0.057292 0.072222
6 0.492710 0.261520 0.301879 0.248465
1 0.415582 0.171980 0.126789 0.039754
2 0.492708 0.287963 0.277083 0.157407
0 0.493419 0.545787 0.299818 0.244351
1 0.416889 0.457975 0.125923 0.039096
5 0.493229 0.572222 0.105208 0.133333
6 0.819963 0.262742 0.304527 0.247269
1 0.741667 0.173148 0.031250 0.038889
2 0.819792 0.290741 0.279167 0.155556
7 0.911090 0.177052 0.097273 0.038854
6 0.819940 0.555289 0.305926 0.254087
1 0.741667 0.462963 0.029167 0.037037
4 0.819792 0.582407 0.281250 0.161111
0 0.169956 0.822186 0.294823 0.238778
1 0.094792 0.737037 0.029167 0.037037
6 0.170313 0.848148 0.269792 0.148148
6 0.491275 0.830482 0.295682 0.245238
1 0.415944 0.742297 0.124186 0.039238
2 0.491667 0.858333 0.270833 0.153704
7 0.592711 0.743222 0.067809 0.033682
0 0.174851 0.262065 0.299504 0.245041
1 0.097917 0.173148 0.027083 0.035185
5 0.175000 0.288889 0.110417 0.140741
7 0.272211 0.176372 0.079784 0.036620
0 0.177666 0.542843 0.305085 0.239774
1 0.100000 0.456481 0.027083 0.035185
6 0.177604 0.569444 0.280208 0.150000
