1 0.500521 0.072222 0.396875 0.029630
6 0.817627 0.541261 0.301802 0.239198
1 0.740625 0.456481 0.027083 0.035185
2 0.817708 0.567593 0.277083 0.150000
6 0.178091 0.272023 0.306281 0.247264
1 0.099686 0.182987 0.128638 0.039562
7 0.178125 0.299074 0.114583 0.146296
0 0.172090 0.548006 0.295038 0.247219
1 0.096946 0.458989 0.123916 0.039555
2 0.172396 0.575926 0.269792 0.155556
7 0.281125 0.462641 0.051969 0.039452
6 0.496924 0.260788 0.305847 0.244919
1 0.418645 0.172737 0.128456 0.039187
2 0.496875 0.287963 0.281250 0.153704
6 0.501161 0.553043 0.304725 0.240113
1 0.423208 0.467011 0.127984 0.038418
2 0.501563 0.580556 0.280208 0.150000
7 0.610970 0.468102 0.060108 0.033193
0 0.499629 0.826599 0.296566 0.245773
1 0.424041 0.738189 0.124558 0.039324
6 0.499479 0.852778 0.271875 0.153704
6 0.180897 0.837325 0.303298 0.252405
1 0.103646 0.745370 0.111458 0.009259
7 0.181250 0.865741 0.112500 0.142593
0 0.820497 0.269007 0.301578 0.254743
1 0.743229 0.176852 0.109375 0.009259
8 0.820312 0.296296 0.119792 0.151852
