1 0.500521 0.071296 0.059375 0.075926
6 0.174678 0.559299 0.294565 0.254989
1 0.099670 0.467018 0.123717 0.040798
6 0.174479 0.587037 0.269792 0.162963
0 0.817057 0.263323 0.303114 0.248728
1 0.739062 0.173148 0.030208 0.038889
5 0.817187 0.290741 0.119792 0.151852
0 0.497174 0.836757 0.301361 0.255369
1 0.420196 0.744317 0.126572 0.040859
5 0.496875 0.864815 0.162500 0.162963
6 0.817093 0.540257 0.303524 0.241869
1 0.739062 0.453704 0.026042 0.033333
7 0.817187 0.567593 0.109375 0.138889
6 0.176179 0.265315 0.301541 0.240020
1 0.099149 0.179322 0.126647 0.038403
8 0.176563 0.291667 0.111458 0.142593
7 0.285422 0.182159 0.058056 0.036670
6 0.174518 0.831207 0.305911 0.246843
1 0.096354 0.741667 0.126042 0.009259
2 0.175000 0.859259 0.281250 0.155556
6 0.500340 0.549215 0.298859 0.255053
1 0.424479 0.456481 0.028125 0.035185
4 0.500521 0.577778 0.273958 0.162963
6 0.493626 0.270612 0.303663 0.241420
1 0.415981 0.184031 0.127539 0.038627
7 0.493229 0.297222 0.117708 0.150000
7 0.585161 0.179717 0.095594 0.022592
