1 0.500000 0.072222 0.058333 0.074074
6 0.498631 0.552381 0.299044 0.248236
1 0.421875 0.462037 0.031250 0.038889
2 0.498437 0.580556 0.273958 0.157407
0 0.822876 0.554331 0.304206 0.245214
1 0.745313 0.466667 0.028125 0.037037
2 0.822917 0.580556 0.279167 0.153704
0 0.178606 0.262840 0.305894 0.239313
1 0.100521 0.176852 0.028125 0.035185
7 0.178125 0.289815 0.114583 0.146296
0 0.812863 0.263772 0.297707 0.252770
1 0.736458 0.173148 0.027083 0.035185
5 0.813021 0.290741 0.071875 0.144444
6 0.176901 0.828407 0.296982 0.237136
1 0.101042 0.743519 0.116667 0.009259
2 0.176563 0.855556 0.271875 0.148148
7 0.283886 0.741178 0.058011 0.025641
0 0.177234 0.546211 0.300156 0.248555
1 0.101042 0.456481 0.118750 0.009259
4 0.177083 0.573148 0.275000 0.157407
0 0.493334 0.275840 0.294683 0.249151
1 0.418750 0.185185 0.029167 0.037037
2 0.493229 0.302778 0.269792 0.157407
6 0.500036 0.831484 0.298537 0.249050
1 0.423958 0.742593 0.029167 0.037037
6 0.500521 0.858333 0.273958 0.157407
7 0.606775 0.743015 0.060058 0.035076
