1 0.500521 0.072222 0.055208 0.070370
6 0.493905 0.270305 0.297645 0.247524
1 0.418005 0.181160 0.125011 0.039604
4 0.493750 0.298148 0.272917 0.155556
6 0.173824 0.543859 0.306295 0.237632
1 0.095312 0.459259 0.026042 0.033333
2 0.173958 0.570370 0.281250 0.148148
6 0.494239 0.548232 0.298672 0.244367
1 0.417708 0.461111 0.029167 0.037037
7 0.494271 0.575000 0.117708 0.150000
6 0.496614 0.822331 0.297491 0.238897
1 0.420759 0.736809 0.124946 0.038224
2 0.496875 0.848148 0.272917 0.148148
6 0.171707 0.829797 0.296221 0.238614
1 0.096354 0.743519 0.121875 0.009259
2 0.171875 0.855556 0.270833 0.148148
7 0.282942 0.741322 0.048753 0.024626
6 0.814829 0.554074 0.298452 0.254902
1 0.738542 0.462037 0.031250 0.038889
8 0.814583 0.582407 0.120833 0.153704
7 0.920760 0.463460 0.061591 0.036639
0 0.173235 0.266755 0.300900 0.241333
1 0.096875 0.180556 0.122917 0.009259
6 0.173437 0.293519 0.276042 0.150000
7 0.270711 0.177835 0.080948 0.026456
6 0.818077 0.271028 0.302309 0.247682
1 0.741146 0.182407 0.121875 0.009259
2 0.817708 0.298148 0.277083 0.155556
7 0.924840 0.177479 0.063782 0.023546
