1 0.499479 0.072222 0.061458 0.077778
6 0.174014 0.836926 0.306107 0.249068
1 0.095312 0.746296 0.028125 0.037037
5 0.173958 0.864815 0.122917 0.155556
0 0.175959 0.269070 0.298320 0.254968
1 0.099479 0.176852 0.030208 0.038889
2 0.176042 0.296296 0.272917 0.162963
6 0.818775 0.269383 0.294571 0.237601
1 0.743766 0.184406 0.123720 0.038016
8 0.819271 0.296296 0.111458 0.140741
6 0.172715 0.548171 0.296364 0.237207
1 0.097186 0.463359 0.124473 0.037953
5 0.172396 0.574074 0.101042 0.129630
6 0.499227 0.555905 0.299910 0.252439
1 0.422917 0.463889 0.125000 0.009259
8 0.499479 0.584259 0.115625 0.146296
6 0.491240 0.270310 0.298234 0.238276
1 0.415104 0.185185 0.028125 0.037037
7 0.491667 0.296296 0.116667 0.148148
6 0.817457 0.553746 0.297282 0.253656
1 0.741146 0.462037 0.028125 0.035185
2 0.817187 0.580556 0.271875 0.161111
7 0.914895 0.462972 0.077407 0.035070
6 0.495156 0.829255 0.296384 0.251125
1 0.419621 0.738597 0.124481 0.040180
2 0.495312 0.857407 0.271875 0.159259
