1 0.500521 0.072222 0.059375 0.074074
0 0.178399 0.829335 0.305455 0.239868
1 0.100234 0.743405 0.128291 0.038379
7 0.178125 0.855556 0.116667 0.148148
6 0.176646 0.270005 0.304591 0.253347
1 0.098437 0.178704 0.121875 0.009259
7 0.176563 0.298148 0.126042 0.159259
6 0.175376 0.555615 0.303167 0.251113
1 0.097396 0.465741 0.030208 0.038889
3 0.175521 0.583333 0.278125 0.159259
6 0.497435 0.268865 0.301380 0.252854
1 0.420833 0.177778 0.031250 0.040741
2 0.497396 0.297222 0.276042 0.161111
0 0.496443 0.551926 0.305302 0.240398
1 0.418322 0.465774 0.128227 0.038464
2 0.496354 0.578704 0.280208 0.150000
0 0.824758 0.539223 0.305968 0.240402
1 0.746354 0.452778 0.126042 0.009259
2 0.825000 0.565741 0.281250 0.150000
0 0.817214 0.266445 0.298920 0.238693
1 0.740625 0.180556 0.027083 0.035185
2 0.817187 0.292593 0.273958 0.148148
7 0.923580 0.180396 0.061187 0.029557
0 0.500679 0.827624 0.299444 0.253606
1 0.424479 0.736111 0.030208 0.038889
7 0.500521 0.854630 0.121875 0.153704
