1 0.500521 0.071296 0.059375 0.075926
6 0.492612 0.266548 0.302525 0.245558
1 0.415104 0.178704 0.030208 0.038889
2 0.492708 0.293519 0.277083 0.153704
7 0.605857 0.182300 0.051035 0.040025
0 0.180789 0.820024 0.301294 0.237263
1 0.104167 0.736111 0.027083 0.035185
2 0.180729 0.846296 0.276042 0.148148
0 0.177570 0.274898 0.299415 0.253635
1 0.101156 0.183186 0.125754 0.040582
2 0.177604 0.302778 0.273958 0.161111
7 0.279182 0.178545 0.071189 0.023893
6 0.498797 0.551115 0.304439 0.238151
1 0.420833 0.466667 0.029167 0.037037
7 0.498958 0.577778 0.116667 0.148148
0 0.819309 0.271236 0.297832 0.248134
1 0.743750 0.182407 0.027083 0.035185
2 0.819792 0.299074 0.272917 0.157407
7 0.923241 0.182540 0.064968 0.033704
6 0.817376 0.543100 0.304212 0.238030
1 0.739062 0.458333 0.030208 0.038889
6 0.817708 0.570370 0.279167 0.148148
6 0.496184 0.830760 0.300676 0.243261
1 0.419405 0.743405 0.126284 0.038922
6 0.496354 0.857407 0.276042 0.151852
6 0.171071 0.545882 0.299049 0.238990
1 0.094271 0.460185 0.121875 0.009259
2 0.171354 0.572222 0.273958 0.148148
7 0.283939 0.462044 0.048311 0.034277
