1 0.500521 0.072222 0.392708 0.029630
6 0.496338 0.832685 0.304424 0.252727
1 0.418472 0.741354 0.127858 0.040436
8 0.496354 0.861111 0.113542 0.144444
6 0.500759 0.544186 0.303799 0.242627
1 0.422917 0.457407 0.029167 0.037037
2 0.501042 0.570370 0.279167 0.151852
6 0.173673 0.827612 0.298712 0.249270
1 0.097464 0.737733 0.125459 0.039883
2 0.173437 0.854630 0.273958 0.157407
7 0.271326 0.739020 0.078407 0.035050
6 0.175819 0.548142 0.299414 0.241515
1 0.099406 0.461520 0.125754 0.038642
5 0.176042 0.574074 0.116667 0.148148
6 0.494611 0.266823 0.300140 0.249375
1 0.418229 0.177778 0.028125 0.037037
5 0.494792 0.294444 0.122917 0.155556
6 0.815368 0.260214 0.299610 0.245569
1 0.738898 0.171890 0.125836 0.039291
2 0.815625 0.287963 0.275000 0.153704
6 0.167638 0.267882 0.295293 0.238657
1 0.092188 0.182407 0.028125 0.035185
2 0.167187 0.294444 0.269792 0.148148
7 0.262734 0.180029 0.080102 0.025913
0 0.821072 0.550444 0.304982 0.253651
1 0.743229 0.458333 0.121875 0.009259
2 0.821354 0.578704 0.280208 0.161111
