1 0.500521 0.072222 0.396875 0.029630
0 0.181628 0.830098 0.303564 0.242753
1 0.104167 0.742593 0.029167 0.037037
5 0.181771 0.856481 0.105208 0.135185
0 0.812230 0.270707 0.295679 0.244007
1 0.736458 0.183333 0.029167 0.037037
7 0.812500 0.298148 0.116667 0.148148
0 0.497391 0.829980 0.306900 0.243694
1 0.419271 0.741667 0.028125 0.035185
2 0.497396 0.856481 0.282292 0.153704
6 0.498141 0.548417 0.297536 0.237610
1 0.422272 0.463436 0.124965 0.038018
3 0.497917 0.574074 0.272917 0.148148
6 0.181945 0.553403 0.304594 0.244591
1 0.103646 0.465741 0.028125 0.035185
6 0.182292 0.580556 0.279167 0.153704
0 0.180272 0.272393 0.300287 0.249829
1 0.103125 0.182407 0.027083 0.035185
2 0.180208 0.299074 0.275000 0.157407
6 0.498517 0.263805 0.298090 0.253176
1 0.422917 0.173148 0.108333 0.009259
7 0.498437 0.291667 0.123958 0.157407
7 0.597729 0.168261 0.074665 0.025051
0 0.825316 0.547134 0.305643 0.243649
1 0.747396 0.460185 0.126042 0.009259
5 0.825521 0.573148 0.109375 0.138889
