1 0.499479 0.072222 0.057292 0.074074
6 0.822817 0.262671 0.304446 0.249347
1 0.744945 0.172760 0.127867 0.039895
2 0.822917 0.289815 0.279167 0.157407
7 0.923324 0.175797 0.078432 0.038563
0 0.173921 0.550987 0.302848 0.245566
1 0.096875 0.462037 0.027083 0.035185
2 0.173437 0.578704 0.278125 0.153704
0 0.816473 0.548016 0.301704 0.255535
1 0.739583 0.455556 0.031250 0.040741
7 0.816146 0.575926 0.113542 0.144444
0 0.500233 0.267795 0.300825 0.242407
1 0.423438 0.180556 0.111458 0.009259
5 0.500521 0.294444 0.136458 0.137037
6 0.178702 0.835797 0.299799 0.248704
1 0.102083 0.745370 0.031250 0.038889
2 0.179167 0.863889 0.275000 0.157407
6 0.496631 0.822603 0.304319 0.243149
1 0.419271 0.736111 0.126042 0.009259
6 0.496875 0.850000 0.279167 0.151852
0 0.496266 0.551370 0.301941 0.253572
1 0.419120 0.459685 0.126815 0.040572
6 0.495833 0.578704 0.277083 0.161111
7 0.606682 0.454629 0.056109 0.023052
6 0.175796 0.269509 0.304561 0.240148
1 0.097890 0.183462 0.127916 0.038424
1 0.176042 0.295370 0.270833 0.020370
