1 0.500521 0.072222 0.396875 0.029630
6 0.177683 0.262829 0.300723 0.247043
1 0.101042 0.174074 0.029167 0.037037
2 0.177604 0.290741 0.276042 0.155556
6 0.814595 0.548931 0.302715 0.249801
1 0.737500 0.459259 0.029167 0.037037
2 0.815104 0.576852 0.278125 0.157407
6 0.500230 0.550347 0.297851 0.238818
1 0.424270 0.464858 0.125097 0.038211
3 0.500000 0.577778 0.272917 0.148148
7 0.611342 0.469285 0.050628 0.039657
0 0.814087 0.270124 0.299745 0.251807
1 0.738021 0.179630 0.030208 0.037037
2 0.814583 0.298148 0.275000 0.159259
7 0.905610 0.179328 0.091700 0.033177
0 0.501905 0.838955 0.302661 0.251878
1 0.424550 0.747981 0.127118 0.040300
1 0.502083 0.865741 0.114583 0.146296
6 0.177923 0.834667 0.298800 0.245076
1 0.102083 0.747222 0.027083 0.035185
6 0.177604 0.862037 0.273958 0.153704
6 0.501912 0.270657 0.303008 0.252072
1 0.424479 0.179630 0.028125 0.037037
2 0.501563 0.298148 0.278125 0.159259
7 0.611299 0.177654 0.059235 0.029029
6 0.171436 0.549604 0.300654 0.246855
1 0.094792 0.461111 0.029167 0.037037
2 0.171354 0.575926 0.276042 0.155556
