1 0.500000 0.072222 0.056250 0.070370
6 0.496822 0.833511 0.302693 0.249063
1 0.419271 0.743519 0.126042 0.009259
6 0.496354 0.860185 0.278125 0.157407
6 0.823342 0.547979 0.306220 0.239013
1 0.744792 0.462963 0.029167 0.037037
6 0.822917 0.574074 0.281250 0.148148
7 0.920840 0.465059 0.086224 0.036135
0 0.182839 0.829990 0.305636 0.254769
1 0.104688 0.737963 0.030208 0.038889
4 0.182812 0.857407 0.280208 0.162963
7 0.278192 0.733399 0.089930 0.024551
0 0.499924 0.265655 0.303171 0.246300
1 0.422396 0.176852 0.030208 0.038889
7 0.500000 0.293519 0.112500 0.142593
7 0.608975 0.173588 0.060068 0.025129
6 0.170119 0.553224 0.297331 0.246287
1 0.094792 0.464815 0.108333 0.007407
6 0.170313 0.579630 0.271875 0.155556
7 0.276885 0.462112 0.058798 0.027026
6 0.178700 0.264931 0.299298 0.243406
1 0.102320 0.177515 0.125705 0.038945
7 0.179167 0.292593 0.110417 0.140741
6 0.815464 0.269032 0.297325 0.255244
1 0.740104 0.176852 0.028125 0.035185
8 0.815625 0.296296 0.125000 0.159259
7 0.909360 0.179225 0.084533 0.038594
6 0.499619 0.553793 0.305523 0.247247
1 0.421354 0.463889 0.028125 0.035185
5 0.500000 0.580556 0.114583 0.146296
