1 0.500000 0.071296 0.060417 0.075926
6 0.178290 0.831673 0.299384 0.245090
1 0.101562 0.743519 0.117708 0.009259
2 0.178646 0.858333 0.273958 0.153704
6 0.495158 0.553104 0.296821 0.245864
1 0.419271 0.463889 0.028125 0.035185
4 0.495312 0.579630 0.271875 0.155556
7 0.586454 0.464405 0.089229 0.031428
0 0.501159 0.835216 0.301473 0.248520
1 0.424149 0.745653 0.126619 0.039763
4 0.501563 0.862037 0.276042 0.157407
6 0.813664 0.549607 0.297747 0.243591
1 0.737734 0.462114 0.125054 0.038974
2 0.813542 0.575926 0.272917 0.151852
0 0.815630 0.268704 0.302299 0.249972
1 0.738021 0.178704 0.028125 0.035185
2 0.815625 0.295370 0.277083 0.157407
0 0.175127 0.541901 0.302114 0.237277
1 0.097931 0.457060 0.126888 0.037964
2 0.175000 0.568519 0.277083 0.148148
7 0.276501 0.460972 0.074365 0.038381
0 0.178531 0.273654 0.296743 0.253380
1 0.102604 0.182407 0.030208 0.038889
2 0.178646 0.300926 0.271875 0.161111
0 0.500831 0.264983 0.298321 0.245264
1 0.424479 0.176852 0.030208 0.038889
3 0.501042 0.291667 0.272917 0.153704
