1 0.500000 0.072222 0.058333 0.074074
0 0.816979 0.267238 0.305591 0.241336
1 0.739062 0.181481 0.026042 0.033333
2 0.817187 0.293519 0.280208 0.150000
7 0.919221 0.178315 0.076107 0.026452
0 0.502988 0.264960 0.303954 0.254988
1 0.425521 0.172222 0.032292 0.040741
2 0.503125 0.292593 0.279167 0.162963
6 0.179614 0.828675 0.298974 0.254254
1 0.103328 0.736703 0.125569 0.040681
2 0.179688 0.856481 0.273958 0.161111
6 0.492376 0.840317 0.299802 0.253294
1 0.416146 0.749074 0.030208 0.038889
2 0.492708 0.867593 0.275000 0.161111
0 0.176083 0.259929 0.300275 0.243067
1 0.098958 0.173148 0.027083 0.035185
1 0.176042 0.287037 0.108333 0.137037
7 0.266753 0.169085 0.093934 0.024342
0 0.500620 0.546046 0.297966 0.243885
1 0.425000 0.459259 0.029167 0.037037
7 0.500521 0.572222 0.119792 0.151852
6 0.180821 0.546822 0.305074 0.244669
1 0.102766 0.458875 0.128131 0.039147
6 0.180729 0.573148 0.280208 0.153704
0 0.826046 0.547560 0.306887 0.253841
1 0.747466 0.455762 0.128893 0.040615
7 0.826042 0.575926 0.116667 0.148148
