1 0.500000 0.072222 0.058333 0.074074
6 0.177204 0.271040 0.296449 0.241681
1 0.101562 0.184259 0.030208 0.038889
2 0.177604 0.298148 0.271875 0.151852
6 0.817245 0.557267 0.300430 0.255062
1 0.740625 0.465741 0.112500 0.009259
2 0.817708 0.585185 0.275000 0.162963
7 0.919409 0.465610 0.071101 0.034711
0 0.170482 0.828125 0.300725 0.237840
1 0.093688 0.743048 0.126304 0.038054
2 0.170313 0.853704 0.276042 0.148148
6 0.493773 0.835024 0.296878 0.252633
1 0.417708 0.744444 0.029167 0.037037
8 0.493750 0.862963 0.116667 0.148148
6 0.499708 0.555737 0.306665 0.255144
1 0.420833 0.463889 0.031250 0.038889
5 0.499479 0.584259 0.111458 0.142593
7 0.600333 0.458054 0.080416 0.022740
6 0.814858 0.262216 0.297957 0.241067
1 0.738867 0.175783 0.125142 0.038571
2 0.814583 0.289815 0.272917 0.150000
6 0.178699 0.544947 0.301368 0.249619
1 0.102083 0.455556 0.029167 0.037037
5 0.179167 0.572222 0.110417 0.140741
7 0.290649 0.457451 0.052468 0.037591
6 0.502877 0.261395 0.306827 0.241687
1 0.424314 0.174701 0.128867 0.038670
7 0.503125 0.288889 0.108333 0.137037
