1 0.500000 0.072222 0.056250 0.070370
6 0.497312 0.823769 0.302230 0.245213
1 0.420312 0.736111 0.030208 0.038889
8 0.496875 0.850000 0.110417 0.140741
7 0.599377 0.737630 0.073099 0.035898
0 0.174052 0.547960 0.299685 0.244858
1 0.097396 0.460185 0.030208 0.038889
2 0.173958 0.575000 0.275000 0.153704
6 0.173503 0.833568 0.299518 0.249371
1 0.096875 0.744444 0.029167 0.037037
2 0.173958 0.860185 0.275000 0.157407
7 0.286283 0.743616 0.048958 0.032430
0 0.813470 0.554028 0.296320 0.254789
1 0.737953 0.461832 0.124455 0.040766
6 0.813542 0.581481 0.270833 0.162963
0 0.499247 0.540904 0.304986 0.237707
1 0.421354 0.456481 0.028125 0.035185
6 0.499479 0.566667 0.280208 0.148148
7 0.594211 0.455668 0.090058 0.030197
0 0.501759 0.257969 0.306701 0.241485
1 0.423438 0.172222 0.026042 0.033333
4 0.502083 0.285185 0.281250 0.151852
6 0.824180 0.270572 0.305367 0.251187
1 0.746354 0.180556 0.028125 0.035185
6 0.824479 0.298148 0.280208 0.159259
7 0.939664 0.175450 0.049399 0.023907
6 0.170103 0.267881 0.298675 0.254823
1 0.093904 0.175670 0.125443 0.040772
2 0.170313 0.296296 0.273958 0.162963
7 0.268487 0.175948 0.076906 0.033920
