1 0.500521 0.072222 0.055208 0.070370
0 0.490587 0.828816 0.294613 0.250655
1 0.415625 0.737963 0.027083 0.035185
8 0.490625 0.855556 0.122917 0.155556
6 0.816602 0.557393 0.302820 0.250641
1 0.739200 0.466938 0.127185 0.040103
6 0.816146 0.585185 0.278125 0.159259
0 0.175103 0.830317 0.300725 0.250080
1 0.098437 0.739815 0.030208 0.038889
4 0.175521 0.858333 0.276042 0.157407
6 0.818450 0.273602 0.296401 0.250448
1 0.743229 0.182407 0.113542 0.009259
2 0.818229 0.301852 0.271875 0.159259
6 0.500545 0.546402 0.301344 0.253012
1 0.423958 0.454630 0.125000 0.009259
5 0.501042 0.574074 0.110417 0.140741
6 0.172122 0.258782 0.295976 0.242223
1 0.096706 0.171863 0.124310 0.038756
4 0.171875 0.285185 0.270833 0.151852
0 0.502800 0.275860 0.304223 0.249815
1 0.424479 0.186111 0.028125 0.035185
2 0.503125 0.302778 0.279167 0.157407
7 0.606295 0.186452 0.072232 0.033962
6 0.172246 0.551883 0.301562 0.247616
1 0.095312 0.462037 0.030208 0.038889
7 0.171875 0.579630 0.110417 0.140741
7 0.263392 0.464329 0.094270 0.035471
