1 0.500000 0.072222 0.058333 0.074074
6 0.490903 0.265718 0.295713 0.242177
1 0.415563 0.178818 0.124199 0.038748
5 0.490625 0.291667 0.106250 0.135185
0 0.170332 0.550498 0.300152 0.243225
1 0.093705 0.463159 0.126064 0.038916
6 0.170833 0.577778 0.275000 0.151852
6 0.177678 0.261391 0.294957 0.243406
1 0.102558 0.173975 0.123882 0.038945
2 0.177604 0.288889 0.269792 0.151852
7 0.268994 0.174044 0.087325 0.031676
6 0.820426 0.542067 0.301764 0.242469
1 0.743750 0.455556 0.029167 0.037037
1 0.820312 0.568519 0.111458 0.140741
7 0.916008 0.457651 0.085601 0.036601
6 0.492221 0.544500 0.299705 0.239822
1 0.416146 0.458333 0.030208 0.038889
2 0.492708 0.571296 0.275000 0.150000
7 0.599561 0.458653 0.060024 0.031090
0 0.813522 0.271351 0.295022 0.249913
1 0.738542 0.181481 0.029167 0.037037
7 0.813021 0.298148 0.121875 0.155556
7 0.916348 0.180762 0.064370 0.031698
0 0.503918 0.829761 0.306446 0.251524
1 0.425465 0.738935 0.128707 0.040244
6 0.504167 0.857407 0.281250 0.159259
7 0.614317 0.741389 0.060648 0.037744
0 0.177434 0.826301 0.306355 0.249124
1 0.099007 0.736484 0.128669 0.039860
1 0.177604 0.853704 0.280208 0.022222
