1 0.499479 0.073148 0.057292 0.072222
0 0.500725 0.551412 0.301823 0.246085
1 0.423613 0.462871 0.126766 0.039374
7 0.501042 0.577778 0.118750 0.151852
6 0.173502 0.260286 0.305141 0.240154
1 0.095312 0.175000 0.126042 0.009259
2 0.173437 0.286111 0.280208 0.150000
0 0.180206 0.554190 0.301056 0.242574
1 0.103125 0.466667 0.029167 0.037037
7 0.180208 0.580556 0.106250 0.135185
6 0.816632 0.547110 0.302724 0.240478
1 0.739062 0.461111 0.026042 0.033333
7 0.816146 0.573148 0.109375 0.138889
6 0.493800 0.820708 0.297556 0.239815
1 0.417925 0.734801 0.124974 0.038370
5 0.493750 0.847222 0.114583 0.146296
7 0.595651 0.739125 0.068853 0.039611
6 0.817759 0.260430 0.297575 0.240770
1 0.741879 0.174121 0.124982 0.038523
5 0.818229 0.287963 0.115625 0.146296
6 0.176486 0.828359 0.304999 0.246057
1 0.098437 0.739815 0.028125 0.035185
6 0.176563 0.855556 0.280208 0.155556
7 0.269330 0.743152 0.094310 0.038605
0 0.500648 0.264408 0.299613 0.242410
1 0.423958 0.176852 0.027083 0.035185
2 0.501042 0.290741 0.275000 0.151852
