1 0.500521 0.072222 0.055208 0.070370
6 0.172845 0.265769 0.304865 0.255451
1 0.095312 0.173148 0.030208 0.038889
2 0.172396 0.294444 0.280208 0.162963
6 0.820451 0.272611 0.294907 0.252266
1 0.745313 0.180556 0.028125 0.035185
2 0.820312 0.300000 0.269792 0.159259
7 0.909829 0.180914 0.091151 0.031836
6 0.497739 0.270567 0.306523 0.243816
1 0.419271 0.182407 0.028125 0.035185
5 0.497396 0.298148 0.115625 0.148148
0 0.493125 0.826458 0.297491 0.245662
1 0.417270 0.738095 0.124946 0.039306
6 0.492708 0.852778 0.272917 0.153704
6 0.173957 0.549374 0.304789 0.241727
1 0.095833 0.462963 0.029167 0.037037
2 0.173437 0.575926 0.280208 0.151852
0 0.817261 0.544628 0.294992 0.248241
1 0.742130 0.455182 0.123897 0.039719
2 0.817187 0.571296 0.269792 0.157407
0 0.497935 0.552252 0.302110 0.249558
1 0.420740 0.462252 0.126886 0.039929
2 0.497917 0.578704 0.277083 0.157407
6 0.169288 0.835676 0.297125 0.244660
1 0.093750 0.748148 0.027083 0.033333
2 0.169271 0.862037 0.271875 0.153704
