1 0.499479 0.073148 0.057292 0.072222
0 0.815497 0.268757 0.303113 0.252604
1 0.737500 0.177778 0.029167 0.037037
2 0.815104 0.297222 0.278125 0.161111
7 0.923802 0.181184 0.061501 0.040422
0 0.496134 0.548171 0.306930 0.251179
1 0.417541 0.457491 0.128911 0.040189
2 0.496354 0.575926 0.282292 0.159259
0 0.173304 0.835017 0.302101 0.252103
1 0.096354 0.743519 0.121875 0.009259
6 0.172917 0.862963 0.277083 0.159259
6 0.171195 0.550609 0.300804 0.249339
1 0.094378 0.460702 0.126337 0.039894
4 0.171354 0.578704 0.276042 0.157407
0 0.818333 0.553072 0.303320 0.243128
1 0.740787 0.465773 0.127394 0.038900
2 0.818229 0.579630 0.278125 0.151852
6 0.502630 0.828202 0.301926 0.252931
1 0.425521 0.736111 0.028125 0.035185
2 0.503125 0.856481 0.277083 0.161111
0 0.168112 0.265439 0.294668 0.241844
1 0.093075 0.178679 0.123761 0.038695
2 0.168229 0.292593 0.269792 0.151852
6 0.493780 0.266797 0.294766 0.241506
1 0.418715 0.180179 0.123802 0.038641
2 0.494271 0.294444 0.269792 0.151852
