1 0.499479 0.072222 0.057292 0.074074
0 0.818838 0.552540 0.305336 0.248195
1 0.741146 0.463889 0.111458 0.009259
2 0.819271 0.580556 0.280208 0.157407
0 0.493574 0.544089 0.296720 0.250752
1 0.417941 0.453588 0.124622 0.040120
4 0.493229 0.572222 0.271875 0.159259
0 0.494455 0.835270 0.300721 0.253579
1 0.417708 0.744444 0.029167 0.037037
2 0.494271 0.863889 0.276042 0.161111
7 0.595660 0.746563 0.073312 0.039128
6 0.168497 0.835745 0.294937 0.249400
1 0.093382 0.745811 0.123873 0.039904
2 0.168229 0.863889 0.269792 0.157407
6 0.174288 0.269035 0.298690 0.245407
1 0.097917 0.180556 0.027083 0.035185
7 0.173958 0.295370 0.120833 0.153704
6 0.825371 0.259043 0.304248 0.240358
1 0.747396 0.172222 0.028125 0.037037
2 0.825000 0.286111 0.279167 0.150000
7 0.924908 0.171353 0.080174 0.027940
6 0.499957 0.259423 0.304627 0.240468
1 0.422396 0.173148 0.030208 0.038889
4 0.500000 0.286111 0.279167 0.150000
0 0.171444 0.554894 0.301702 0.251286
1 0.094271 0.463889 0.030208 0.038889
2 0.171875 0.581481 0.277083 0.159259
