1 0.500000 0.072222 0.056250 0.070370
6 0.500917 0.833736 0.305207 0.249460
1 0.422396 0.743519 0.028125 0.035185
2 0.500521 0.860185 0.280208 0.157407
7 0.599367 0.747132 0.083307 0.039214
0 0.174912 0.267165 0.299233 0.249220
1 0.098437 0.176852 0.028125 0.035185
7 0.175000 0.295370 0.112500 0.142593
0 0.496688 0.545888 0.298453 0.253834
1 0.420553 0.454092 0.125350 0.040613
7 0.496875 0.573148 0.120833 0.153704
7 0.590546 0.456225 0.085736 0.037471
6 0.824810 0.543014 0.306193 0.247811
1 0.746431 0.453748 0.128601 0.039650
2 0.825000 0.570370 0.281250 0.155556
6 0.174866 0.546358 0.298923 0.254551
1 0.098437 0.454630 0.119792 0.009259
4 0.174479 0.575000 0.273958 0.161111
0 0.176352 0.838487 0.299122 0.251148
1 0.100023 0.747819 0.125631 0.040184
6 0.176563 0.866667 0.273958 0.159259
0 0.818070 0.271444 0.305560 0.254652
1 0.739874 0.179305 0.128335 0.040744
2 0.818229 0.300000 0.280208 0.162963
0 0.489354 0.270809 0.294660 0.252492
1 0.414319 0.179577 0.123757 0.040399
7 0.489063 0.298148 0.117708 0.148148
