1 0.500000 0.072222 0.058333 0.074074
6 0.173627 0.275180 0.299647 0.251120
1 0.096875 0.185185 0.029167 0.037037
5 0.173958 0.301852 0.075000 0.151852
6 0.817020 0.269558 0.302682 0.253085
1 0.739659 0.178077 0.127126 0.040494
7 0.817187 0.296296 0.119792 0.151852
0 0.491450 0.831161 0.295043 0.240933
1 0.416667 0.745370 0.027083 0.035185
6 0.491146 0.858333 0.269792 0.150000
7 0.579529 0.749169 0.093885 0.039913
6 0.816820 0.547012 0.306021 0.247152
1 0.738542 0.457407 0.029167 0.037037
6 0.816667 0.574074 0.281250 0.155556
0 0.500287 0.271197 0.305050 0.246413
1 0.422396 0.183333 0.030208 0.037037
5 0.500000 0.298148 0.075000 0.151852
7 0.594966 0.178494 0.090691 0.023970
6 0.180039 0.547349 0.302928 0.248793
1 0.103125 0.458333 0.110417 0.009259
6 0.179688 0.575000 0.278125 0.157407
6 0.174270 0.825144 0.297980 0.239252
1 0.098437 0.738889 0.026042 0.033333
8 0.174479 0.850926 0.109375 0.138889
0 0.490560 0.544387 0.295654 0.248849
1 0.415237 0.454685 0.124175 0.039816
8 0.490104 0.572222 0.119792 0.151852
