1 0.499479 0.072222 0.053125 0.066667
6 0.168933 0.558262 0.295384 0.251909
1 0.093229 0.467593 0.030208 0.038889
7 0.168750 0.585185 0.110417 0.140741
7 0.259310 0.463935 0.089630 0.026220
0 0.496750 0.549160 0.296814 0.245498
1 0.421354 0.460185 0.028125 0.035185
6 0.496354 0.576852 0.271875 0.153704
0 0.813460 0.544092 0.300706 0.237868
1 0.736673 0.459002 0.126296 0.038059
4 0.813021 0.570370 0.276042 0.148148
0 0.825736 0.275924 0.306729 0.253776
1 0.746875 0.183333 0.029167 0.037037
7 0.826042 0.303704 0.114583 0.144444
0 0.498823 0.827803 0.301986 0.247395
1 0.421664 0.738712 0.126834 0.039583
2 0.498958 0.855556 0.277083 0.155556
7 0.605825 0.739776 0.062982 0.034305
6 0.179029 0.834695 0.305647 0.246208
1 0.100521 0.745370 0.028125 0.035185
7 0.179167 0.861111 0.118750 0.151852
0 0.169413 0.275420 0.298586 0.253172
1 0.093229 0.184259 0.030208 0.038889
7 0.169271 0.302778 0.115625 0.146296
6 0.502705 0.262800 0.303421 0.247724
1 0.425000 0.174074 0.029167 0.037037
4 0.502604 0.290741 0.278125 0.155556
