1 0.500000 0.073148 0.056250 0.072222
6 0.493990 0.269882 0.300370 0.249668
1 0.417187 0.180556 0.030208 0.038889
2 0.493750 0.297222 0.275000 0.157407
6 0.499425 0.550382 0.305904 0.246716
1 0.421129 0.461576 0.128480 0.039475
6 0.498958 0.577778 0.281250 0.155556
0 0.172171 0.838178 0.299114 0.249718
1 0.095845 0.748112 0.125628 0.039955
7 0.171875 0.865741 0.114583 0.146296
6 0.814907 0.257487 0.294908 0.239205
1 0.739801 0.171836 0.123861 0.038273
2 0.815104 0.284259 0.269792 0.150000
7 0.918912 0.168406 0.061899 0.024006
6 0.177421 0.269936 0.295317 0.253966
1 0.102604 0.177778 0.028125 0.037037
1 0.177083 0.297222 0.266667 0.020370
7 0.282300 0.176627 0.060559 0.030310
6 0.495132 0.827335 0.300224 0.248515
1 0.418229 0.737963 0.030208 0.038889
6 0.494792 0.854630 0.275000 0.157407
6 0.811727 0.538058 0.295376 0.238394
1 0.736979 0.451852 0.026042 0.033333
7 0.811979 0.563889 0.107292 0.135185
0 0.177059 0.543431 0.305503 0.243806
1 0.098437 0.456481 0.030208 0.038889
6 0.176563 0.569444 0.280208 0.153704
7 0.272129 0.456764 0.090362 0.033435
