1 0.500521 0.072222 0.055208 0.070370
0 0.820070 0.267920 0.303941 0.246995
1 0.742708 0.178704 0.122917 0.009259
7 0.819792 0.294444 0.116667 0.148148
6 0.168357 0.553442 0.296253 0.244530
1 0.092708 0.464815 0.029167 0.037037
4 0.168750 0.580556 0.270833 0.153704
6 0.492752 0.273684 0.295407 0.254601
1 0.417187 0.182407 0.030208 0.038889
2 0.492708 0.300926 0.270833 0.161111
7 0.593778 0.182533 0.068356 0.035260
0 0.503307 0.547298 0.304138 0.245759
1 0.425524 0.458894 0.127738 0.039321
3 0.503125 0.575000 0.279167 0.153704
6 0.820543 0.557064 0.302727 0.253710
1 0.743229 0.464815 0.028125 0.037037
6 0.820312 0.584259 0.278125 0.161111
0 0.496469 0.824237 0.296265 0.247577
1 0.421354 0.734259 0.028125 0.035185
5 0.496354 0.850926 0.111458 0.142593
0 0.179976 0.834008 0.300704 0.241792
1 0.103189 0.747271 0.126296 0.038687
7 0.180208 0.860185 0.112500 0.142593
0 0.169983 0.267785 0.298313 0.252670
1 0.093750 0.175926 0.031250 0.040741
6 0.169792 0.295370 0.272917 0.161111
