1 0.500000 0.071296 0.060417 0.075926
6 0.820533 0.549163 0.300547 0.252439
1 0.743750 0.457407 0.031250 0.040741
2 0.820312 0.576852 0.276042 0.161111
0 0.169654 0.831944 0.298035 0.237079
1 0.093229 0.747222 0.111458 0.009259
2 0.169792 0.857407 0.272917 0.148148
0 0.502188 0.831643 0.304588 0.247389
1 0.424274 0.742555 0.127927 0.039582
4 0.502083 0.859259 0.279167 0.155556
7 0.612893 0.746328 0.058177 0.039721
6 0.494124 0.270111 0.305304 0.241005
1 0.416003 0.183704 0.128227 0.038561
2 0.494271 0.297222 0.280208 0.150000
6 0.181045 0.546357 0.301984 0.249410
1 0.104167 0.455556 0.029167 0.037037
2 0.181250 0.573148 0.277083 0.157407
6 0.819305 0.262948 0.305360 0.248526
1 0.741667 0.173148 0.027083 0.035185
6 0.819271 0.289815 0.280208 0.157407
7 0.929547 0.174259 0.059877 0.034111
6 0.181133 0.265810 0.306331 0.248567
1 0.103125 0.176852 0.112500 0.009259
2 0.181250 0.293519 0.281250 0.157407
6 0.494275 0.550689 0.301432 0.255128
1 0.417276 0.458350 0.126601 0.040820
5 0.494271 0.577778 0.121875 0.155556
