1 0.500521 0.072222 0.380208 0.029630
6 0.175660 0.828490 0.305012 0.250631
1 0.097917 0.737963 0.114583 0.009259
3 0.175521 0.855556 0.280208 0.159259
0 0.501602 0.554195 0.300118 0.251799
1 0.424984 0.463254 0.126050 0.040288
5 0.501563 0.581481 0.113542 0.144444
0 0.818424 0.553135 0.303003 0.245498
1 0.740969 0.464841 0.127261 0.039280
5 0.818229 0.579630 0.109375 0.140741
6 0.820800 0.261177 0.301457 0.246491
1 0.743750 0.173148 0.027083 0.035185
5 0.820833 0.287963 0.108333 0.138889
0 0.170520 0.547606 0.298308 0.243744
1 0.094792 0.460185 0.114583 0.009259
2 0.170833 0.575000 0.272917 0.153704
6 0.500580 0.833850 0.306170 0.242554
1 0.422207 0.746792 0.128591 0.038809
7 0.500521 0.860185 0.117708 0.150000
6 0.170615 0.272903 0.299083 0.247050
1 0.094792 0.183333 0.029167 0.037037
4 0.170313 0.300000 0.273958 0.155556
7 0.273784 0.187061 0.067744 0.038330
0 0.498438 0.262877 0.303884 0.251374
1 0.420312 0.171296 0.030208 0.038889
7 0.498958 0.290741 0.116667 0.148148
