1 0.500521 0.072222 0.055208 0.070370
6 0.498930 0.269909 0.296095 0.242427
1 0.423958 0.182407 0.027083 0.035185
3 0.498958 0.296296 0.270833 0.151852
0 0.815750 0.548089 0.304735 0.239043
1 0.738021 0.462963 0.028125 0.037037
4 0.816146 0.574074 0.280208 0.148148
6 0.172983 0.275598 0.297859 0.251535
1 0.096875 0.184259 0.114583 0.009259
2 0.172917 0.303704 0.272917 0.159259
7 0.267488 0.183750 0.083851 0.030804
0 0.174226 0.548743 0.295983 0.237326
1 0.098958 0.463889 0.027083 0.035185
2 0.173958 0.575926 0.270833 0.148148
6 0.170833 0.831636 0.298458 0.249278
1 0.094792 0.742593 0.029167 0.037037
2 0.170313 0.858333 0.273958 0.157407
6 0.495817 0.547831 0.304770 0.237398
1 0.417851 0.462938 0.128003 0.037984
4 0.495312 0.574074 0.280208 0.148148
7 0.610618 0.464158 0.050168 0.033017
0 0.813751 0.270297 0.295533 0.245338
1 0.738542 0.182407 0.112500 0.009259
2 0.813542 0.297222 0.270833 0.153704
0 0.496960 0.834653 0.305812 0.243181
1 0.418229 0.747222 0.030208 0.038889
2 0.496875 0.861111 0.281250 0.151852
