1 0.500000 0.071296 0.402083 0.031481
6 0.820934 0.549637 0.300247 0.239478
1 0.744279 0.463871 0.126104 0.038316
2 0.820833 0.576852 0.275000 0.150000
6 0.497899 0.833562 0.298833 0.243531
1 0.421875 0.746296 0.027083 0.033333
2 0.497396 0.861111 0.273958 0.151852
6 0.497862 0.256483 0.302868 0.238880
1 0.420447 0.170968 0.127204 0.038221
2 0.497396 0.283333 0.278125 0.148148
6 0.179005 0.830405 0.300105 0.237578
1 0.102083 0.746296 0.029167 0.037037
5 0.179167 0.857407 0.102083 0.129630
0 0.814271 0.270066 0.299891 0.251811
1 0.737500 0.178704 0.027083 0.035185
7 0.814063 0.297222 0.123958 0.157407
0 0.176564 0.551906 0.295704 0.244963
1 0.101042 0.463889 0.027083 0.035185
3 0.177083 0.578704 0.270833 0.153704
6 0.501120 0.546934 0.304182 0.239843
1 0.422917 0.461111 0.029167 0.037037
2 0.501042 0.573148 0.279167 0.150000
6 0.177993 0.269823 0.304644 0.252749
1 0.100000 0.178704 0.031250 0.038889
2 0.178125 0.297222 0.279167 0.161111
