1 0.500000 0.071296 0.420833 0.031481
0 0.823900 0.546041 0.305469 0.242737
1 0.745833 0.458333 0.027083 0.035185
8 0.823958 0.572222 0.108333 0.137037
6 0.176317 0.835402 0.303983 0.245660
1 0.098958 0.746296 0.029167 0.037037
2 0.176042 0.862037 0.279167 0.153704
6 0.812357 0.256547 0.297673 0.237443
1 0.735938 0.171296 0.028125 0.035185
2 0.812500 0.283333 0.272917 0.148148
6 0.174807 0.263424 0.303811 0.246727
1 0.097396 0.175000 0.030208 0.038889
2 0.175000 0.290741 0.279167 0.155556
0 0.493239 0.821164 0.302014 0.240006
1 0.415625 0.735185 0.029167 0.037037
2 0.493750 0.847222 0.277083 0.150000
6 0.501154 0.268212 0.304320 0.243808
1 0.423438 0.180556 0.126042 0.009259
2 0.501042 0.295370 0.279167 0.153704
7 0.595474 0.176199 0.090680 0.022744
0 0.172483 0.544413 0.294541 0.245371
1 0.097483 0.456172 0.123707 0.039259
5 0.172396 0.572222 0.113542 0.144444
6 0.497512 0.545281 0.301066 0.251906
1 0.420619 0.454295 0.126448 0.040305
7 0.497917 0.573148 0.112500 0.142593
