1 0.500000 0.071296 0.054167 0.068519
6 0.175990 0.269886 0.295456 0.242024
1 0.100521 0.183333 0.026042 0.033333
2 0.176042 0.296296 0.270833 0.151852
7 0.268283 0.181349 0.085871 0.027911
6 0.177257 0.553192 0.298182 0.248898
1 0.101562 0.463889 0.030208 0.038889
2 0.177083 0.580556 0.272917 0.157407
6 0.821295 0.271871 0.298963 0.253974
1 0.745012 0.180017 0.125565 0.040636
8 0.820833 0.300000 0.125000 0.159259
6 0.813483 0.548595 0.297602 0.241061
1 0.738021 0.462037 0.028125 0.035185
1 0.813542 0.575000 0.106250 0.135185
6 0.497340 0.824370 0.300744 0.241976
1 0.420833 0.737037 0.029167 0.037037
2 0.497396 0.851852 0.276042 0.151852
6 0.503197 0.545226 0.305695 0.247094
1 0.424479 0.455556 0.028125 0.037037
7 0.503125 0.573148 0.112500 0.142593
0 0.175940 0.835665 0.306325 0.249983
1 0.097396 0.745370 0.030208 0.038889
2 0.176042 0.863889 0.281250 0.157407
0 0.504670 0.261194 0.305889 0.238201
1 0.426042 0.175926 0.029167 0.037037
2 0.504167 0.287037 0.281250 0.148148
