1 0.500000 0.072222 0.058333 0.074074
6 0.816999 0.265576 0.305544 0.245160
1 0.739062 0.176852 0.030208 0.038889
2 0.817187 0.293519 0.280208 0.153704
0 0.180069 0.551714 0.305015 0.243908
1 0.101562 0.463889 0.030208 0.038889
1 0.180208 0.577778 0.104167 0.133333
6 0.499182 0.545697 0.297585 0.249711
1 0.423438 0.456481 0.030208 0.038889
8 0.499479 0.573148 0.115625 0.146296
6 0.169478 0.268095 0.298088 0.242769
1 0.093229 0.181481 0.026042 0.033333
6 0.169792 0.294444 0.272917 0.151852
7 0.267509 0.177567 0.077026 0.024676
6 0.172102 0.827453 0.300237 0.254450
1 0.095312 0.736111 0.030208 0.038889
5 0.171875 0.854630 0.112500 0.142593
6 0.496661 0.271004 0.296473 0.238520
1 0.421100 0.185640 0.124519 0.038163
2 0.496354 0.298148 0.271875 0.148148
0 0.492005 0.836836 0.297542 0.251279
1 0.415625 0.746296 0.029167 0.037037
7 0.491667 0.864815 0.125000 0.159259
6 0.818305 0.549880 0.294673 0.253802
1 0.743750 0.457407 0.029167 0.037037
7 0.818229 0.576852 0.109375 0.138889
