1 0.500000 0.072222 0.058333 0.074074
6 0.817514 0.553031 0.301389 0.252818
1 0.740528 0.461662 0.126583 0.040451
7 0.817187 0.581481 0.111458 0.140741
7 0.922736 0.458977 0.065946 0.027674
0 0.177148 0.547619 0.306657 0.238293
1 0.098634 0.462351 0.128796 0.038127
1 0.177604 0.574074 0.101042 0.129630
7 0.269800 0.465053 0.096354 0.036124
0 0.491979 0.541848 0.298968 0.244355
1 0.416146 0.454630 0.028125 0.035185
7 0.492188 0.568519 0.105208 0.133333
0 0.820378 0.267715 0.302812 0.246472
1 0.742708 0.179630 0.029167 0.037037
2 0.820312 0.294444 0.278125 0.155556
7 0.914986 0.181265 0.088596 0.036536
0 0.496078 0.828197 0.305041 0.251661
1 0.417708 0.737963 0.118750 0.009259
4 0.496354 0.855556 0.280208 0.159259
7 0.609862 0.738012 0.052473 0.034255
6 0.500202 0.268932 0.299539 0.241288
1 0.423438 0.182407 0.115625 0.009259
2 0.500000 0.295370 0.275000 0.150000
7 0.598582 0.179722 0.077778 0.025830
6 0.177176 0.823054 0.302169 0.238302
1 0.099964 0.737782 0.126911 0.038128
2 0.177083 0.850000 0.277083 0.148148
6 0.174419 0.272913 0.294648 0.246459
1 0.099388 0.184215 0.123752 0.039433
7 0.174479 0.300926 0.109375 0.138889
