1 0.500000 0.071296 0.054167 0.068519
6 0.499597 0.270011 0.304334 0.248440
1 0.421757 0.180481 0.127820 0.039750
5 0.499479 0.298148 0.144792 0.144444
0 0.490669 0.828146 0.295099 0.244522
1 0.415104 0.739815 0.030208 0.038889
2 0.491146 0.854630 0.269792 0.153704
6 0.177942 0.824291 0.296060 0.240698
1 0.102604 0.737963 0.030208 0.038889
7 0.177604 0.851852 0.105208 0.133333
0 0.816097 0.557262 0.303590 0.249433
1 0.738021 0.466667 0.030208 0.037037
8 0.816146 0.584259 0.123958 0.157407
6 0.179240 0.552072 0.299640 0.250993
1 0.103125 0.462037 0.031250 0.038889
7 0.179167 0.579630 0.110417 0.140741
7 0.272427 0.459625 0.088265 0.029062
6 0.815423 0.269251 0.297611 0.248168
1 0.739533 0.179835 0.124997 0.039707
1 0.815625 0.297222 0.120833 0.153704
7 0.914616 0.178903 0.074226 0.030434
0 0.177922 0.272000 0.301691 0.243547
1 0.100521 0.185185 0.026042 0.033333
2 0.178125 0.298148 0.277083 0.151852
0 0.491657 0.547815 0.294485 0.246475
1 0.416672 0.459110 0.123684 0.039436
7 0.491146 0.575000 0.121875 0.153704
