1 0.499479 0.073148 0.057292 0.072222
0 0.176903 0.267147 0.298216 0.240098
1 0.100521 0.180556 0.119792 0.009259
6 0.177083 0.293519 0.272917 0.150000
0 0.500421 0.821874 0.304058 0.241430
1 0.422661 0.735288 0.127704 0.038629
6 0.500000 0.848148 0.279167 0.151852
0 0.174345 0.837042 0.306433 0.248583
1 0.095896 0.747452 0.128702 0.039773
8 0.173958 0.864815 0.108333 0.137037
6 0.495451 0.550096 0.305034 0.251918
1 0.417708 0.458333 0.114583 0.009259
2 0.495312 0.577778 0.280208 0.159259
7 0.592444 0.454921 0.086048 0.024531
0 0.818000 0.268674 0.304898 0.250279
1 0.739583 0.177778 0.031250 0.040741
2 0.818229 0.296296 0.280208 0.159259
0 0.499624 0.260399 0.303158 0.238893
1 0.422124 0.174878 0.127326 0.038223
2 0.499479 0.287037 0.278125 0.148148
6 0.177639 0.552023 0.302871 0.239594
1 0.100000 0.466667 0.029167 0.037037
2 0.177604 0.578704 0.278125 0.150000
7 0.286964 0.468810 0.059220 0.036130
0 0.822742 0.547152 0.303543 0.250122
1 0.744792 0.456481 0.027083 0.035185
6 0.822396 0.575000 0.278125 0.157407
