1 0.500000 0.072222 0.379167 0.029630
0 0.819103 0.554422 0.294470 0.247072
1 0.744271 0.464815 0.030208 0.037037
5 0.818750 0.581481 0.118750 0.151852
6 0.496448 0.834784 0.304429 0.241745
1 0.418750 0.748148 0.029167 0.037037
4 0.496875 0.861111 0.279167 0.151852
6 0.495732 0.262376 0.304051 0.250368
1 0.417708 0.172222 0.029167 0.037037
2 0.495833 0.288889 0.279167 0.159259
0 0.169831 0.828486 0.295234 0.243502
1 0.094792 0.741667 0.027083 0.035185
7 0.170313 0.855556 0.105208 0.133333
6 0.500598 0.546019 0.302537 0.241440
1 0.423438 0.460185 0.028125 0.035185
2 0.501042 0.572222 0.277083 0.151852
0 0.177298 0.263234 0.304033 0.252101
1 0.099545 0.172167 0.127694 0.040336
2 0.177083 0.290741 0.279167 0.159259
0 0.815188 0.264259 0.302588 0.250198
1 0.737500 0.173148 0.031250 0.038889
6 0.815625 0.291667 0.277083 0.157407
7 0.920239 0.176667 0.067486 0.037978
6 0.177575 0.541346 0.298864 0.238775
1 0.101321 0.455875 0.125523 0.038204
5 0.177083 0.568519 0.104167 0.133333
