1 0.499479 0.073148 0.057292 0.072222
6 0.493178 0.270931 0.297074 0.240081
1 0.417708 0.184259 0.112500 0.009259
5 0.493229 0.298148 0.113542 0.144444
0 0.175508 0.827677 0.301059 0.238532
1 0.098618 0.742308 0.126445 0.038165
2 0.175521 0.853704 0.276042 0.148148
7 0.277291 0.745874 0.072494 0.037890
6 0.499777 0.833100 0.306015 0.239407
1 0.421875 0.747222 0.027083 0.035185
2 0.500000 0.860185 0.281250 0.150000
0 0.167566 0.269237 0.295157 0.246890
1 0.092387 0.180358 0.123966 0.039502
1 0.167708 0.296296 0.110417 0.140741
6 0.811430 0.554227 0.296707 0.250865
1 0.735417 0.463889 0.027083 0.035185
6 0.810937 0.581481 0.271875 0.159259
6 0.181464 0.548913 0.305732 0.242604
1 0.103219 0.461835 0.128407 0.038817
7 0.181771 0.575926 0.107292 0.137037
0 0.501165 0.557117 0.299439 0.248979
1 0.424479 0.467593 0.113542 0.009259
2 0.501563 0.584259 0.273958 0.157407
0 0.819272 0.265687 0.294811 0.247408
1 0.744193 0.176591 0.123821 0.039585
2 0.819271 0.292593 0.269792 0.155556
