1 0.500521 0.071296 0.059375 0.075926
6 0.499155 0.269135 0.295992 0.249586
1 0.423438 0.179630 0.028125 0.037037
6 0.498958 0.297222 0.270833 0.157407
0 0.820584 0.548352 0.294822 0.250149
1 0.745502 0.458105 0.123825 0.040024
2 0.820312 0.575000 0.269792 0.157407
0 0.172707 0.825928 0.305687 0.239968
1 0.094792 0.740741 0.029167 0.037037
2 0.172396 0.852778 0.280208 0.150000
7 0.284511 0.735749 0.057079 0.022573
0 0.171345 0.547257 0.296227 0.246453
1 0.095833 0.458333 0.112500 0.009259
2 0.170833 0.574074 0.270833 0.155556
6 0.495693 0.545910 0.299254 0.245926
1 0.419326 0.457435 0.125687 0.039348
7 0.495833 0.573148 0.114583 0.146296
0 0.500979 0.823061 0.302673 0.244296
1 0.423438 0.736111 0.028125 0.035185
4 0.500521 0.850926 0.278125 0.153704
0 0.180305 0.272226 0.300403 0.247828
1 0.103125 0.182407 0.108333 0.009259
7 0.180729 0.299074 0.117708 0.150000
0 0.820806 0.261854 0.302836 0.248983
1 0.743750 0.171296 0.027083 0.035185
6 0.820312 0.289815 0.278125 0.157407
