1 0.500000 0.071296 0.054167 0.068519
0 0.491218 0.258276 0.299111 0.241842
1 0.415104 0.171296 0.030208 0.038889
7 0.491146 0.284259 0.117708 0.150000
6 0.499983 0.826740 0.296552 0.245772
1 0.424479 0.737963 0.115625 0.009259
2 0.499479 0.854630 0.271875 0.153704
7 0.590835 0.737240 0.089847 0.029735
6 0.818562 0.547375 0.302336 0.245288
1 0.741301 0.459169 0.126981 0.039246
2 0.818750 0.575000 0.277083 0.153704
6 0.503119 0.544831 0.305977 0.250889
1 0.424479 0.454630 0.030208 0.038889
3 0.503125 0.572222 0.281250 0.159259
7 0.604774 0.456195 0.077667 0.036579
6 0.171540 0.266560 0.297502 0.238293
1 0.095681 0.181292 0.124951 0.038127
2 0.171875 0.292593 0.272917 0.148148
0 0.173515 0.545649 0.296344 0.240663
1 0.097992 0.459385 0.124464 0.038506
2 0.173958 0.573148 0.270833 0.150000
7 0.263465 0.457023 0.091444 0.026375
0 0.173597 0.830244 0.306201 0.247415
1 0.095312 0.741667 0.121875 0.009259
5 0.173958 0.857407 0.118750 0.151852
0 0.817534 0.259878 0.303396 0.239200
1 0.739583 0.175000 0.127083 0.009259
2 0.817187 0.286111 0.278125 0.150000
7 0.926764 0.178494 0.059937 0.039394
