1 0.500000 0.072222 0.060417 0.077778
6 0.817995 0.267027 0.296241 0.240558
1 0.742188 0.180556 0.028125 0.035185
2 0.817708 0.293519 0.270833 0.150000
7 0.907170 0.182460 0.092891 0.034386
0 0.172655 0.827602 0.298223 0.250322
1 0.096875 0.737037 0.029167 0.037037
7 0.172917 0.854630 0.108333 0.138889
0 0.815773 0.549081 0.301047 0.238356
1 0.739062 0.463889 0.028125 0.035185
2 0.816146 0.575926 0.276042 0.148148
7 0.922013 0.463810 0.063565 0.030776
0 0.179952 0.549637 0.306477 0.255452
1 0.101042 0.456481 0.031250 0.038889
6 0.180208 0.577778 0.281250 0.162963
0 0.493343 0.556123 0.296657 0.249017
1 0.418229 0.466667 0.030208 0.037037
2 0.493229 0.584259 0.271875 0.157407
0 0.178655 0.259822 0.303231 0.237901
1 0.101562 0.175000 0.030208 0.038889
5 0.179167 0.287037 0.104167 0.133333
0 0.496839 0.264439 0.303607 0.244480
1 0.419271 0.176852 0.028125 0.035185
6 0.496354 0.291667 0.278125 0.153704
6 0.489558 0.832392 0.294556 0.246427
1 0.414554 0.743707 0.123713 0.039428
4 0.489063 0.859259 0.269792 0.155556
