1 0.500000 0.072222 0.056250 0.070370
6 0.496917 0.554162 0.296742 0.255262
1 0.421354 0.461111 0.028125 0.037037
6 0.497396 0.581481 0.271875 0.162963
0 0.496620 0.839586 0.297569 0.253092
1 0.420833 0.747222 0.112500 0.009259
6 0.496875 0.867593 0.272917 0.161111
7 0.607030 0.748445 0.051749 0.033773
6 0.817126 0.553344 0.299309 0.252591
1 0.740743 0.462071 0.125710 0.040415
5 0.816667 0.580556 0.114583 0.146296
6 0.174829 0.265126 0.301281 0.251745
1 0.097396 0.175000 0.117708 0.009259
4 0.174479 0.292593 0.276042 0.159259
6 0.817683 0.267892 0.299128 0.247298
1 0.741667 0.178704 0.031250 0.038889
2 0.817187 0.294444 0.273958 0.155556
6 0.172732 0.558577 0.300541 0.254423
1 0.095833 0.465741 0.031250 0.038889
4 0.172396 0.586111 0.276042 0.161111
0 0.171932 0.830016 0.303810 0.247328
1 0.093750 0.741667 0.027083 0.035185
6 0.171875 0.857407 0.279167 0.155556
7 0.284409 0.744811 0.053856 0.039880
0 0.499665 0.265849 0.304523 0.250232
1 0.421354 0.175000 0.030208 0.038889
1 0.499479 0.292593 0.121875 0.155556
