1 0.500000 0.072222 0.060417 0.077778
0 0.173912 0.832254 0.298260 0.253952
1 0.097833 0.740409 0.125269 0.040632
6 0.173958 0.860185 0.272917 0.161111
7 0.285842 0.735014 0.049400 0.022435
6 0.823648 0.268142 0.300903 0.242884
1 0.746875 0.181481 0.027083 0.033333
7 0.823958 0.294444 0.116667 0.148148
0 0.175805 0.265526 0.300517 0.247363
1 0.099072 0.176448 0.126217 0.039578
7 0.175521 0.293519 0.115625 0.146296
7 0.280744 0.177445 0.065640 0.034165
6 0.173032 0.538624 0.300595 0.237982
1 0.096277 0.453487 0.126250 0.038077
2 0.173437 0.564815 0.276042 0.148148
0 0.491508 0.274285 0.300059 0.246375
1 0.414583 0.185185 0.027083 0.033333
2 0.491667 0.301852 0.275000 0.155556
0 0.501404 0.823288 0.301209 0.243784
1 0.424479 0.736111 0.028125 0.035185
4 0.501563 0.850926 0.276042 0.153704
7 0.613727 0.735393 0.051564 0.030955
0 0.497924 0.545153 0.295536 0.245240
1 0.422635 0.456967 0.124125 0.039238
3 0.497917 0.571296 0.270833 0.153704
0 0.817857 0.542645 0.301488 0.244456
1 0.741146 0.454630 0.030208 0.038889
2 0.818229 0.569444 0.276042 0.153704
