1 0.499479 0.073148 0.057292 0.072222
6 0.496244 0.264764 0.296341 0.249528
1 0.420833 0.174074 0.108333 0.007407
7 0.496354 0.292593 0.113542 0.144444
6 0.176605 0.824033 0.295646 0.241344
1 0.101284 0.737483 0.124171 0.038615
2 0.177083 0.850926 0.270833 0.150000
6 0.498859 0.560554 0.295158 0.254579
1 0.423438 0.468519 0.030208 0.037037
2 0.498437 0.587963 0.269792 0.161111
6 0.176324 0.275237 0.300797 0.248431
1 0.099510 0.185711 0.126335 0.039749
2 0.176563 0.302778 0.276042 0.157407
7 0.281111 0.189468 0.066225 0.039855
6 0.500975 0.827842 0.306679 0.242026
1 0.422917 0.740741 0.029167 0.037037
5 0.500521 0.853704 0.148958 0.148148
6 0.822373 0.550919 0.302685 0.238940
1 0.745011 0.465379 0.127128 0.038230
5 0.822396 0.577778 0.111458 0.140741
6 0.176184 0.560206 0.297060 0.254865
1 0.100453 0.467977 0.124765 0.040778
1 0.176563 0.588889 0.244792 0.018519
6 0.819409 0.257693 0.296711 0.239936
1 0.744271 0.172222 0.026042 0.033333
2 0.819271 0.284259 0.271875 0.150000
