1 0.500000 0.071296 0.054167 0.068519
6 0.493917 0.548745 0.302628 0.243736
1 0.416146 0.461111 0.026042 0.033333
6 0.494271 0.575000 0.278125 0.153704
7 0.598393 0.463019 0.068678 0.035247
0 0.178175 0.838830 0.306925 0.248338
1 0.099584 0.749343 0.128908 0.039734
5 0.178125 0.865741 0.114583 0.146296
6 0.819596 0.546523 0.303813 0.250485
1 0.741667 0.456481 0.031250 0.038889
5 0.819271 0.574074 0.121875 0.155556
0 0.821172 0.264581 0.305628 0.239374
1 0.742956 0.178859 0.128364 0.038300
3 0.821354 0.291667 0.280208 0.150000
0 0.170796 0.546511 0.297356 0.243743
1 0.094979 0.458953 0.124890 0.038999
8 0.170833 0.574074 0.118750 0.151852
7 0.266566 0.461248 0.080816 0.036181
0 0.169071 0.261940 0.294841 0.242392
1 0.093984 0.174950 0.123833 0.038783
2 0.169271 0.288889 0.269792 0.151852
0 0.494838 0.835857 0.304339 0.249056
1 0.416997 0.746068 0.127822 0.039849
2 0.494792 0.863889 0.279167 0.157407
7 0.594012 0.743340 0.080992 0.026986
6 0.493995 0.275420 0.294992 0.247641
1 0.418750 0.186111 0.027083 0.035185
2 0.494271 0.301852 0.269792 0.155556
