1 0.500000 0.072222 0.054167 0.070370
6 0.816567 0.547301 0.299066 0.249876
1 0.740254 0.457168 0.125608 0.039980
7 0.816146 0.575000 0.115625 0.146296
6 0.814369 0.260967 0.300778 0.243613
1 0.738021 0.174074 0.028125 0.037037
6 0.814063 0.287963 0.276042 0.153704
6 0.502063 0.266439 0.302200 0.243815
1 0.424479 0.178704 0.030208 0.038889
6 0.502083 0.293519 0.277083 0.153704
0 0.497260 0.547251 0.295298 0.252594
1 0.421875 0.456481 0.112500 0.009259
2 0.497396 0.575000 0.269792 0.161111
0 0.174421 0.271114 0.303858 0.239227
1 0.096354 0.185185 0.026042 0.033333
4 0.173958 0.297222 0.279167 0.150000
0 0.171623 0.550073 0.296466 0.242234
1 0.095833 0.463889 0.027083 0.035185
5 0.171875 0.576852 0.150000 0.150000
7 0.269730 0.465952 0.075252 0.036955
6 0.491291 0.827369 0.298148 0.241813
1 0.415625 0.739815 0.027083 0.035185
5 0.491667 0.853704 0.116667 0.148148
6 0.179472 0.829248 0.305397 0.240565
1 0.101562 0.743519 0.030208 0.038889
2 0.179688 0.856481 0.280208 0.150000
