1 0.499479 0.071296 0.053125 0.068519
0 0.817456 0.268178 0.302785 0.238693
1 0.740104 0.183333 0.026042 0.033333
5 0.817708 0.295370 0.112500 0.142593
0 0.500576 0.547161 0.305671 0.242625
1 0.422348 0.460073 0.128382 0.038820
6 0.500521 0.574074 0.280208 0.151852
7 0.593868 0.462186 0.094088 0.035638
6 0.502677 0.268897 0.302943 0.247282
1 0.425521 0.180556 0.028125 0.035185
2 0.502604 0.296296 0.278125 0.155556
7 0.597130 0.177545 0.089037 0.027539
0 0.497194 0.830392 0.301088 0.238921
1 0.420312 0.745370 0.123958 0.009259
2 0.497396 0.857407 0.276042 0.148148
0 0.817512 0.543466 0.300379 0.248826
1 0.741146 0.454630 0.028125 0.035185
7 0.817187 0.571296 0.111458 0.142593
7 0.912249 0.455045 0.085904 0.034948
0 0.179466 0.269177 0.304224 0.245053
1 0.101562 0.180556 0.030208 0.038889
2 0.179167 0.295370 0.279167 0.153704
0 0.176207 0.829986 0.295475 0.238460
1 0.100521 0.745370 0.117708 0.009259
4 0.176042 0.855556 0.270833 0.148148
7 0.280438 0.744198 0.062012 0.029848
0 0.179141 0.555186 0.298602 0.247653
1 0.103125 0.465741 0.031250 0.038889
7 0.178646 0.581481 0.119792 0.151852
7 0.289616 0.465543 0.052653 0.031329
