1 0.500000 0.096296 0.440000 0.103704
0 0.190972 0.386111 0.279861 0.350000
1 0.132292 0.261111 0.125000 0.062963
5 0.190972 0.421296 0.234028 0.205556
0 0.511458 0.387963 0.286111 0.353704
1 0.449653 0.261111 0.125000 0.062963
4 0.511458 0.423148 0.240278 0.209259
0 0.190972 0.782407 0.265278 0.364815
1 0.139583 0.650000 0.125000 0.062963
2 0.190972 0.817593 0.219444 0.220370
0 0.489583 0.763889 0.281944 0.357407
1 0.429861 0.635185 0.125000 0.062963
2 0.489583 0.799074 0.236111 0.212963
0 0.823611 0.755556 0.292361 0.322222
1 0.758681 0.644444 0.125000 0.062963
2 0.823611 0.790741 0.246528 0.177778
