1 0.500000 0.096296 0.440000 0.103704
0 0.200347 0.345370 0.298611 0.312963
1 0.132500 0.238889 0.125417 0.062963
3 0.200347 0.380556 0.252778 0.168519
0 0.497917 0.389815 0.277778 0.353704
1 0.440278 0.262963 0.125000 0.062963
2 0.497917 0.425000 0.231944 0.209259
0 0.798611 0.373148 0.271528 0.320370
1 0.744097 0.262963 0.125000 0.062963
5 0.798611 0.408333 0.225694 0.175926
0 0.178472 0.762037 0.271528 0.338889
1 0.123958 0.642593 0.125000 0.062963
5 0.178472 0.797222 0.225694 0.194444
0 0.517708 0.759259 0.298611 0.322222
1 0.449861 0.648148 0.125417 0.062963
2 0.517708 0.794444 0.252778 0.177778
0 0.809028 0.762963 0.281944 0.348148
1 0.749306 0.638889 0.125000 0.062963
5 0.809028 0.798148 0.236111 0.203704
