1 0.500000 0.096296 0.440000 0.103704
0 0.193576 0.370370 0.291319 0.355556
1 0.129167 0.242593 0.125000 0.062963
5 0.193576 0.405556 0.245486 0.211111
0 0.490104 0.387037 0.280903 0.348148
1 0.430903 0.262963 0.125000 0.062963
2 0.490104 0.422222 0.235069 0.203704
0 0.796528 0.351852 0.271528 0.318519
1 0.742014 0.242593 0.125000 0.062963
3 0.796528 0.387037 0.225694 0.174074
0 0.177431 0.775000 0.273611 0.353704
1 0.121875 0.648148 0.125000 0.062963
4 0.177431 0.810185 0.227778 0.209259
0 0.496354 0.756481 0.287153 0.338889
1 0.434028 0.637037 0.125000 0.062963
2 0.496354 0.791667 0.241319 0.194444
0 0.804861 0.753704 0.273611 0.348148
1 0.749306 0.629630 0.125000 0.062963
5 0.804861 0.788889 0.227778 0.203704
