1 0.500000 0.096296 0.440000 0.103704
0 0.177431 0.289506 0.263194 0.201235
1 0.127083 0.238889 0.125000 0.062963
3 0.177431 0.324691 0.217361 0.056790
0 0.509375 0.288580 0.279861 0.199383
1 0.450694 0.238889 0.125000 0.062963
4 0.509375 0.323765 0.234028 0.054938
0 0.196181 0.571296 0.281944 0.214198
1 0.136458 0.514198 0.125000 0.062963
2 0.196181 0.606481 0.236111 0.069753
0 0.489583 0.570370 0.281944 0.197531
1 0.429861 0.521605 0.125000 0.062963
5 0.489583 0.605556 0.236111 0.053086
0 0.822049 0.558333 0.289236 0.191975
1 0.758681 0.512346 0.125000 0.062963
5 0.822049 0.593519 0.243403 0.047531
0 0.185243 0.809568 0.282986 0.199383
1 0.125000 0.759877 0.125000 0.062963
3 0.185243 0.844753 0.237153 0.054938
0 0.489583 0.827160 0.281944 0.241975
1 0.429861 0.756173 0.125000 0.062963
3 0.489583 0.862346 0.236111 0.097531
0 0.816319 0.809568 0.277778 0.199383
1 0.758681 0.759877 0.125000 0.062963
5 0.816319 0.844753 0.231944 0.054938
