1 0.500000 0.096296 0.440000 0.103704
0 0.152865 0.342593 0.197396 0.303704
1 0.135417 0.240741 0.125000 0.062963
5 0.152865 0.377778 0.151562 0.159259
0 0.375260 0.379630 0.186979 0.348148
1 0.363021 0.255556 0.125000 0.062963
5 0.375260 0.414815 0.141146 0.203704
0 0.602344 0.375926 0.192188 0.344444
1 0.587500 0.253704 0.125000 0.062963
4 0.602344 0.411111 0.146354 0.200000
0 0.848177 0.370370 0.189062 0.362963
1 0.834896 0.238889 0.125000 0.062963
4 0.848177 0.405556 0.143229 0.218519
0 0.136198 0.762037 0.186979 0.350000
1 0.123958 0.637037 0.125000 0.062963
4 0.136198 0.797222 0.141146 0.205556
0 0.377865 0.752778 0.194271 0.316667
1 0.361979 0.644444 0.125000 0.062963
3 0.377865 0.787963 0.148438 0.172222
0 0.626302 0.759259 0.210938 0.340741
1 0.602083 0.638889 0.125000 0.062963
3 0.626302 0.794444 0.165104 0.196296
0 0.846615 0.762963 0.217188 0.322222
1 0.819271 0.651852 0.125000 0.062963
3 0.846615 0.798148 0.171354 0.177778
