1 0.500000 0.096296 0.440000 0.103704
0 0.140885 0.316358 0.202604 0.229012
1 0.120833 0.251852 0.125000 0.062963
5 0.140885 0.351543 0.156771 0.084568
0 0.389323 0.333951 0.202604 0.234568
1 0.369271 0.266667 0.125000 0.062963
3 0.389323 0.369136 0.156771 0.090123
0 0.623177 0.309877 0.217188 0.204938
1 0.595833 0.257407 0.125000 0.062963
4 0.623177 0.345062 0.171354 0.060494
0 0.385677 0.542593 0.199479 0.175309
1 0.367188 0.504938 0.125000 0.062963
2 0.385677 0.577778 0.153646 0.030864
0 0.604427 0.550000 0.202604 0.186420
1 0.584375 0.506790 0.125000 0.062963
3 0.604427 0.585185 0.156771 0.041975
0 0.848177 0.573148 0.193229 0.199383
1 0.832812 0.523457 0.125000 0.062963
3 0.848177 0.608333 0.147396 0.054938
0 0.167969 0.794753 0.219271 0.177160
1 0.139583 0.756173 0.125000 0.062963
4 0.167969 0.829938 0.173437 0.032716
0 0.395052 0.800309 0.216146 0.195679
1 0.368229 0.752469 0.125000 0.062963
4 0.395052 0.835494 0.170313 0.051235
0 0.624219 0.825309 0.210938 0.204938
1 0.600000 0.772840 0.125000 0.062963
5 0.624219 0.860494 0.165104 0.060494
0 0.842969 0.804938 0.199479 0.175309
1 0.824479 0.767284 0.125000 0.062963
4 0.842969 0.840123 0.153646 0.030864
