1 0.500000 0.096296 0.440000 0.103704
0 0.148177 0.378704 0.188021 0.353704
1 0.135417 0.251852 0.125000 0.062963
4 0.148177 0.413889 0.142187 0.209259
0 0.373177 0.390741 0.191146 0.344444
1 0.358854 0.268519 0.125000 0.062963
5 0.373177 0.425926 0.145313 0.200000
0 0.601302 0.357407 0.194271 0.303704
1 0.585417 0.255556 0.125000 0.062963
4 0.601302 0.392593 0.148438 0.159259
0 0.846094 0.385185 0.216146 0.359259
1 0.819271 0.255556 0.125000 0.062963
5 0.846094 0.420370 0.170313 0.214815
0 0.167448 0.759259 0.216146 0.366667
1 0.140625 0.625926 0.125000 0.062963
2 0.167448 0.794444 0.170313 0.222222
0 0.385156 0.745370 0.185938 0.309259
1 0.373437 0.640741 0.125000 0.062963
2 0.385156 0.780556 0.140104 0.164815
0 0.609635 0.739815 0.200521 0.324074
1 0.590625 0.627778 0.125000 0.062963
2 0.609635 0.775000 0.154688 0.179630
0 0.852865 0.779630 0.196354 0.362963
1 0.835938 0.648148 0.125000 0.062963
4 0.852865 0.814815 0.150521 0.218519
