1 0.500000 0.096296 0.440000 0.103704
0 0.153385 0.286728 0.194271 0.191975
1 0.137500 0.240741 0.125000 0.062963
5 0.153385 0.321914 0.148438 0.047531
0 0.389844 0.309877 0.205729 0.230864
1 0.368229 0.244444 0.125000 0.062963
4 0.389844 0.345062 0.159896 0.086420
0 0.611198 0.291358 0.195312 0.197531
1 0.594792 0.242593 0.125000 0.062963
5 0.611198 0.326543 0.149479 0.053086
0 0.159635 0.555556 0.223438 0.175309
1 0.129167 0.517901 0.125000 0.062963
3 0.159635 0.590741 0.177604 0.030864
0 0.376302 0.567593 0.203646 0.217901
1 0.355729 0.508642 0.125000 0.062963
3 0.376302 0.602778 0.157812 0.073457
0 0.613802 0.588889 0.210938 0.227160
1 0.589583 0.525309 0.125000 0.062963
4 0.613802 0.624074 0.165104 0.082716
0 0.849219 0.578704 0.209896 0.229012
1 0.825521 0.514198 0.125000 0.062963
3 0.849219 0.613889 0.164062 0.084568
0 0.154427 0.815123 0.213021 0.225309
1 0.129167 0.752469 0.125000 0.062963
4 0.154427 0.850309 0.167187 0.080864
0 0.386198 0.826235 0.223438 0.188272
1 0.355729 0.782099 0.125000 0.062963
4 0.386198 0.861420 0.177604 0.043827
0 0.632031 0.829938 0.218229 0.195679
1 0.604167 0.782099 0.125000 0.062963
2 0.632031 0.865123 0.172396 0.051235
0 0.846094 0.808642 0.203646 0.193827
1 0.825521 0.761728 0.125000 0.062963
5 0.846094 0.843827 0.157812 0.049383
