1 0.500000 0.096296 0.440000 0.103704
0 0.144531 0.294136 0.201563 0.195679
1 0.125000 0.246296 0.125000 0.062963
4 0.144531 0.329321 0.155729 0.051235
0 0.364844 0.308025 0.186979 0.193827
1 0.352604 0.261111 0.125000 0.062963
4 0.364844 0.343210 0.141146 0.049383
0 0.607031 0.314506 0.199479 0.191975
1 0.588542 0.268519 0.125000 0.062963
2 0.607031 0.349691 0.153646 0.047531
0 0.863281 0.306173 0.217188 0.223457
1 0.835938 0.244444 0.125000 0.062963
3 0.863281 0.341358 0.171354 0.079012
0 0.153906 0.558333 0.222396 0.199383
1 0.123958 0.508642 0.125000 0.062963
4 0.153906 0.593519 0.176563 0.054938
0 0.619531 0.562963 0.191146 0.193827
1 0.605208 0.516049 0.125000 0.062963
2 0.619531 0.598148 0.145313 0.049383
0 0.847135 0.588889 0.214062 0.234568
1 0.821354 0.521605 0.125000 0.062963
5 0.847135 0.624074 0.168229 0.090123
0 0.154427 0.826235 0.188021 0.188272
1 0.141667 0.782099 0.125000 0.062963
5 0.154427 0.861420 0.142187 0.043827
0 0.389323 0.835494 0.223438 0.206790
1 0.358854 0.782099 0.125000 0.062963
5 0.389323 0.870679 0.177604 0.062346
0 0.626302 0.835494 0.219271 0.206790
1 0.597917 0.782099 0.125000 0.062963
3 0.626302 0.870679 0.173437 0.062346
0 0.849740 0.845679 0.210938 0.241975
1 0.825521 0.774691 0.125000 0.062963
3 0.849740 0.880864 0.165104 0.097531
