1 0.500000 0.096296 0.440000 0.103704
0 0.177951 0.295062 0.276736 0.175309
1 0.120833 0.257407 0.125000 0.062963
4 0.177951 0.330247 0.230903 0.030864
0 0.501042 0.283951 0.298611 0.190123
1 0.433194 0.238889 0.125417 0.062963
4 0.501042 0.319136 0.252778 0.045679
0 0.813194 0.307099 0.296528 0.217901
1 0.746181 0.248148 0.125000 0.062963
3 0.813194 0.342284 0.250694 0.073457
0 0.178472 0.578704 0.263194 0.206790
1 0.128125 0.525309 0.125000 0.062963
2 0.178472 0.613889 0.217361 0.062346
0 0.515104 0.585185 0.295486 0.238272
1 0.448611 0.516049 0.125000 0.062963
2 0.515104 0.620370 0.249653 0.093827
0 0.803819 0.565741 0.269444 0.217901
1 0.750347 0.506790 0.125000 0.062963
2 0.803819 0.600926 0.223611 0.073457
0 0.192535 0.832716 0.274653 0.219753
1 0.136458 0.772840 0.125000 0.062963
5 0.192535 0.867901 0.228819 0.075309
0 0.500521 0.804938 0.270486 0.193827
1 0.446528 0.758025 0.125000 0.062963
2 0.500521 0.840123 0.224653 0.049383
0 0.790799 0.824383 0.266319 0.191975
1 0.738889 0.778395 0.125000 0.062963
2 0.790799 0.859568 0.220486 0.047531
