1 0.500000 0.096296 0.440000 0.103704
0 0.141406 0.302469 0.197396 0.208642
1 0.123958 0.248148 0.125000 0.062963
2 0.141406 0.337654 0.151562 0.064198
0 0.382552 0.304321 0.203646 0.208642
1 0.361979 0.250000 0.125000 0.062963
2 0.382552 0.339506 0.157812 0.064198
0 0.622656 0.319136 0.218229 0.212346
1 0.594792 0.262963 0.125000 0.062963
5 0.622656 0.354321 0.172396 0.067901
0 0.839844 0.292284 0.205729 0.195679
1 0.818229 0.244444 0.125000 0.062963
2 0.839844 0.327469 0.159896 0.051235
0 0.163802 0.592593 0.213021 0.234568
1 0.138542 0.525309 0.125000 0.062963
5 0.163802 0.627778 0.167187 0.090123
0 0.382031 0.556481 0.208854 0.195679
1 0.358854 0.508642 0.125000 0.062963
3 0.382031 0.591667 0.163021 0.051235
0 0.628385 0.554630 0.219271 0.188272
1 0.600000 0.510494 0.125000 0.062963
5 0.628385 0.589815 0.173437 0.043827
0 0.860156 0.549074 0.217188 0.188272
1 0.832812 0.504938 0.125000 0.062963
2 0.860156 0.584259 0.171354 0.043827
0 0.160156 0.809568 0.211979 0.206790
1 0.135417 0.756173 0.125000 0.062963
2 0.160156 0.844753 0.166146 0.062346
0 0.391406 0.803086 0.221354 0.193827
1 0.361979 0.756173 0.125000 0.062963
3 0.391406 0.838272 0.175521 0.049383
0 0.624219 0.822531 0.215104 0.191975
1 0.597917 0.776543 0.125000 0.062963
4 0.624219 0.857716 0.169271 0.047531
0 0.831510 0.831790 0.193229 0.225309
1 0.816146 0.769136 0.125000 0.062963
2 0.831510 0.866975 0.147396 0.080864
