1 0.500000 0.096296 0.440000 0.103704
0 0.141927 0.301543 0.200521 0.214198
1 0.122917 0.244444 0.125000 0.062963
5 0.141927 0.336728 0.154688 0.069753
0 0.383073 0.320988 0.210938 0.227160
1 0.358854 0.257407 0.125000 0.062963
3 0.383073 0.356173 0.165104 0.082716
0 0.615885 0.303395 0.208854 0.206790
1 0.592708 0.250000 0.125000 0.062963
4 0.615885 0.338580 0.163021 0.062346
0 0.844531 0.333025 0.210938 0.232716
1 0.820312 0.266667 0.125000 0.062963
5 0.844531 0.368210 0.165104 0.088272
0 0.154427 0.572222 0.215104 0.230864
1 0.128125 0.506790 0.125000 0.062963
3 0.154427 0.607407 0.169271 0.086420
0 0.394010 0.554630 0.218229 0.217901
1 0.366146 0.495679 0.125000 0.062963
2 0.394010 0.589815 0.172396 0.073457
0 0.604427 0.549074 0.192188 0.195679
1 0.589583 0.501235 0.125000 0.062963
5 0.604427 0.584259 0.146354 0.051235
0 0.842448 0.587037 0.196354 0.234568
1 0.825521 0.519753 0.125000 0.062963
4 0.842448 0.622222 0.150521 0.090123
0 0.150260 0.806790 0.221354 0.179012
1 0.120833 0.767284 0.125000 0.062963
4 0.150260 0.841975 0.175521 0.034568
0 0.387240 0.833642 0.210938 0.236420
1 0.363021 0.765432 0.125000 0.062963
4 0.387240 0.868827 0.165104 0.091975
0 0.610156 0.799383 0.214062 0.193827
1 0.584375 0.752469 0.125000 0.062963
4 0.610156 0.834568 0.168229 0.049383
0 0.839844 0.832716 0.193229 0.241975
1 0.824479 0.761728 0.125000 0.062963
4 0.839844 0.867901 0.147396 0.097531
