1 0.500000 0.096296 0.440000 0.103704
0 0.191493 0.315432 0.285069 0.223457
1 0.130208 0.253704 0.125000 0.062963
3 0.191493 0.350617 0.239236 0.079012
0 0.811111 0.286728 0.269444 0.180864
1 0.757639 0.246296 0.125000 0.062963
3 0.811111 0.321914 0.223611 0.036420
0 0.183160 0.578704 0.274653 0.236420
1 0.127083 0.510494 0.125000 0.062963
4 0.183160 0.613889 0.228819 0.091975
0 0.497396 0.565741 0.297569 0.217901
1 0.429861 0.506790 0.125000 0.062963
2 0.497396 0.600926 0.251736 0.073457
0 0.817361 0.555556 0.281944 0.197531
1 0.757639 0.506790 0.125000 0.062963
2 0.817361 0.590741 0.236111 0.053086
0 0.193056 0.816049 0.288194 0.201235
1 0.130208 0.765432 0.125000 0.062963
2 0.193056 0.851235 0.242361 0.056790
0 0.802778 0.797531 0.284028 0.190123
1 0.742014 0.752469 0.125000 0.062963
4 0.802778 0.832716 0.238194 0.045679
