1 0.500000 0.096296 0.440000 0.103704
0 0.160677 0.310802 0.202604 0.184568
1 0.140625 0.268519 0.125000 0.062963
4 0.160677 0.345988 0.156771 0.040123
0 0.389844 0.308025 0.211979 0.234568
1 0.365104 0.240741 0.125000 0.062963
5 0.389844 0.343210 0.166146 0.090123
0 0.617969 0.317284 0.206771 0.241975
1 0.595833 0.246296 0.125000 0.062963
3 0.617969 0.352469 0.160938 0.097531
0 0.845573 0.312654 0.192188 0.210494
1 0.830729 0.257407 0.125000 0.062963
5 0.845573 0.347840 0.146354 0.066049
0 0.149740 0.562963 0.209896 0.182716
1 0.126042 0.521605 0.125000 0.062963
3 0.149740 0.598148 0.164062 0.038272
0 0.379427 0.572222 0.201563 0.208642
1 0.359896 0.517901 0.125000 0.062963
2 0.379427 0.607407 0.155729 0.064198
0 0.607031 0.571296 0.203646 0.240123
1 0.586458 0.501235 0.125000 0.062963
5 0.607031 0.606481 0.157812 0.095679
0 0.850781 0.569444 0.194271 0.188272
1 0.834896 0.525309 0.125000 0.062963
4 0.850781 0.604630 0.148438 0.043827
0 0.144531 0.845679 0.191146 0.227160
1 0.130208 0.782099 0.125000 0.062963
4 0.144531 0.880864 0.145313 0.082716
0 0.376823 0.825309 0.196354 0.241975
1 0.359896 0.754321 0.125000 0.062963
5 0.376823 0.860494 0.150521 0.097531
0 0.619010 0.837346 0.213021 0.210494
1 0.593750 0.782099 0.125000 0.062963
4 0.619010 0.872531 0.167187 0.066049
