1 0.500000 0.096296 0.440000 0.103704
0 0.145052 0.395370 0.202604 0.361111
1 0.125000 0.264815 0.125000 0.062963
2 0.145052 0.430556 0.156771 0.216667
0 0.394531 0.367593 0.221354 0.305556
1 0.365104 0.264815 0.125000 0.062963
5 0.394531 0.402778 0.175521 0.161111
0 0.625260 0.345370 0.204687 0.312963
1 0.604167 0.238889 0.125000 0.062963
2 0.625260 0.380556 0.158854 0.168519
0 0.845573 0.371296 0.200521 0.320370
1 0.826562 0.261111 0.125000 0.062963
5 0.845573 0.406481 0.154688 0.175926
0 0.155990 0.785185 0.199479 0.366667
1 0.137500 0.651852 0.125000 0.062963
3 0.155990 0.820370 0.153646 0.222222
0 0.385156 0.758333 0.217188 0.312963
1 0.357812 0.651852 0.125000 0.062963
5 0.385156 0.793519 0.171354 0.168519
0 0.602865 0.755556 0.189062 0.329630
1 0.589583 0.640741 0.125000 0.062963
3 0.602865 0.790741 0.143229 0.185185
0 0.844010 0.780556 0.214062 0.353704
1 0.818229 0.653704 0.125000 0.062963
4 0.844010 0.815741 0.168229 0.209259
