1 0.500000 0.096296 0.440000 0.103704
0 0.200347 0.309877 0.300694 0.212346
1 0.131896 0.253704 0.126292 0.062963
2 0.200347 0.345062 0.254861 0.067901
0 0.498958 0.304321 0.290278 0.182716
1 0.435069 0.262963 0.125000 0.062963
2 0.498958 0.339506 0.244444 0.038272
0 0.810590 0.309877 0.293403 0.190123
1 0.745139 0.264815 0.125000 0.062963
5 0.810590 0.345062 0.247569 0.045679
0 0.188889 0.562037 0.267361 0.191975
1 0.136458 0.516049 0.125000 0.062963
5 0.188889 0.597222 0.221528 0.047531
0 0.510938 0.579630 0.285069 0.238272
1 0.449653 0.510494 0.125000 0.062963
2 0.510938 0.614815 0.239236 0.093827
0 0.790799 0.547222 0.266319 0.177160
1 0.738889 0.508642 0.125000 0.062963
3 0.790799 0.582407 0.220486 0.032716
0 0.187847 0.825309 0.292361 0.197531
1 0.122917 0.776543 0.125000 0.062963
4 0.187847 0.860494 0.246528 0.053086
0 0.504687 0.829012 0.280903 0.238272
1 0.445486 0.759877 0.125000 0.062963
5 0.504687 0.864198 0.235069 0.093827
0 0.810069 0.821605 0.273611 0.182716
1 0.754514 0.780247 0.125000 0.062963
2 0.810069 0.856790 0.227778 0.038272
