1 0.500000 0.096296 0.440000 0.103704
0 0.171701 0.375926 0.264236 0.314815
1 0.120833 0.268519 0.125000 0.062963
2 0.171701 0.411111 0.218403 0.170370
0 0.488542 0.396296 0.273611 0.362963
1 0.432986 0.264815 0.125000 0.062963
3 0.488542 0.431481 0.227778 0.218519
0 0.799653 0.400000 0.263194 0.362963
1 0.749306 0.268519 0.125000 0.062963
5 0.799653 0.435185 0.217361 0.218519
0 0.181597 0.756481 0.273611 0.312963
1 0.126042 0.650000 0.125000 0.062963
2 0.181597 0.791667 0.227778 0.168519
0 0.501563 0.757407 0.264236 0.325926
1 0.450694 0.644444 0.125000 0.062963
3 0.501563 0.792593 0.218403 0.181481
0 0.796528 0.757407 0.265278 0.329630
1 0.745139 0.642593 0.125000 0.062963
5 0.796528 0.792593 0.219444 0.185185
