1 0.500000 0.096296 0.440000 0.103704
0 0.175347 0.350000 0.269444 0.311111
1 0.121875 0.244444 0.125000 0.062963
5 0.175347 0.385185 0.223611 0.166667
0 0.502604 0.375926 0.278819 0.333333
1 0.444444 0.259259 0.125000 0.062963
3 0.502604 0.411111 0.232986 0.188889
0 0.801736 0.368519 0.284028 0.322222
1 0.740972 0.257407 0.125000 0.062963
5 0.801736 0.403704 0.238194 0.177778
0 0.495312 0.733333 0.289236 0.311111
1 0.431944 0.627778 0.125000 0.062963
5 0.495312 0.768519 0.243403 0.166667
0 0.803299 0.764815 0.282986 0.325926
1 0.743056 0.651852 0.125000 0.062963
3 0.803299 0.800000 0.237153 0.181481
