1 0.500000 0.096296 0.440000 0.103704
0 0.192535 0.312654 0.285069 0.232716
1 0.131250 0.246296 0.125000 0.062963
3 0.192535 0.347840 0.239236 0.088272
0 0.823611 0.284877 0.294444 0.188272
1 0.757639 0.240741 0.125000 0.062963
5 0.823611 0.320062 0.248611 0.043827
0 0.194618 0.575000 0.272569 0.221605
1 0.139583 0.514198 0.125000 0.062963
5 0.194618 0.610185 0.226736 0.077160
0 0.498437 0.555556 0.264236 0.193827
1 0.447569 0.508642 0.125000 0.062963
4 0.498437 0.590741 0.218403 0.049383
0 0.799653 0.555556 0.277778 0.175309
1 0.742014 0.517901 0.125000 0.062963
3 0.799653 0.590741 0.231944 0.030864
0 0.193576 0.813272 0.282986 0.195679
1 0.133333 0.765432 0.125000 0.062963
3 0.193576 0.848457 0.237153 0.051235
0 0.489583 0.804012 0.267361 0.177160
1 0.437153 0.765432 0.125000 0.062963
4 0.489583 0.839198 0.221528 0.032716
0 0.806944 0.841049 0.288194 0.236420
1 0.744097 0.772840 0.125000 0.062963
4 0.806944 0.876235 0.242361 0.091975
