1 0.500000 0.096296 0.440000 0.103704
0 0.198785 0.291358 0.291319 0.193827
1 0.134375 0.244444 0.125000 0.062963
2 0.198785 0.326543 0.245486 0.049383
0 0.504167 0.294136 0.271528 0.191975
1 0.449653 0.248148 0.125000 0.062963
2 0.504167 0.329321 0.225694 0.047531
0 0.803299 0.299691 0.289236 0.184568
1 0.739931 0.257407 0.125000 0.062963
3 0.803299 0.334877 0.243403 0.040123
0 0.180556 0.545370 0.271528 0.188272
1 0.126042 0.501235 0.125000 0.062963
3 0.180556 0.580556 0.225694 0.043827
0 0.502083 0.560185 0.298611 0.195679
1 0.434236 0.512346 0.125417 0.062963
5 0.502083 0.595370 0.252778 0.051235
0 0.819444 0.552778 0.281944 0.203086
1 0.759722 0.501235 0.125000 0.062963
4 0.819444 0.587963 0.236111 0.058642
0 0.181597 0.832716 0.275694 0.208642
1 0.125000 0.778395 0.125000 0.062963
5 0.181597 0.867901 0.229861 0.064198
0 0.480729 0.829012 0.264236 0.219753
1 0.429861 0.769136 0.125000 0.062963
2 0.480729 0.864198 0.218403 0.075309
