1 0.500000 0.096296 0.440000 0.103704
0 0.200347 0.364815 0.294444 0.322222
1 0.134375 0.253704 0.125000 0.062963
2 0.200347 0.400000 0.248611 0.177778
0 0.510938 0.372222 0.295486 0.348148
1 0.444444 0.248148 0.125000 0.062963
5 0.510938 0.407407 0.249653 0.203704
0 0.801215 0.377778 0.287153 0.329630
1 0.738889 0.262963 0.125000 0.062963
2 0.801215 0.412963 0.241319 0.185185
0 0.188368 0.770370 0.295486 0.362963
1 0.121875 0.638889 0.125000 0.062963
2 0.188368 0.805556 0.249653 0.218519
0 0.495312 0.751852 0.285069 0.318519
1 0.434028 0.642593 0.125000 0.062963
5 0.495312 0.787037 0.239236 0.174074
0 0.807986 0.732407 0.288194 0.316667
1 0.745139 0.624074 0.125000 0.062963
4 0.807986 0.767593 0.242361 0.172222
