1 0.500000 0.096296 0.440000 0.103704
0 0.195139 0.295988 0.273611 0.177160
1 0.139583 0.257407 0.125000 0.062963
4 0.195139 0.331173 0.227778 0.032716
0 0.503646 0.294136 0.276736 0.210494
1 0.446528 0.238889 0.125000 0.062963
4 0.503646 0.329321 0.230903 0.066049
0 0.802778 0.314506 0.286111 0.214198
1 0.740972 0.257407 0.125000 0.062963
2 0.802778 0.349691 0.240278 0.069753
0 0.200868 0.550000 0.293403 0.193827
1 0.135417 0.503086 0.125000 0.062963
2 0.200868 0.585185 0.247569 0.049383
0 0.502083 0.569444 0.292361 0.225309
1 0.437153 0.506790 0.125000 0.062963
2 0.502083 0.604630 0.246528 0.080864
0 0.815278 0.568519 0.292361 0.193827
1 0.750347 0.521605 0.125000 0.062963
2 0.815278 0.603704 0.246528 0.049383
0 0.202431 0.824383 0.286111 0.221605
1 0.140625 0.763580 0.125000 0.062963
2 0.202431 0.859568 0.240278 0.077160
0 0.486979 0.827160 0.264236 0.230864
1 0.436111 0.761728 0.125000 0.062963
3 0.486979 0.862346 0.218403 0.086420
0 0.823090 0.811420 0.295486 0.210494
1 0.756597 0.756173 0.125000 0.062963
4 0.823090 0.846605 0.249653 0.066049
