1 0.500000 0.096296 0.440000 0.103704
0 0.180035 0.374074 0.264236 0.314815
1 0.129167 0.266667 0.125000 0.062963
5 0.180035 0.409259 0.218403 0.170370
0 0.495833 0.398148 0.284028 0.362963
1 0.435069 0.266667 0.125000 0.062963
2 0.495833 0.433333 0.238194 0.218519
0 0.811632 0.375000 0.289236 0.324074
1 0.748264 0.262963 0.125000 0.062963
3 0.811632 0.410185 0.243403 0.179630
0 0.196181 0.741667 0.288194 0.331481
1 0.133333 0.625926 0.125000 0.062963
5 0.196181 0.776852 0.242361 0.187037
0 0.495833 0.746296 0.292361 0.307407
1 0.430903 0.642593 0.125000 0.062963
4 0.495833 0.781481 0.246528 0.162963
0 0.813194 0.767593 0.277778 0.346296
1 0.755556 0.644444 0.125000 0.062963
2 0.813194 0.802778 0.231944 0.201852
