1 0.500000 0.096296 0.440000 0.103704
0 0.202951 0.394444 0.289236 0.370370
1 0.139583 0.259259 0.125000 0.062963
5 0.202951 0.429630 0.243403 0.225926
0 0.806944 0.364815 0.271528 0.337037
1 0.752431 0.246296 0.125000 0.062963
2 0.806944 0.400000 0.225694 0.192593
0 0.174306 0.744444 0.265278 0.325926
1 0.122917 0.631481 0.125000 0.062963
2 0.174306 0.779630 0.219444 0.181481
0 0.503646 0.762037 0.293403 0.338889
1 0.438194 0.642593 0.125000 0.062963
2 0.503646 0.797222 0.247569 0.194444
0 0.806944 0.755556 0.286111 0.303704
1 0.745139 0.653704 0.125000 0.062963
2 0.806944 0.790741 0.240278 0.159259
