1 0.500000 0.096296 0.440000 0.103704
0 0.145052 0.388889 0.198437 0.348148
1 0.127083 0.264815 0.125000 0.062963
5 0.145052 0.424074 0.152604 0.203704
0 0.610156 0.400926 0.191146 0.364815
1 0.595833 0.268519 0.125000 0.062963
5 0.610156 0.436111 0.145313 0.220370
0 0.852344 0.360185 0.197396 0.324074
1 0.834896 0.248148 0.125000 0.062963
5 0.852344 0.395370 0.151562 0.179630
0 0.157552 0.757407 0.215104 0.340741
1 0.131250 0.637037 0.125000 0.062963
3 0.157552 0.792593 0.169271 0.196296
0 0.388802 0.762963 0.205729 0.355556
1 0.367188 0.635185 0.125000 0.062963
5 0.388802 0.798148 0.159896 0.211111
0 0.607031 0.743519 0.186979 0.312963
1 0.594792 0.637037 0.125000 0.062963
5 0.607031 0.778704 0.141146 0.168519
0 0.845573 0.770370 0.215104 0.340741
1 0.819271 0.650000 0.125000 0.062963
4 0.845573 0.805556 0.169271 0.196296
