1 0.500000 0.096296 0.440000 0.103704
0 0.501563 0.318210 0.297569 0.217901
1 0.434028 0.259259 0.125000 0.062963
2 0.501563 0.353395 0.251736 0.073457
0 0.794965 0.311728 0.268403 0.197531
1 0.742014 0.262963 0.125000 0.062963
2 0.794965 0.346914 0.222569 0.053086
0 0.491146 0.569444 0.272569 0.229012
1 0.436111 0.504938 0.125000 0.062963
3 0.491146 0.604630 0.226736 0.084568
0 0.797049 0.548148 0.264236 0.186420
1 0.746181 0.504938 0.125000 0.062963
2 0.797049 0.583333 0.218403 0.041975
0 0.197222 0.850309 0.279861 0.240123
1 0.138542 0.780247 0.125000 0.062963
5 0.197222 0.885494 0.234028 0.095679
0 0.511979 0.824383 0.299653 0.236420
1 0.443830 0.756173 0.125854 0.062963
4 0.511979 0.859568 0.253819 0.091975
0 0.807986 0.831790 0.269444 0.217901
1 0.754514 0.772840 0.125000 0.062963
4 0.807986 0.866975 0.223611 0.073457
