77 0.500000 0.066132 0.520000 0.073005
16 0.843261 0.661138 0.279003 0.175850
77 0.843261 0.612133 0.161217 0.040741
19 0.843750 0.693519 0.252083 0.064815
84 0.769792 0.691667 0.095833 0.031481
19 0.500000 0.440476 0.369761 0.577248
77 0.559287 0.199094 0.230354 0.062963
52 0.501563 0.496296 0.340625 0.429630
27 0.603125 0.323148 0.033333 0.042593
17 0.836950 0.235327 0.275314 0.172967
77 0.817520 0.184293 0.145726 0.040741
90 0.835417 0.263889 0.250000 0.064815
41 0.902604 0.261111 0.019792 0.025926
11 0.498743 0.857434 0.367247 0.210421
77 0.588773 0.785658 0.166352 0.040741
60 0.496875 0.890741 0.341667 0.100000
63 0.631771 0.789815 0.028125 0.035185
17 0.157761 0.654539 0.277513 0.170599
77 0.157761 0.609235 0.183105 0.040741
69 0.158333 0.689815 0.250000 0.046296
32 0.259896 0.601852 0.019792 0.025926
9 0.162458 0.859312 0.270645 0.170406
77 0.162458 0.808983 0.151284 0.040741
23 0.162500 0.887963 0.033333 0.042593
11 0.842574 0.460172 0.280140 0.188859
77 0.842574 0.401963 0.127069 0.040741
49 0.842187 0.490741 0.244792 0.066667
13 0.161511 0.457817 0.275220 0.182079
77 0.185757 0.405635 0.184729 0.040741
4 0.159375 0.491667 0.250000 0.057407
17 0.839167 0.869228 0.284752 0.188606
77 0.839167 0.812010 0.210471 0.040741
74 0.836979 0.894444 0.048958 0.062963
62 0.927083 0.809259 0.022917 0.029630
17 0.167071 0.243870 0.278663 0.183936
77 0.101390 0.186973 0.126467 0.040741
26 0.167187 0.271296 0.257292 0.072222
32 0.215104 0.285185 0.017708 0.022222
23 0.251563 0.186111 0.021875 0.027778
