77 0.202515 0.067755 0.355030 0.068843
20 0.500000 0.404287 0.440816 0.504870
77 0.500000 0.198888 0.334059 0.062963
29 0.502604 0.455556 0.265625 0.337037
16 0.855622 0.242276 0.245698 0.191084
77 0.904334 0.186637 0.127441 0.040741
3 0.856771 0.272222 0.063542 0.062963
8 0.853646 0.283333 0.019792 0.025926
20 0.142502 0.454462 0.246077 0.191286
77 0.152823 0.398911 0.184863 0.040741
66 0.143750 0.486111 0.218750 0.068519
35 0.144792 0.497222 0.018750 0.024074
16 0.142456 0.238682 0.243038 0.171978
77 0.142456 0.186538 0.168037 0.040741
72 0.143229 0.265741 0.053125 0.068519
32 0.218229 0.182407 0.015625 0.020370
17 0.146662 0.646886 0.245062 0.168942
77 0.095364 0.596523 0.121631 0.040741
87 0.147917 0.675926 0.218750 0.048148
35 0.085417 0.680556 0.018750 0.024074
13 0.144917 0.866769 0.242095 0.175659
77 0.157439 0.815116 0.131064 0.040741
7 0.147396 0.902778 0.211458 0.053704
15 0.172396 0.911111 0.019792 0.025926
20 0.856975 0.872481 0.245778 0.180009
77 0.843495 0.818239 0.124880 0.040741
86 0.859375 0.901852 0.218750 0.066667
15 0.854090 0.657748 0.246970 0.177595
77 0.904107 0.607285 0.126102 0.040741
43 0.853125 0.696296 0.043750 0.055556
12 0.852503 0.446567 0.240703 0.180545
77 0.852503 0.393790 0.120815 0.040741
2 0.851562 0.479630 0.215625 0.066667
8 0.501566 0.823728 0.443948 0.269130
77 0.489465 0.730129 0.290070 0.046322
55 0.500521 0.856481 0.415625 0.138889
56 0.497917 0.855556 0.225000 0.081481
