77 0.500000 0.132195 0.640000 0.061610
7 0.862514 0.550145 0.217903 0.246847
77 0.862514 0.469603 0.112500 0.047340
79 0.858854 0.587963 0.188542 0.112963
11 0.828125 0.600000 0.041667 0.051852
16 0.378552 0.261626 0.221238 0.240557
77 0.374921 0.178530 0.130830 0.040741
14 0.377083 0.291667 0.189583 0.116667
20 0.617719 0.268809 0.220262 0.247732
77 0.634415 0.185297 0.125977 0.040741
41 0.619271 0.301852 0.098958 0.125926
13 0.131469 0.828997 0.218107 0.237478
77 0.131469 0.747352 0.124276 0.046153
90 0.130729 0.857407 0.188542 0.125926
32 0.129688 0.863889 0.021875 0.027778
28 0.207292 0.746296 0.027083 0.033333
13 0.138571 0.268981 0.223998 0.243798
77 0.094530 0.181062 0.113961 0.040820
54 0.136979 0.300926 0.190625 0.138889
19 0.618611 0.537033 0.218286 0.238301
77 0.647937 0.458367 0.137869 0.040741
68 0.618750 0.570370 0.187500 0.114815
9 0.578646 0.566667 0.042708 0.055556
11 0.861163 0.273885 0.220138 0.246743
77 0.868473 0.191139 0.155401 0.045867
8 0.860417 0.308333 0.185417 0.124074
78 0.888021 0.323148 0.107292 0.057407
27 0.929688 0.185185 0.023958 0.029630
7 0.369389 0.832643 0.215113 0.247804
77 0.369389 0.742105 0.112500 0.040741
78 0.367708 0.864815 0.181250 0.133333
17 0.137647 0.550211 0.220985 0.245288
77 0.126646 0.465615 0.132174 0.041321
26 0.134896 0.577778 0.188542 0.133333
76 0.210938 0.460185 0.021875 0.027778
12 0.374202 0.545385 0.216159 0.237584
77 0.344618 0.468959 0.112500 0.044265
19 0.375521 0.579630 0.184375 0.122222
64 0.321875 0.596296 0.035417 0.044444
31 0.445833 0.456481 0.016667 0.020370
