77 0.500000 0.089102 0.380000 0.075818
13 0.617141 0.548305 0.225929 0.245168
77 0.592472 0.461080 0.153622 0.042254
42 0.613542 0.583333 0.097917 0.125926
53 0.610938 0.578704 0.030208 0.038889
18 0.855135 0.263001 0.215030 0.239203
77 0.895984 0.182233 0.112500 0.040741
73 0.853646 0.298148 0.096875 0.122222
63 0.837500 0.325000 0.022917 0.027778
27 0.928125 0.180556 0.025000 0.031481
11 0.859899 0.549201 0.225358 0.241044
77 0.859899 0.468590 0.143181 0.040741
67 0.856771 0.584259 0.196875 0.109259
2 0.881250 0.588889 0.129167 0.070370
28 0.936458 0.464815 0.029167 0.037037
16 0.140384 0.269216 0.223077 0.246045
77 0.140384 0.186186 0.112500 0.040741
59 0.140625 0.297222 0.187500 0.131481
19 0.186458 0.312037 0.045833 0.057407
17 0.130074 0.543441 0.215823 0.243585
77 0.123219 0.456025 0.127573 0.040741
22 0.132292 0.573148 0.185417 0.131481
29 0.204687 0.455556 0.023958 0.029630
16 0.371024 0.265837 0.218063 0.246642
77 0.371024 0.179719 0.149426 0.040741
63 0.369271 0.300926 0.088542 0.112963
87 0.390104 0.290741 0.034375 0.059259
28 0.440625 0.173148 0.018750 0.024074
11 0.134699 0.829151 0.225576 0.254129
77 0.134699 0.742507 0.145154 0.044273
87 0.134896 0.860185 0.194792 0.135185
24 0.192708 0.889815 0.037500 0.046296
13 0.378648 0.834404 0.224525 0.244459
77 0.384476 0.752254 0.164757 0.040741
83 0.379167 0.867593 0.197917 0.112963
13 0.377716 0.550128 0.215771 0.254999
77 0.397715 0.461175 0.153106 0.040741
64 0.373958 0.587037 0.095833 0.122222
13 0.368750 0.595370 0.045833 0.057407
30 0.441667 0.455556 0.020833 0.025926
19 0.619838 0.270493 0.223479 0.239462
77 0.619838 0.187945 0.136509 0.040741
7 0.619271 0.307407 0.192708 0.122222
