77 0.500000 0.087790 0.380000 0.079552
19 0.134079 0.267904 0.220347 0.249891
77 0.134079 0.183235 0.168904 0.040741
43 0.134375 0.300000 0.102083 0.129630
14 0.138194 0.546525 0.226452 0.246163
77 0.176463 0.461493 0.129081 0.043395
18 0.135937 0.579630 0.194792 0.114815
8 0.856605 0.273451 0.219248 0.246716
77 0.858127 0.189209 0.150160 0.045141
81 0.858333 0.301852 0.193750 0.122222
34 0.908854 0.271296 0.021875 0.042593
18 0.136705 0.829399 0.219844 0.254014
77 0.136705 0.738528 0.162758 0.042562
16 0.135937 0.862963 0.192708 0.133333
8 0.617717 0.268791 0.221718 0.238438
77 0.617717 0.184719 0.144967 0.040741
52 0.616667 0.298148 0.187500 0.129630
27 0.689583 0.180556 0.018750 0.024074
13 0.379629 0.261912 0.217843 0.250491
77 0.413119 0.176804 0.112500 0.040741
41 0.377604 0.300000 0.086458 0.111111
6 0.392188 0.280556 0.044792 0.057407
16 0.380154 0.830362 0.222954 0.246255
77 0.401102 0.748405 0.160226 0.045991
61 0.380729 0.868519 0.198958 0.118519
76 0.332292 0.843519 0.022917 0.027778
32 0.454688 0.738889 0.017708 0.022222
12 0.614669 0.548571 0.216595 0.252276
77 0.623703 0.462658 0.118600 0.040741
17 0.618229 0.580556 0.188542 0.146296
40 0.657292 0.560185 0.102083 0.053704
76 0.686979 0.453704 0.019792 0.025926
17 0.863990 0.551311 0.223487 0.252155
77 0.848853 0.463678 0.172380 0.040741
53 0.866667 0.583333 0.102083 0.129630
24 0.840104 0.548148 0.032292 0.040741
19 0.381844 0.543860 0.219940 0.243414
77 0.418465 0.462214 0.125866 0.044315
34 0.380729 0.581481 0.055208 0.111111
65 0.375000 0.572222 0.033333 0.040741
