77 0.500000 0.066115 0.520000 0.072971
7 0.500000 0.435492 0.417453 0.567280
77 0.404947 0.202869 0.206514 0.062963
89 0.496354 0.481481 0.311458 0.396296
11 0.854652 0.664154 0.255396 0.181355
77 0.854652 0.612188 0.183397 0.040741
77 0.856771 0.696296 0.201042 0.014815
26 0.852083 0.703704 0.120833 0.025926
15 0.499795 0.843479 0.417044 0.207231
77 0.394371 0.779430 0.185362 0.040741
27 0.498437 0.877778 0.067708 0.085185
11 0.149341 0.239954 0.247760 0.172309
77 0.149341 0.189665 0.192962 0.040741
77 0.148958 0.263889 0.210417 0.016667
10 0.174479 0.271296 0.019792 0.024074
62 0.235417 0.186111 0.020833 0.027778
16 0.143516 0.450459 0.245944 0.176489
77 0.143516 0.399733 0.115729 0.040741
34 0.145833 0.483333 0.031250 0.062963
7 0.149936 0.654599 0.247218 0.170635
77 0.149936 0.607026 0.159302 0.040741
27 0.148438 0.691667 0.036458 0.046296
12 0.844422 0.865132 0.245930 0.185264
77 0.844422 0.813060 0.179746 0.040741
88 0.844792 0.895370 0.218750 0.061111
51 0.817187 0.893519 0.140625 0.038889
12 0.153149 0.859372 0.256205 0.173495
77 0.153149 0.812407 0.188473 0.040741
80 0.152083 0.887037 0.231250 0.059259
76 0.111979 0.891667 0.019792 0.024074
18 0.850915 0.240414 0.246525 0.172121
77 0.850915 0.190095 0.148038 0.040741
0 0.854688 0.275926 0.217708 0.051852
14 0.803125 0.273148 0.018750 0.024074
32 0.925521 0.193519 0.028125 0.035185
9 0.850012 0.455119 0.258525 0.175090
77 0.850012 0.402026 0.196422 0.040741
26 0.847396 0.490741 0.230208 0.055556
58 0.792188 0.500926 0.115625 0.027778
