77 0.712634 0.072614 0.359622 0.078561
14 0.614090 0.269305 0.223997 0.249217
77 0.656842 0.187332 0.112500 0.049389
12 0.611458 0.310185 0.197917 0.112963
71 0.648958 0.308333 0.108333 0.064815
9 0.370975 0.271822 0.220469 0.241003
77 0.341298 0.187367 0.140282 0.044310
37 0.370312 0.300926 0.096875 0.124074
87 0.359375 0.281481 0.047917 0.062963
15 0.137231 0.268187 0.216388 0.242679
77 0.174964 0.180653 0.120089 0.040741
62 0.140104 0.300000 0.092708 0.118519
9 0.136724 0.550930 0.222183 0.240147
77 0.151678 0.466580 0.125310 0.040741
81 0.135937 0.577778 0.196875 0.129630
82 0.179688 0.554630 0.086458 0.064815
37 0.211979 0.465741 0.023958 0.031481
7 0.860659 0.539283 0.220058 0.237587
77 0.860659 0.462147 0.146849 0.044924
66 0.859896 0.571296 0.184375 0.109259
81 0.861458 0.568519 0.114583 0.055556
29 0.926042 0.450926 0.016667 0.020370
14 0.623586 0.552645 0.222838 0.241161
77 0.601434 0.472517 0.157701 0.046628
13 0.625000 0.590741 0.195833 0.114815
56 0.678125 0.607407 0.083333 0.040741
12 0.382011 0.826784 0.223335 0.255290
77 0.382011 0.740659 0.150227 0.046871
84 0.379688 0.860185 0.190625 0.146296
28 0.453646 0.735185 0.026042 0.033333
9 0.131951 0.838049 0.218337 0.246317
77 0.131951 0.755257 0.153280 0.046552
41 0.128646 0.870370 0.096875 0.122222
83 0.132812 0.881481 0.063542 0.070370
13 0.378884 0.549531 0.223051 0.245013
77 0.378824 0.464259 0.160813 0.040741
54 0.380208 0.583333 0.189583 0.122222
18 0.861667 0.266312 0.215047 0.240326
77 0.852963 0.183554 0.121613 0.041763
50 0.859375 0.294444 0.183333 0.125926
