77 0.500000 0.126869 0.640000 0.062902
9 0.376005 0.546641 0.218789 0.238712
77 0.400967 0.463582 0.148032 0.040741
39 0.378646 0.570370 0.190625 0.125926
29 0.438021 0.457407 0.017708 0.022222
15 0.138264 0.546324 0.225293 0.255522
77 0.109228 0.452377 0.146388 0.040741
53 0.138021 0.575926 0.096875 0.122222
82 0.138542 0.565741 0.056250 0.042593
31 0.215625 0.456481 0.027083 0.035185
10 0.129883 0.830497 0.221710 0.255440
77 0.164177 0.742896 0.132288 0.044181
76 0.130208 0.866667 0.097917 0.125926
23 0.207813 0.733333 0.019792 0.025926
8 0.132061 0.278033 0.221641 0.255079
77 0.119011 0.192711 0.120049 0.046617
87 0.134375 0.314815 0.191667 0.140741
83 0.104688 0.296296 0.119792 0.062963
7 0.855583 0.270493 0.225697 0.238960
77 0.901093 0.186394 0.113845 0.040741
37 0.855208 0.300000 0.093750 0.118519
19 0.617783 0.270577 0.216083 0.245119
77 0.617783 0.189424 0.132798 0.045609
21 0.615104 0.301852 0.186458 0.133333
31 0.679167 0.178704 0.018750 0.024074
11 0.372827 0.831284 0.218306 0.241942
77 0.365650 0.753350 0.170210 0.046089
64 0.372917 0.862037 0.091667 0.116667
34 0.395313 0.832407 0.013542 0.027778
15 0.615008 0.542911 0.225665 0.246056
77 0.615008 0.459789 0.142573 0.042571
59 0.614583 0.581481 0.197917 0.118519
19 0.858910 0.552726 0.220696 0.238078
77 0.854346 0.473574 0.150560 0.040741
17 0.859375 0.584259 0.195833 0.131481
80 0.820312 0.560185 0.101042 0.053704
76 0.922917 0.473148 0.031250 0.038889
16 0.376226 0.264231 0.214916 0.247955
77 0.408720 0.176795 0.112500 0.045594
26 0.376042 0.288889 0.187500 0.133333
55 0.341146 0.307407 0.092708 0.081481
37 0.449479 0.173148 0.021875 0.027778
