77 0.500000 0.068194 0.520000 0.077129
20 0.617226 0.278426 0.215190 0.253029
77 0.617226 0.189182 0.112500 0.044806
88 0.617708 0.304630 0.185417 0.142593
20 0.371157 0.547934 0.218115 0.241962
77 0.371157 0.466598 0.143407 0.040741
69 0.370833 0.580556 0.181250 0.116667
23 0.325000 0.548148 0.020833 0.025926
37 0.438021 0.461111 0.023958 0.029630
14 0.374580 0.269287 0.220022 0.250432
77 0.374402 0.181182 0.112500 0.044767
35 0.374479 0.308333 0.105208 0.135185
52 0.370833 0.299074 0.064583 0.046296
30 0.442708 0.181481 0.029167 0.037037
9 0.849707 0.260013 0.214598 0.237053
77 0.882771 0.179192 0.127636 0.040741
89 0.852604 0.287037 0.090625 0.114815
76 0.838021 0.317593 0.021875 0.027778
13 0.625981 0.555923 0.226197 0.244775
77 0.627003 0.473372 0.121584 0.044776
41 0.627604 0.590741 0.082292 0.103704
13 0.631771 0.593519 0.030208 0.038889
28 0.693229 0.465741 0.021875 0.027778
18 0.863521 0.556036 0.222189 0.254832
77 0.863521 0.468067 0.140425 0.050307
59 0.863542 0.588889 0.187500 0.129630
51 0.815625 0.604630 0.072917 0.072222
18 0.139926 0.823805 0.217463 0.244082
77 0.139926 0.739775 0.112500 0.046107
85 0.139063 0.857407 0.190625 0.133333
78 0.184375 0.841667 0.072917 0.068519
9 0.371466 0.823803 0.222842 0.248013
77 0.371466 0.740175 0.154326 0.044745
24 0.371354 0.858333 0.088542 0.112963
14 0.132088 0.559069 0.215650 0.253379
77 0.132088 0.469143 0.167338 0.040801
75 0.131250 0.591667 0.189583 0.124074
73 0.169271 0.562037 0.023958 0.031481
32 0.203646 0.469444 0.028125 0.035185
20 0.131326 0.277106 0.219080 0.251115
77 0.131326 0.189635 0.146783 0.047875
19 0.128646 0.310185 0.192708 0.142593
18 0.071354 0.296296 0.055208 0.070370
