77 0.755911 0.068510 0.333262 0.070352
17 0.141654 0.834999 0.226208 0.241060
77 0.153185 0.755720 0.161289 0.048072
8 0.142708 0.866667 0.195833 0.118519
90 0.146354 0.873148 0.126042 0.064815
14 0.863529 0.276622 0.217927 0.254270
77 0.863529 0.186370 0.112500 0.040741
85 0.864583 0.312037 0.185417 0.138889
18 0.615977 0.276911 0.214448 0.248893
77 0.615977 0.193503 0.148628 0.047111
89 0.614583 0.311111 0.097917 0.125926
70 0.626042 0.279630 0.058333 0.044444
19 0.137924 0.271144 0.224795 0.246326
77 0.123846 0.181349 0.139853 0.040741
77 0.137500 0.300000 0.197917 0.014815
31 0.202604 0.178704 0.019792 0.024074
13 0.377447 0.257197 0.225997 0.240965
77 0.377447 0.171987 0.155571 0.040741
19 0.375521 0.291667 0.196875 0.127778
58 0.351042 0.302778 0.120833 0.061111
12 0.858377 0.548629 0.216607 0.249357
77 0.873287 0.462909 0.165954 0.040741
45 0.859896 0.578704 0.096875 0.124074
14 0.857292 0.577778 0.037500 0.048148
9 0.374307 0.550419 0.220383 0.237721
77 0.389450 0.465210 0.112500 0.040741
51 0.373958 0.586111 0.193750 0.127778
7 0.622174 0.543872 0.223330 0.249102
77 0.660823 0.453711 0.125199 0.040741
52 0.624479 0.575926 0.194792 0.140741
18 0.373325 0.832417 0.216980 0.251901
77 0.365339 0.744906 0.145024 0.048486
18 0.373958 0.874074 0.193750 0.129630
12 0.418229 0.888889 0.038542 0.048148
15 0.128460 0.545362 0.214909 0.240270
77 0.142632 0.458647 0.129850 0.040741
22 0.127083 0.570370 0.181250 0.125926
60 0.162500 0.543519 0.097917 0.061111
28 0.198958 0.462963 0.027083 0.033333
