77 0.500000 0.055783 0.380000 0.076145
11 0.621268 0.546088 0.221596 0.244481
77 0.621268 0.464350 0.159654 0.040741
13 0.619792 0.575926 0.193750 0.122222
6 0.617188 0.568519 0.088542 0.059259
32 0.700000 0.460185 0.025000 0.031481
11 0.615513 0.272286 0.215961 0.240933
77 0.589861 0.189246 0.112500 0.043354
30 0.615104 0.299074 0.088542 0.112963
18 0.370638 0.836347 0.214297 0.254399
77 0.353278 0.743272 0.158743 0.040741
66 0.371875 0.866667 0.181250 0.129630
11 0.368809 0.547741 0.216984 0.250717
77 0.368809 0.462414 0.112500 0.040741
35 0.366667 0.575000 0.106250 0.135185
58 0.366667 0.577778 0.070833 0.070370
37 0.446354 0.453704 0.019792 0.025926
18 0.141672 0.537799 0.221902 0.240284
77 0.121813 0.451692 0.155812 0.040741
83 0.142187 0.573148 0.186458 0.131481
65 0.104688 0.563889 0.090625 0.061111
27 0.207813 0.453704 0.023958 0.029630
10 0.133190 0.270711 0.217393 0.254931
77 0.133190 0.179421 0.135486 0.040741
3 0.133333 0.299074 0.135417 0.135185
58 0.119271 0.318519 0.090625 0.077778
14 0.851636 0.546389 0.214436 0.243336
77 0.860571 0.461882 0.150070 0.040741
23 0.853125 0.575926 0.081250 0.103704
8 0.852083 0.564815 0.029167 0.037037
9 0.858963 0.269886 0.223413 0.242051
77 0.901550 0.188683 0.117407 0.040741
55 0.857812 0.298148 0.192708 0.129630
74 0.804688 0.267593 0.023958 0.031481
30 0.934896 0.185185 0.026042 0.033333
10 0.381686 0.277355 0.221721 0.251941
77 0.387329 0.191977 0.151345 0.040741
90 0.380729 0.310185 0.188542 0.124074
17 0.341667 0.327778 0.050000 0.062963
15 0.141265 0.822977 0.224019 0.237509
77 0.141265 0.743617 0.157640 0.040741
0 0.141667 0.850926 0.195833 0.120370
76 0.206250 0.735185 0.016667 0.022222
