77 0.215998 0.066783 0.381995 0.066900
18 0.381700 0.554892 0.222770 0.252710
77 0.381700 0.464607 0.117482 0.040741
69 0.382812 0.591667 0.190625 0.138889
81 0.416146 0.562963 0.113542 0.059259
20 0.862230 0.547323 0.217213 0.254625
77 0.831063 0.456178 0.134045 0.045695
3 0.863542 0.581481 0.127083 0.125926
14 0.136407 0.835736 0.216398 0.248040
77 0.177940 0.749148 0.112500 0.040741
51 0.135937 0.865741 0.192708 0.146296
9 0.367551 0.262693 0.214846 0.243749
77 0.392001 0.180015 0.145113 0.040741
83 0.366146 0.297222 0.182292 0.120370
52 0.325521 0.313889 0.080208 0.072222
19 0.133648 0.262816 0.218322 0.251069
77 0.092654 0.176707 0.115500 0.045063
61 0.134375 0.291667 0.191667 0.135185
55 0.136458 0.296296 0.108333 0.077778
63 0.195312 0.175926 0.028125 0.037037
13 0.865415 0.265999 0.221774 0.247551
77 0.907046 0.181978 0.117679 0.048096
8 0.866146 0.304630 0.194792 0.131481
13 0.616640 0.544203 0.226419 0.251111
77 0.616640 0.456134 0.157373 0.040741
77 0.617708 0.581481 0.185417 0.014815
37 0.690104 0.454630 0.023958 0.031481
16 0.368997 0.842049 0.215109 0.255131
77 0.344217 0.749422 0.144714 0.042775
62 0.366146 0.875000 0.101042 0.127778
15 0.613494 0.275820 0.214368 0.255154
77 0.572977 0.188955 0.112500 0.040741
5 0.614062 0.307407 0.180208 0.140741
21 0.565104 0.330556 0.069792 0.075926
8 0.135541 0.555557 0.217370 0.245792
77 0.135541 0.474415 0.112993 0.045591
42 0.133333 0.583333 0.100000 0.125926
