77 0.500000 0.061992 0.380000 0.074200
16 0.842486 0.662221 0.289608 0.188039
77 0.842486 0.607479 0.132082 0.040741
71 0.842187 0.689815 0.267708 0.075926
15 0.499271 0.834489 0.358310 0.257200
77 0.499271 0.746145 0.238120 0.051367
66 0.497917 0.873148 0.329167 0.142593
62 0.620313 0.741667 0.023958 0.031481
12 0.160538 0.448334 0.285222 0.167997
77 0.146526 0.397965 0.182908 0.040741
24 0.164062 0.479630 0.046875 0.059259
29 0.263542 0.398148 0.022917 0.029630
14 0.165994 0.249410 0.290639 0.183339
77 0.165994 0.195582 0.180465 0.040741
45 0.166146 0.275000 0.051042 0.064815
10 0.837093 0.445744 0.284041 0.179386
77 0.828957 0.390084 0.159707 0.040741
67 0.836979 0.469444 0.261458 0.064815
1 0.901042 0.461111 0.127083 0.025926
28 0.936458 0.387037 0.016667 0.022222
16 0.500000 0.414061 0.359769 0.524419
77 0.500000 0.197709 0.238710 0.062963
50 0.503646 0.462963 0.330208 0.385185
32 0.500000 0.470370 0.050000 0.062963
37 0.622396 0.184259 0.021875 0.027778
8 0.828842 0.875074 0.276322 0.183676
77 0.828842 0.822491 0.171260 0.040741
21 0.830729 0.912963 0.244792 0.062963
16 0.163090 0.649039 0.289635 0.174285
77 0.163090 0.600445 0.134247 0.040741
5 0.166146 0.681481 0.261458 0.059259
13 0.837906 0.244860 0.278093 0.184209
77 0.837906 0.192980 0.209055 0.040741
79 0.838021 0.276852 0.244792 0.068519
37 0.933854 0.190741 0.026042 0.033333
15 0.164164 0.879176 0.288141 0.193139
77 0.161186 0.821791 0.160127 0.040741
28 0.166667 0.916667 0.052083 0.066667
58 0.166146 0.915741 0.023958 0.027778
29 0.269271 0.818519 0.026042 0.033333
