77 0.500000 0.126288 0.640000 0.057879
20 0.840849 0.663371 0.278556 0.175564
77 0.840849 0.611174 0.168748 0.040741
23 0.839063 0.690741 0.048958 0.062963
23 0.928125 0.610185 0.025000 0.031481
11 0.161058 0.869152 0.279658 0.171740
77 0.205908 0.822911 0.161580 0.040741
10 0.159375 0.908333 0.245833 0.050000
13 0.500000 0.432449 0.367669 0.561194
77 0.500000 0.202297 0.227241 0.062963
3 0.501042 0.487037 0.293750 0.292593
23 0.631771 0.188889 0.026042 0.033333
16 0.160485 0.452791 0.285040 0.179510
77 0.092382 0.398045 0.128001 0.040741
74 0.163542 0.488889 0.045833 0.059259
44 0.165104 0.482407 0.019792 0.024074
20 0.159746 0.244537 0.279311 0.175879
77 0.216686 0.192671 0.144597 0.040741
72 0.158854 0.274074 0.040625 0.051852
82 0.157292 0.285185 0.022917 0.025926
18 0.160439 0.659705 0.283920 0.191195
77 0.221343 0.603614 0.141279 0.040741
5 0.158333 0.695370 0.252083 0.068519
12 0.837720 0.448164 0.275836 0.169493
77 0.814823 0.398974 0.182807 0.040741
61 0.840104 0.473148 0.246875 0.053704
27 0.885417 0.465741 0.018750 0.024074
29 0.938542 0.402778 0.027083 0.035185
14 0.837846 0.876987 0.285034 0.192024
77 0.814730 0.814512 0.206391 0.040741
22 0.836979 0.906481 0.263542 0.090741
32 0.929167 0.819444 0.027083 0.035185
15 0.501360 0.845223 0.370389 0.226625
77 0.536995 0.769160 0.278284 0.040741
87 0.501563 0.874074 0.334375 0.107407
31 0.629687 0.767593 0.028125 0.035185
20 0.831185 0.252329 0.272024 0.192772
77 0.835026 0.191110 0.179164 0.040741
9 0.829167 0.279630 0.241667 0.085185
