77 0.200907 0.071491 0.351814 0.076316
18 0.138993 0.830269 0.225786 0.246441
77 0.138993 0.743359 0.112995 0.040741
41 0.141146 0.856481 0.109375 0.138889
37 0.209375 0.741667 0.025000 0.031481
9 0.617164 0.275144 0.217443 0.245941
77 0.628647 0.189304 0.112500 0.040741
55 0.619271 0.305556 0.190625 0.133333
7 0.380304 0.834035 0.220869 0.250108
77 0.380304 0.747052 0.153418 0.040741
80 0.383333 0.869444 0.191667 0.138889
23 0.451042 0.739815 0.018750 0.024074
8 0.854787 0.269588 0.218204 0.248406
77 0.812352 0.183478 0.112500 0.048819
37 0.856250 0.304630 0.104167 0.131481
3 0.850521 0.302778 0.038542 0.038889
13 0.616137 0.556227 0.221332 0.252088
77 0.616137 0.466563 0.128363 0.043757
90 0.616146 0.581481 0.194792 0.137037
27 0.579167 0.536111 0.025000 0.031481
17 0.141485 0.546627 0.224231 0.253223
77 0.154050 0.459535 0.120145 0.043021
60 0.140625 0.579630 0.200000 0.129630
9 0.137500 0.583333 0.043750 0.055556
12 0.384424 0.549669 0.224424 0.253699
77 0.384424 0.461803 0.168485 0.041162
18 0.383854 0.587963 0.196875 0.131481
29 0.466146 0.452778 0.015625 0.020370
8 0.852477 0.539745 0.216005 0.237942
77 0.852477 0.463067 0.112500 0.045296
52 0.853125 0.577778 0.187500 0.111111
89 0.796354 0.598148 0.032292 0.040741
19 0.378234 0.274999 0.221300 0.244690
77 0.345169 0.192665 0.121583 0.040939
36 0.379167 0.309259 0.189583 0.122222
8 0.137450 0.268643 0.218229 0.246359
77 0.137450 0.185893 0.123840 0.042257
66 0.140625 0.306481 0.189583 0.127778
