77 0.500000 0.133783 0.640000 0.061373
19 0.373405 0.557942 0.221375 0.253827
77 0.373405 0.466004 0.112500 0.040741
53 0.372396 0.585185 0.092708 0.118519
38 0.350000 0.573148 0.043750 0.053704
11 0.619337 0.268216 0.217039 0.240617
77 0.620017 0.187269 0.112500 0.044958
72 0.617708 0.299074 0.085417 0.109259
31 0.608333 0.335185 0.020833 0.025926
63 0.681250 0.178704 0.018750 0.024074
14 0.134631 0.261478 0.221818 0.243802
77 0.111357 0.178249 0.154436 0.041046
37 0.134375 0.299074 0.095833 0.120370
16 0.377690 0.839098 0.216636 0.247181
77 0.385697 0.756155 0.114541 0.041896
12 0.378125 0.870370 0.181250 0.137037
22 0.376563 0.876852 0.098958 0.046296
27 0.442708 0.748148 0.020833 0.025926
19 0.610681 0.539466 0.215635 0.237098
77 0.591157 0.456456 0.155753 0.044266
16 0.609375 0.567593 0.187500 0.120370
29 0.680208 0.451852 0.020833 0.025926
20 0.129148 0.547812 0.214135 0.248905
77 0.169510 0.464047 0.112579 0.041908
60 0.128125 0.580556 0.183333 0.135185
37 0.126562 0.578704 0.023958 0.031481
11 0.852309 0.557249 0.219375 0.248583
77 0.852309 0.474634 0.163273 0.044740
46 0.853646 0.588889 0.190625 0.125926
14 0.132231 0.829921 0.223901 0.239176
77 0.148995 0.750661 0.164281 0.040741
3 0.129688 0.863889 0.101042 0.101852
82 0.112500 0.850926 0.045833 0.038889
17 0.860014 0.264012 0.225599 0.242894
77 0.860014 0.181283 0.170650 0.040741
89 0.857812 0.300000 0.090625 0.114815
15 0.844792 0.296296 0.043750 0.055556
20 0.379049 0.265839 0.214746 0.255537
77 0.379049 0.174009 0.165665 0.040741
86 0.378125 0.296296 0.187500 0.151852
28 0.443750 0.175926 0.029167 0.037037
