77 0.500000 0.084328 0.380000 0.066537
8 0.838998 0.874066 0.283448 0.187777
77 0.838998 0.818046 0.198330 0.040741
90 0.841146 0.912963 0.255208 0.070370
28 0.932813 0.811111 0.017708 0.022222
15 0.155645 0.244083 0.273769 0.182108
77 0.149481 0.193156 0.182492 0.040741
73 0.157812 0.278704 0.051042 0.064815
45 0.152604 0.262963 0.019792 0.025926
31 0.254167 0.190741 0.029167 0.037037
15 0.838870 0.655682 0.272196 0.172058
77 0.829394 0.609670 0.202572 0.040741
63 0.839583 0.684259 0.039583 0.050000
8 0.160128 0.665100 0.279478 0.181904
77 0.160128 0.609441 0.203159 0.040741
33 0.159896 0.692593 0.053125 0.066667
10 0.499708 0.860100 0.365497 0.202590
77 0.505244 0.794550 0.201384 0.040741
35 0.497396 0.887963 0.059375 0.075926
54 0.496354 0.880556 0.034375 0.031481
7 0.500000 0.442140 0.366081 0.580576
77 0.494876 0.196532 0.255665 0.062963
78 0.501042 0.508333 0.333333 0.394444
16 0.159045 0.871449 0.282099 0.182272
77 0.135223 0.820072 0.175707 0.040741
10 0.157292 0.906481 0.254167 0.072222
70 0.159375 0.900000 0.152083 0.025926
20 0.160795 0.453442 0.277943 0.190993
77 0.160795 0.394992 0.159968 0.040741
75 0.160417 0.479630 0.250000 0.074074
15 0.095312 0.481481 0.019792 0.025926
8 0.838399 0.229930 0.278594 0.170582
77 0.898941 0.184132 0.136677 0.040741
66 0.834375 0.262037 0.250000 0.064815
19 0.839439 0.443596 0.278065 0.169273
77 0.839439 0.397924 0.203137 0.040741
62 0.839583 0.474074 0.043750 0.055556
