77 0.731416 0.076021 0.364139 0.085375
15 0.371622 0.834421 0.220417 0.242985
77 0.371622 0.753352 0.128716 0.040741
73 0.372917 0.871296 0.089583 0.112963
8 0.368750 0.870370 0.043750 0.055556
17 0.135175 0.836692 0.226116 0.254749
77 0.116260 0.743069 0.167454 0.040741
28 0.135417 0.864815 0.100000 0.125926
20 0.615082 0.557146 0.224104 0.248539
77 0.615082 0.472487 0.174592 0.042564
84 0.614062 0.590741 0.190625 0.137037
17 0.137372 0.545467 0.217889 0.248967
77 0.137372 0.461458 0.148311 0.044276
31 0.138021 0.582407 0.088542 0.112963
78 0.153646 0.589815 0.048958 0.064815
14 0.368218 0.547782 0.214628 0.241685
77 0.368218 0.464015 0.112500 0.040741
76 0.366667 0.581481 0.095833 0.122222
3 0.382292 0.544444 0.029167 0.029630
14 0.137377 0.263667 0.218491 0.254631
77 0.094798 0.171633 0.112500 0.040741
18 0.136979 0.293519 0.188542 0.138889
28 0.214583 0.173148 0.025000 0.031481
9 0.374734 0.273771 0.224736 0.245100
77 0.371396 0.187478 0.169839 0.041039
66 0.378125 0.308333 0.195833 0.124074
27 0.423958 0.347222 0.025000 0.031481
31 0.444271 0.188889 0.026042 0.033333
9 0.615933 0.275109 0.221205 0.249063
77 0.615933 0.187876 0.115232 0.041730
4 0.615625 0.309259 0.187500 0.133333
49 0.567708 0.330556 0.083333 0.061111
14 0.855273 0.549798 0.215132 0.239063
77 0.886633 0.468773 0.131579 0.045518
52 0.855208 0.578704 0.189583 0.120370
72 0.809896 0.606481 0.021875 0.027778
31 0.919792 0.465741 0.025000 0.031481
8 0.864641 0.269290 0.225409 0.246520
77 0.910679 0.182830 0.112500 0.046955
20 0.863542 0.301852 0.197917 0.125926
78 0.913542 0.289815 0.079167 0.064815
