77 0.500000 0.080179 0.380000 0.061476
8 0.859652 0.550300 0.220221 0.239445
77 0.859652 0.469812 0.168062 0.047750
7 0.860417 0.588889 0.195833 0.122222
65 0.901042 0.577778 0.108333 0.070370
10 0.384508 0.822360 0.225372 0.239643
77 0.384508 0.739852 0.130323 0.044517
74 0.382292 0.854630 0.085417 0.109259
9 0.142916 0.829316 0.225273 0.239682
77 0.181038 0.747997 0.122023 0.045762
65 0.143750 0.867593 0.195833 0.116667
10 0.098958 0.854630 0.047917 0.061111
7 0.134963 0.263192 0.221695 0.245136
77 0.134963 0.181922 0.144416 0.048893
44 0.134375 0.300926 0.091667 0.116667
11 0.379814 0.267916 0.219347 0.241930
77 0.400523 0.181701 0.146778 0.040741
0 0.380729 0.304630 0.192708 0.124074
77 0.419792 0.283333 0.093750 0.007407
13 0.859258 0.276864 0.217289 0.252779
77 0.859258 0.189955 0.123992 0.045806
28 0.856250 0.309259 0.102083 0.129630
90 0.873437 0.335185 0.055208 0.048148
31 0.925521 0.187963 0.028125 0.035185
15 0.611215 0.540568 0.217808 0.237629
77 0.569341 0.456080 0.113226 0.040741
23 0.609896 0.565741 0.088542 0.112963
7 0.613033 0.262441 0.218491 0.250841
77 0.651064 0.170635 0.121598 0.040741
4 0.611458 0.285185 0.185417 0.140741
28 0.676562 0.166667 0.017708 0.022222
11 0.374011 0.546784 0.223953 0.250235
77 0.419321 0.457694 0.112500 0.040741
12 0.377083 0.577778 0.193750 0.148148
82 0.404167 0.549074 0.127083 0.053704
19 0.134074 0.553061 0.221251 0.247574
77 0.090116 0.468290 0.112500 0.048127
40 0.134375 0.592593 0.185417 0.125926
34 0.186458 0.628704 0.014583 0.027778
