77 0.222965 0.068449 0.395930 0.070230
9 0.158345 0.666662 0.281091 0.190204
77 0.185795 0.607592 0.205358 0.040741
36 0.160417 0.695370 0.250000 0.079630
31 0.165104 0.705556 0.017708 0.022222
62 0.249479 0.604630 0.023958 0.031481
14 0.838311 0.669102 0.274348 0.187863
77 0.863312 0.615554 0.203513 0.040741
23 0.839583 0.700000 0.045833 0.059259
2 0.841667 0.698148 0.027083 0.037037
27 0.932813 0.610185 0.023958 0.031481
11 0.841515 0.245576 0.271679 0.185232
77 0.897297 0.188875 0.127090 0.040741
42 0.841667 0.278704 0.039583 0.050000
13 0.840625 0.275000 0.018750 0.024074
8 0.163305 0.240151 0.279698 0.182928
77 0.123222 0.182510 0.129416 0.040741
13 0.164583 0.264815 0.252083 0.066667
16 0.500000 0.419485 0.372662 0.535266
77 0.500000 0.201798 0.267021 0.062963
31 0.501042 0.471296 0.295833 0.375926
6 0.457813 0.583333 0.192708 0.140741
7 0.839971 0.860649 0.279464 0.174597
77 0.818475 0.811174 0.215640 0.040741
24 0.841146 0.898148 0.040625 0.051852
3 0.833333 0.893519 0.016667 0.016667
10 0.501962 0.833680 0.376586 0.245903
77 0.501962 0.746639 0.238178 0.040741
83 0.503125 0.866667 0.341667 0.125926
10 0.841080 0.449325 0.283539 0.179924
77 0.901634 0.399596 0.141599 0.040741
86 0.839583 0.477778 0.252083 0.055556
44 0.842187 0.483333 0.017708 0.022222
8 0.166205 0.454542 0.282055 0.179014
77 0.151969 0.403558 0.136721 0.040741
52 0.166667 0.487963 0.254167 0.064815
77 0.106771 0.495370 0.111458 0.009259
14 0.161560 0.867326 0.282659 0.175352
77 0.150656 0.820101 0.136770 0.040741
56 0.161979 0.899074 0.251042 0.057407
51 0.225521 0.895370 0.111458 0.031481
