77 0.252154 0.075380 0.454307 0.084094
8 0.137940 0.872415 0.236660 0.192929
77 0.138307 0.813784 0.132907 0.040741
59 0.135937 0.903704 0.205208 0.081481
10 0.147921 0.242865 0.239640 0.186617
77 0.138558 0.187099 0.140028 0.040741
88 0.147396 0.272222 0.205208 0.062963
9 0.146480 0.438129 0.245409 0.170130
77 0.146480 0.392665 0.152491 0.040741
69 0.147396 0.474074 0.215625 0.044444
44 0.093229 0.481481 0.017708 0.022222
14 0.139772 0.662719 0.241197 0.175913
77 0.139772 0.612174 0.116354 0.040741
5 0.138542 0.691667 0.206250 0.061111
54 0.168750 0.690741 0.127083 0.025926
7 0.497623 0.848357 0.442925 0.221969
77 0.497623 0.772418 0.234915 0.041464
73 0.496875 0.884259 0.083333 0.105556
20 0.850501 0.443929 0.232202 0.174549
77 0.824082 0.395792 0.158529 0.040741
90 0.847396 0.469444 0.203125 0.057407
37 0.885417 0.473148 0.018750 0.024074
15 0.856371 0.656798 0.233580 0.173591
77 0.856371 0.607076 0.112500 0.040741
56 0.858854 0.689815 0.207292 0.046296
61 0.814583 0.687037 0.104167 0.025926
32 0.931250 0.600926 0.018750 0.024074
12 0.857896 0.868874 0.231462 0.174878
77 0.857896 0.815719 0.126617 0.040741
0 0.859375 0.893519 0.197917 0.068519
11 0.859613 0.239073 0.234657 0.170687
77 0.859613 0.188944 0.174842 0.040741
74 0.863021 0.270370 0.048958 0.062963
17 0.859896 0.256481 0.019792 0.024074
9 0.500000 0.432913 0.447680 0.562122
77 0.569699 0.203693 0.287449 0.062963
48 0.503125 0.487963 0.418750 0.387037
