77 0.764041 0.071142 0.309472 0.075617
19 0.376964 0.830116 0.223990 0.241070
77 0.387981 0.745838 0.133819 0.040741
76 0.375000 0.862963 0.102083 0.129630
9 0.389062 0.835185 0.048958 0.062963
11 0.622767 0.261406 0.222959 0.237087
77 0.577955 0.179370 0.112500 0.046770
55 0.620313 0.290741 0.196875 0.122222
18 0.374857 0.271789 0.214768 0.242355
77 0.404836 0.186403 0.133977 0.040741
37 0.375000 0.299074 0.089583 0.112963
50 0.383854 0.312037 0.057292 0.064815
8 0.135415 0.828140 0.221334 0.244081
77 0.108339 0.743705 0.146349 0.040741
50 0.136458 0.863889 0.195833 0.127778
77 0.100000 0.827778 0.104167 0.007407
16 0.619819 0.557728 0.221743 0.255223
77 0.582651 0.468678 0.126574 0.042001
83 0.620833 0.588889 0.191667 0.137037
76 0.616146 0.588889 0.026042 0.033333
18 0.133536 0.267592 0.226193 0.247971
77 0.136512 0.182504 0.160234 0.042508
71 0.132812 0.299074 0.196875 0.127778
44 0.182292 0.257407 0.022917 0.029630
17 0.380207 0.551410 0.217038 0.243247
77 0.380006 0.464052 0.162050 0.040741
27 0.380208 0.575926 0.087500 0.111111
72 0.392708 0.548148 0.020833 0.025926
18 0.850621 0.555560 0.214925 0.249966
77 0.855148 0.470826 0.112500 0.040741
16 0.852083 0.582407 0.183333 0.131481
16 0.133097 0.556775 0.221643 0.245659
77 0.131481 0.468644 0.167270 0.043335
60 0.132812 0.587963 0.192708 0.131481
57 0.174479 0.573148 0.101042 0.083333
31 0.212500 0.466667 0.020833 0.025926
17 0.850653 0.269352 0.214796 0.241404
77 0.809922 0.182603 0.112500 0.040741
66 0.847396 0.295370 0.184375 0.124074
61 0.885417 0.318519 0.095833 0.062963
