77 0.500000 0.130903 0.640000 0.077008
17 0.165720 0.879826 0.286825 0.193340
77 0.165720 0.821038 0.148653 0.040741
43 0.164062 0.909259 0.053125 0.066667
28 0.257812 0.815741 0.021875 0.027778
9 0.499679 0.825716 0.355330 0.274667
77 0.499679 0.728539 0.162827 0.047240
50 0.497917 0.854630 0.327083 0.153704
18 0.497396 0.849074 0.059375 0.075926
14 0.159042 0.449905 0.276526 0.176354
77 0.170166 0.400614 0.132322 0.040741
81 0.159375 0.483333 0.250000 0.055556
34 0.233333 0.477778 0.012500 0.025926
13 0.827635 0.654124 0.277510 0.172190
77 0.866258 0.607163 0.179431 0.040741
24 0.831771 0.687963 0.036458 0.046296
86 0.836458 0.700000 0.025000 0.025926
13 0.839437 0.239100 0.287167 0.186243
77 0.870864 0.183193 0.203480 0.040741
35 0.836979 0.270370 0.046875 0.059259
19 0.835166 0.876040 0.280763 0.191029
77 0.835166 0.816023 0.132319 0.040741
83 0.834896 0.907407 0.246875 0.062963
53 0.908333 0.912037 0.018750 0.024074
10 0.161754 0.650578 0.283297 0.172570
77 0.221645 0.603620 0.142682 0.040741
6 0.161979 0.687037 0.251042 0.044444
14 0.839787 0.455886 0.288710 0.178241
77 0.842152 0.401576 0.182503 0.040741
60 0.841667 0.482407 0.260417 0.068519
4 0.882812 0.487963 0.153125 0.031481
27 0.926042 0.397222 0.018750 0.024074
10 0.164639 0.255454 0.290997 0.192595
77 0.164639 0.195695 0.178868 0.040741
67 0.162500 0.281481 0.262500 0.081481
7 0.500000 0.408708 0.355971 0.513711
77 0.469878 0.200574 0.165262 0.062963
14 0.501563 0.463889 0.328125 0.364815
86 0.498437 0.464815 0.155208 0.133333
