77 0.500000 0.143924 0.640000 0.062573
18 0.373045 0.827302 0.225255 0.251823
77 0.390515 0.740198 0.112500 0.047058
57 0.373958 0.859259 0.202083 0.122222
73 0.421354 0.819444 0.023958 0.031481
7 0.374365 0.552744 0.221789 0.249743
77 0.352433 0.465782 0.133769 0.044416
36 0.376042 0.580556 0.189583 0.138889
14 0.623327 0.539733 0.220715 0.241286
77 0.623327 0.456053 0.160493 0.042903
10 0.620833 0.568519 0.189583 0.137037
64 0.620833 0.566667 0.035417 0.044444
32 0.695312 0.452778 0.021875 0.027778
16 0.131798 0.268318 0.220086 0.237721
77 0.107443 0.189075 0.114300 0.040741
38 0.132812 0.294444 0.192708 0.118519
30 0.196354 0.179630 0.017708 0.022222
12 0.861444 0.550897 0.214554 0.249450
77 0.902055 0.464961 0.112500 0.047728
61 0.863542 0.579630 0.187500 0.133333
31 0.930729 0.459259 0.019792 0.025926
14 0.141898 0.549740 0.221841 0.255171
77 0.141898 0.458617 0.153302 0.043300
39 0.139063 0.582407 0.192708 0.135185
20 0.182292 0.559259 0.014583 0.055556
19 0.608751 0.269493 0.214643 0.239906
77 0.608751 0.188691 0.128803 0.045720
30 0.611458 0.306481 0.089583 0.112963
40 0.628646 0.291667 0.044792 0.068519
28 0.672396 0.187037 0.026042 0.033333
10 0.371026 0.275529 0.221564 0.251989
77 0.371026 0.191329 0.143626 0.048435
55 0.372917 0.312037 0.189583 0.116667
13 0.865567 0.255998 0.222114 0.238035
77 0.834495 0.171547 0.139138 0.040741
40 0.866667 0.285185 0.197917 0.118519
23 0.939063 0.172222 0.023958 0.029630
10 0.132211 0.834476 0.214988 0.246098
77 0.132211 0.748701 0.121569 0.044166
85 0.129167 0.865741 0.185417 0.124074
64 0.082292 0.906481 0.025000 0.031481
