77 0.500000 0.125055 0.640000 0.070498
10 0.620611 0.536849 0.216938 0.237768
77 0.620611 0.451462 0.122151 0.040741
58 0.622396 0.564815 0.186458 0.118519
27 0.670833 0.539815 0.020833 0.027778
20 0.618482 0.269433 0.223402 0.249052
77 0.576116 0.185912 0.112500 0.045335
26 0.619271 0.302778 0.201042 0.116667
8 0.375181 0.551642 0.218090 0.248328
77 0.375181 0.464884 0.117903 0.044398
15 0.372917 0.582407 0.187500 0.146296
47 0.404687 0.543519 0.101042 0.061111
76 0.442708 0.462963 0.022917 0.029630
7 0.381937 0.268927 0.224480 0.238736
77 0.380761 0.184009 0.112500 0.040741
30 0.381250 0.300000 0.079167 0.100000
7 0.130962 0.264116 0.214931 0.245882
77 0.117188 0.182157 0.166549 0.045779
86 0.128125 0.298148 0.187500 0.114815
15 0.128074 0.556352 0.216677 0.245515
77 0.128074 0.473993 0.116254 0.043875
40 0.128646 0.588889 0.184375 0.129630
39 0.153125 0.564815 0.110417 0.059259
23 0.193750 0.472222 0.029167 0.037037
12 0.128347 0.825388 0.216782 0.252032
77 0.148929 0.743459 0.154785 0.048559
0 0.128125 0.861111 0.193750 0.140741
10 0.866444 0.269467 0.226465 0.252680
77 0.866444 0.182692 0.174113 0.048763
42 0.867708 0.300000 0.102083 0.129630
18 0.376519 0.831820 0.217918 0.241841
77 0.376519 0.752990 0.154548 0.046715
62 0.378125 0.868519 0.087500 0.111111
43 0.371875 0.873148 0.022917 0.027778
11 0.853934 0.545362 0.223352 0.239407
77 0.853934 0.462228 0.123837 0.046779
60 0.855208 0.573148 0.195833 0.120370
83 0.884896 0.586111 0.121875 0.046296
23 0.927604 0.460185 0.021875 0.027778
