77 0.500000 0.092956 0.380000 0.081361
18 0.141762 0.551588 0.222766 0.252326
77 0.102401 0.465913 0.123210 0.041023
58 0.143750 0.584259 0.191667 0.146296
27 0.168750 0.546296 0.027083 0.033333
27 0.218229 0.461111 0.023958 0.029630
18 0.859227 0.275505 0.225857 0.254506
77 0.867193 0.185997 0.174236 0.043683
23 0.861979 0.311111 0.098958 0.125926
28 0.862500 0.301852 0.022917 0.029630
19 0.380576 0.544965 0.224057 0.245486
77 0.420133 0.460101 0.124111 0.040741
8 0.380208 0.577778 0.193750 0.137037
41 0.330729 0.542593 0.026042 0.033333
62 0.448437 0.458333 0.028125 0.035185
14 0.380094 0.830807 0.226129 0.237046
77 0.380094 0.751633 0.132676 0.040741
84 0.381250 0.867593 0.191667 0.124074
23 0.345313 0.903704 0.023958 0.029630
20 0.383960 0.264729 0.223200 0.243472
77 0.383960 0.181002 0.112500 0.040741
3 0.387500 0.294444 0.118750 0.118519
55 0.390104 0.301852 0.048958 0.055556
12 0.141619 0.841334 0.224445 0.255005
77 0.164152 0.754250 0.158545 0.049619
2 0.141146 0.873148 0.201042 0.127778
9 0.614668 0.549355 0.215706 0.252546
77 0.614668 0.465363 0.116252 0.049031
64 0.612500 0.586111 0.093750 0.120370
37 0.630208 0.608333 0.020833 0.027778
62 0.676562 0.453704 0.017708 0.022222
13 0.864808 0.546607 0.223666 0.244632
77 0.860741 0.462859 0.167251 0.040741
70 0.865104 0.584259 0.194792 0.124074
28 0.933854 0.455556 0.017708 0.022222
17 0.132016 0.261978 0.218056 0.237475
77 0.116577 0.183675 0.158562 0.047387
12 0.134375 0.295370 0.185417 0.105556
16 0.612689 0.261531 0.218480 0.242128
77 0.612689 0.178393 0.137379 0.041895
33 0.615625 0.299074 0.093750 0.120370
