77 0.500000 0.074712 0.380000 0.065052
8 0.158972 0.242991 0.269951 0.189665
77 0.178213 0.181586 0.156047 0.040741
89 0.158854 0.275000 0.057292 0.072222
15 0.152698 0.445715 0.265321 0.182687
77 0.215784 0.393944 0.118316 0.040741
54 0.153646 0.479630 0.236458 0.059259
11 0.156250 0.487037 0.022917 0.029630
13 0.500000 0.447081 0.385971 0.590458
77 0.440245 0.197519 0.245629 0.062963
90 0.498437 0.512037 0.359375 0.409259
7 0.160485 0.865925 0.265837 0.172093
77 0.160485 0.818676 0.142668 0.040741
19 0.156771 0.892593 0.236458 0.059259
16 0.843148 0.871629 0.261484 0.186486
77 0.817249 0.812023 0.188853 0.040741
6 0.842708 0.903704 0.237500 0.085185
41 0.784896 0.927778 0.019792 0.025926
37 0.921875 0.811111 0.020833 0.025926
17 0.841378 0.443939 0.268180 0.180285
77 0.883325 0.391416 0.163453 0.040741
59 0.840104 0.476852 0.234375 0.068519
14 0.156911 0.665670 0.274843 0.183413
77 0.156911 0.608165 0.197651 0.040741
83 0.156250 0.691667 0.252083 0.068519
28 0.246875 0.609259 0.022917 0.029630
17 0.845918 0.651189 0.276587 0.172061
77 0.845918 0.604080 0.185096 0.040741
31 0.843750 0.679630 0.035417 0.044444
17 0.498811 0.860801 0.383594 0.192106
77 0.498811 0.799787 0.278452 0.040741
32 0.500521 0.888889 0.061458 0.077778
51 0.484896 0.874074 0.023958 0.033333
63 0.622396 0.800000 0.026042 0.033333
11 0.842673 0.241768 0.272242 0.172276
77 0.850368 0.193651 0.186970 0.040741
69 0.840625 0.277778 0.241667 0.051852
72 0.906771 0.287037 0.019792 0.025926
