77 0.229912 0.075772 0.409825 0.084877
14 0.825562 0.442548 0.282388 0.178863
77 0.825562 0.393490 0.199378 0.040741
50 0.822396 0.472222 0.253125 0.066667
12 0.166157 0.661542 0.281278 0.179440
77 0.185271 0.610645 0.145270 0.040741
37 0.166667 0.695370 0.047917 0.061111
80 0.164062 0.683333 0.026042 0.025926
8 0.830105 0.665788 0.281142 0.181010
77 0.830105 0.608898 0.169769 0.040741
30 0.827604 0.694444 0.046875 0.059259
47 0.827083 0.692593 0.025000 0.033333
9 0.500553 0.828621 0.350466 0.239593
77 0.500553 0.745603 0.156011 0.046830
75 0.503125 0.861111 0.318750 0.133333
10 0.500000 0.420116 0.349360 0.536528
77 0.500000 0.203033 0.234596 0.062963
63 0.502604 0.476852 0.296875 0.375926
11 0.160636 0.460076 0.279881 0.190518
77 0.201881 0.401285 0.170239 0.040741
4 0.159896 0.492593 0.257292 0.085185
5 0.219271 0.482407 0.132292 0.031481
20 0.169815 0.865357 0.288511 0.168871
77 0.169815 0.821512 0.160569 0.040741
84 0.170833 0.900000 0.260417 0.059259
16 0.115104 0.896296 0.019792 0.025926
19 0.165328 0.229225 0.279491 0.169404
77 0.158249 0.182332 0.152309 0.040741
64 0.164062 0.260185 0.044792 0.057407
27 0.263542 0.183333 0.029167 0.037037
11 0.828321 0.859796 0.284328 0.174930
77 0.828321 0.811667 0.138957 0.040741
86 0.829688 0.890741 0.251042 0.051852
42 0.874479 0.899074 0.019792 0.024074
23 0.926562 0.807407 0.023958 0.029630
16 0.834163 0.230351 0.290325 0.171581
77 0.811288 0.182951 0.223741 0.040741
8 0.831250 0.266667 0.260417 0.062963
