77 0.500000 0.146749 0.640000 0.074547
9 0.846507 0.649681 0.253166 0.173138
77 0.858531 0.602776 0.186347 0.040741
49 0.850521 0.680556 0.223958 0.057407
9 0.152258 0.454243 0.257493 0.186922
77 0.187091 0.401054 0.162995 0.040741
21 0.154688 0.481481 0.230208 0.070370
11 0.501983 0.859431 0.423541 0.184381
77 0.501983 0.806140 0.197257 0.040741
76 0.504687 0.887963 0.044792 0.057407
33 0.506250 0.889815 0.018750 0.024074
16 0.850451 0.245351 0.254494 0.177953
77 0.874121 0.192535 0.186320 0.040741
11 0.849479 0.274074 0.226042 0.059259
35 0.920833 0.293519 0.018750 0.024074
14 0.852052 0.863312 0.259992 0.181422
77 0.818838 0.808231 0.172729 0.040741
20 0.852604 0.894444 0.226042 0.081481
8 0.851763 0.438086 0.249450 0.169118
77 0.851763 0.392088 0.166984 0.040741
67 0.852604 0.472222 0.219792 0.044444
13 0.147260 0.240454 0.253891 0.183880
77 0.147260 0.189084 0.122784 0.040741
53 0.147396 0.270370 0.055208 0.070370
22 0.142187 0.264815 0.021875 0.033333
17 0.142425 0.876387 0.245690 0.191193
77 0.142425 0.814828 0.112500 0.040741
73 0.146354 0.902778 0.057292 0.072222
12 0.151236 0.659553 0.256674 0.187519
77 0.103655 0.603201 0.140677 0.040741
35 0.152083 0.692593 0.052083 0.066667
64 0.145833 0.691667 0.018750 0.024074
20 0.500000 0.447889 0.419574 0.592074
77 0.461848 0.197628 0.286933 0.062963
45 0.498958 0.503704 0.285417 0.362963
