77 0.500000 0.068558 0.520000 0.077857
12 0.127068 0.269049 0.215091 0.245305
77 0.127068 0.181067 0.112500 0.042341
36 0.128125 0.292593 0.183333 0.137037
29 0.176563 0.251852 0.026042 0.033333
20 0.135511 0.829269 0.219341 0.244793
77 0.135511 0.748471 0.112500 0.046620
39 0.133333 0.866667 0.191667 0.118519
56 0.172917 0.853704 0.100000 0.051852
12 0.374929 0.827486 0.224223 0.250420
77 0.355177 0.736498 0.163886 0.040741
19 0.375000 0.855556 0.191667 0.140741
36 0.406250 0.837963 0.118750 0.083333
19 0.613153 0.261972 0.217315 0.242384
77 0.600323 0.179624 0.142755 0.045820
89 0.612500 0.299074 0.079167 0.101852
44 0.628646 0.270370 0.019792 0.025926
27 0.674479 0.170370 0.017708 0.022222
18 0.856310 0.547937 0.220085 0.237773
77 0.856310 0.467836 0.151493 0.040741
84 0.855208 0.580556 0.193750 0.120370
19 0.131369 0.547422 0.221363 0.252209
77 0.144035 0.463653 0.117062 0.049017
24 0.129688 0.582407 0.090625 0.116667
71 0.114583 0.562963 0.035417 0.062963
15 0.856428 0.263947 0.218804 0.242450
77 0.890428 0.181767 0.129971 0.040741
22 0.858333 0.296296 0.189583 0.137037
14 0.883854 0.278704 0.053125 0.068519
11 0.617605 0.553792 0.226297 0.250927
77 0.617605 0.470046 0.112500 0.042937
45 0.619271 0.590741 0.084375 0.107407
3 0.638021 0.612037 0.028125 0.027778
28 0.689063 0.462963 0.023958 0.029630
20 0.377177 0.547419 0.224357 0.245541
77 0.344258 0.461131 0.137685 0.042195
88 0.376563 0.582407 0.203125 0.120370
55 0.412500 0.590741 0.108333 0.059259
29 0.454688 0.455556 0.019792 0.025926
10 0.369778 0.259889 0.216050 0.239836
77 0.369778 0.178049 0.112500 0.047182
15 0.367708 0.291667 0.185417 0.127778
30 0.447396 0.170370 0.017708 0.022222
