77 0.209193 0.075794 0.368385 0.084921
10 0.501152 0.856105 0.376332 0.203130
77 0.501152 0.790257 0.238696 0.040741
36 0.500000 0.886111 0.343750 0.083333
29 0.560417 0.880556 0.018750 0.024074
17 0.834479 0.862490 0.271969 0.180000
77 0.834479 0.813176 0.139703 0.040741
62 0.831771 0.900926 0.044792 0.057407
68 0.831250 0.912037 0.018750 0.031481
13 0.839936 0.456352 0.279993 0.191035
77 0.849355 0.395489 0.187959 0.040741
52 0.838021 0.492593 0.255208 0.074074
9 0.801042 0.480556 0.025000 0.031481
10 0.155493 0.861041 0.272424 0.180551
77 0.158225 0.809022 0.180778 0.040741
66 0.152604 0.893519 0.242708 0.064815
72 0.190104 0.899074 0.019792 0.024074
11 0.500000 0.437879 0.374027 0.572054
77 0.500000 0.196966 0.284042 0.062963
39 0.502083 0.492593 0.341667 0.407407
20 0.160663 0.654777 0.267947 0.178731
77 0.160663 0.605370 0.147284 0.040741
29 0.161458 0.684259 0.047917 0.061111
1 0.162500 0.675926 0.018750 0.033333
17 0.844914 0.653394 0.277353 0.176699
77 0.844914 0.600019 0.161136 0.040741
82 0.843750 0.684259 0.245833 0.053704
36 0.777083 0.687037 0.106250 0.029630
62 0.939583 0.603704 0.029167 0.037037
11 0.156860 0.458626 0.274716 0.184649
77 0.096228 0.406996 0.132619 0.040741
69 0.155208 0.490741 0.245833 0.074074
8 0.837834 0.237772 0.277199 0.169771
77 0.786529 0.189892 0.153755 0.040741
37 0.836979 0.265741 0.042708 0.053704
32 0.834375 0.284259 0.016667 0.020370
19 0.159556 0.243152 0.282768 0.190272
77 0.159556 0.188521 0.203612 0.040741
79 0.160417 0.272222 0.250000 0.081481
