77 0.500000 0.065241 0.520000 0.071223
19 0.140508 0.838777 0.221568 0.255103
77 0.140508 0.749502 0.118466 0.040741
11 0.139583 0.868519 0.187500 0.140741
16 0.139706 0.262905 0.225782 0.251507
77 0.094833 0.177709 0.115202 0.040741
9 0.139063 0.293519 0.198958 0.146296
20 0.144792 0.289815 0.016667 0.061111
8 0.379526 0.826034 0.221501 0.237800
77 0.379526 0.747647 0.112500 0.044283
58 0.378125 0.852778 0.189583 0.120370
59 0.417708 0.854630 0.089583 0.072222
11 0.857260 0.545618 0.218544 0.244364
77 0.862085 0.458720 0.168353 0.040989
75 0.856250 0.578704 0.191667 0.120370
42 0.831771 0.606481 0.021875 0.027778
7 0.863395 0.272399 0.219937 0.245626
77 0.859870 0.189110 0.149125 0.040741
10 0.864062 0.312037 0.188542 0.127778
14 0.621600 0.550505 0.217213 0.239757
77 0.621600 0.468171 0.123107 0.040741
23 0.620313 0.584259 0.082292 0.105556
17 0.617811 0.263356 0.215115 0.249720
77 0.617811 0.178704 0.130601 0.047951
40 0.615625 0.296296 0.183333 0.118519
29 0.648438 0.266667 0.023958 0.029630
14 0.371810 0.268802 0.221964 0.238713
77 0.371810 0.184249 0.122017 0.040741
79 0.371875 0.294444 0.200000 0.125926
27 0.376042 0.294444 0.022917 0.029630
17 0.379881 0.550613 0.217304 0.254105
77 0.337896 0.459535 0.112500 0.041683
48 0.379688 0.586111 0.188542 0.142593
17 0.334896 0.567593 0.044792 0.057407
19 0.139122 0.546979 0.216989 0.253623
77 0.132997 0.457215 0.128745 0.041287
22 0.139583 0.577778 0.187500 0.144444
