77 0.238740 0.076530 0.427479 0.086393
20 0.500000 0.441473 0.420917 0.579242
77 0.536267 0.199770 0.327551 0.062963
17 0.501042 0.501852 0.397917 0.418519
27 0.654687 0.188889 0.026042 0.033333
11 0.852815 0.658613 0.245654 0.168473
77 0.852815 0.614858 0.183747 0.040741
9 0.854167 0.698148 0.216667 0.048148
16 0.147158 0.244008 0.248573 0.181754
77 0.174655 0.188016 0.148826 0.040741
56 0.145313 0.277778 0.217708 0.066667
37 0.083854 0.270370 0.017708 0.022222
16 0.498529 0.858234 0.417976 0.198114
77 0.418029 0.793107 0.236143 0.040741
0 0.499479 0.886111 0.386458 0.101852
29 0.584896 0.919444 0.019792 0.024074
11 0.849058 0.453812 0.253301 0.188986
77 0.849058 0.395122 0.195001 0.040741
35 0.846875 0.486111 0.054167 0.068519
8 0.144402 0.861061 0.252438 0.173655
77 0.198661 0.812029 0.123086 0.040741
60 0.147917 0.892593 0.225000 0.055556
76 0.230208 0.804630 0.018750 0.024074
16 0.148738 0.457532 0.259676 0.184944
77 0.104719 0.402198 0.150805 0.040741
53 0.148958 0.486111 0.056250 0.072222
16 0.855836 0.251335 0.253351 0.189395
77 0.854786 0.197040 0.192069 0.040741
36 0.856771 0.283333 0.228125 0.066667
19 0.853646 0.285185 0.017708 0.022222
16 0.153115 0.664596 0.252197 0.191608
77 0.172613 0.607082 0.192368 0.040741
50 0.153125 0.699074 0.220833 0.075926
13 0.202083 0.683333 0.020833 0.025926
7 0.847050 0.863282 0.252460 0.181615
77 0.840595 0.808393 0.126335 0.040741
52 0.846354 0.893519 0.228125 0.061111
