77 0.500000 0.056722 0.380000 0.067445
10 0.380280 0.552336 0.225108 0.251505
77 0.380280 0.463526 0.112500 0.042948
51 0.379688 0.580556 0.203125 0.142593
70 0.338021 0.601852 0.115625 0.070370
14 0.615695 0.543910 0.219633 0.248091
77 0.624830 0.459054 0.149945 0.040741
13 0.616667 0.575000 0.195833 0.135185
30 0.670312 0.607407 0.026042 0.033333
27 0.680729 0.452778 0.021875 0.027778
8 0.860967 0.264383 0.217624 0.245448
77 0.860967 0.182731 0.169543 0.049063
0 0.860417 0.306481 0.191667 0.120370
62 0.935417 0.177778 0.027083 0.033333
14 0.130292 0.266547 0.219386 0.242560
77 0.117543 0.181150 0.146068 0.040741
3 0.129688 0.294444 0.119792 0.118519
23 0.197917 0.180556 0.025000 0.031481
9 0.619361 0.272598 0.217127 0.243828
77 0.619361 0.192064 0.112500 0.046439
37 0.619271 0.310185 0.080208 0.101852
90 0.606250 0.304630 0.045833 0.050000
13 0.376496 0.265389 0.214609 0.254681
77 0.376496 0.175854 0.122273 0.047651
46 0.376042 0.299074 0.185417 0.135185
58 0.341146 0.317593 0.098958 0.068519
12 0.135667 0.550942 0.223554 0.253920
77 0.180777 0.459142 0.112500 0.043061
20 0.137500 0.574074 0.191667 0.140741
7 0.108854 0.606481 0.051042 0.064815
10 0.856630 0.553251 0.216498 0.238854
77 0.856630 0.471309 0.112500 0.046503
56 0.856771 0.586111 0.194792 0.135185
90 0.881771 0.594444 0.130208 0.074074
10 0.376128 0.835871 0.218011 0.246556
77 0.376128 0.752665 0.115552 0.047182
58 0.374479 0.868519 0.190625 0.133333
8 0.133702 0.826493 0.214367 0.244656
77 0.124330 0.741238 0.140120 0.040741
63 0.135937 0.858333 0.092708 0.116667
