77 0.500000 0.074702 0.520000 0.090144
14 0.161728 0.231687 0.286889 0.172609
77 0.141310 0.181983 0.173194 0.040741
32 0.162500 0.262037 0.050000 0.064815
18 0.838670 0.446655 0.293681 0.183637
77 0.876265 0.394356 0.195708 0.040741
66 0.836458 0.478704 0.262500 0.061111
73 0.789062 0.485185 0.019792 0.025926
14 0.500786 0.818330 0.347737 0.283486
77 0.568659 0.713802 0.191157 0.043243
26 0.502604 0.847222 0.321875 0.175926
32 0.614583 0.707407 0.016667 0.022222
12 0.827027 0.865093 0.287072 0.190122
77 0.823369 0.803985 0.157108 0.040741
79 0.826562 0.887963 0.251042 0.079630
74 0.869792 0.869444 0.018750 0.024074
31 0.925521 0.806481 0.023958 0.031481
13 0.830566 0.654464 0.295701 0.169896
77 0.830566 0.607916 0.202648 0.040741
3 0.832292 0.687963 0.058333 0.057407
24 0.842187 0.692593 0.019792 0.025926
7 0.832137 0.246282 0.293143 0.177508
77 0.813287 0.197195 0.204780 0.040741
89 0.830729 0.273148 0.044792 0.057407
78 0.832812 0.272222 0.023958 0.025926
37 0.931771 0.194444 0.026042 0.033333
16 0.500000 0.400880 0.346165 0.498057
77 0.504327 0.196475 0.255666 0.062963
77 0.500521 0.444444 0.280208 0.022222
61 0.501042 0.453704 0.150000 0.025926
17 0.173505 0.877967 0.293655 0.191997
77 0.154910 0.819105 0.158718 0.040741
50 0.171875 0.912037 0.262500 0.064815
2 0.120313 0.900000 0.146875 0.025926
63 0.274479 0.819444 0.030208 0.038889
14 0.166195 0.461028 0.282034 0.191259
77 0.204308 0.400764 0.184975 0.040741
52 0.163021 0.486111 0.253125 0.079630
11 0.164262 0.659923 0.287635 0.188888
77 0.158047 0.604491 0.137181 0.040741
36 0.163542 0.692593 0.258333 0.066667
75 0.095312 0.696296 0.101042 0.029630
