77 0.500000 0.060035 0.380000 0.074052
15 0.131761 0.550258 0.214401 0.254072
77 0.131761 0.461037 0.123127 0.040741
58 0.132812 0.579630 0.182292 0.129630
53 0.083333 0.618519 0.029167 0.037037
16 0.625508 0.554053 0.226102 0.248191
77 0.662668 0.468082 0.130949 0.044845
36 0.627083 0.587037 0.200000 0.137037
10 0.370119 0.547376 0.218002 0.237810
77 0.341694 0.471621 0.140318 0.047397
72 0.368229 0.585185 0.076042 0.096296
31 0.447917 0.463889 0.027083 0.035185
18 0.140673 0.272245 0.226542 0.252422
77 0.138209 0.183403 0.147038 0.040741
7 0.140104 0.311111 0.194792 0.133333
8 0.856902 0.262179 0.217760 0.243319
77 0.824244 0.183342 0.131610 0.045524
75 0.857292 0.296296 0.193750 0.125926
8 0.376407 0.834884 0.225670 0.247181
77 0.422575 0.752931 0.112500 0.048760
3 0.377083 0.864815 0.114583 0.114815
13 0.851756 0.556605 0.218355 0.248209
77 0.851756 0.472182 0.112500 0.040879
15 0.854688 0.586111 0.190625 0.131481
9 0.851562 0.585185 0.063542 0.081481
20 0.377096 0.267859 0.221272 0.252668
77 0.385963 0.182236 0.155709 0.040741
88 0.373437 0.298148 0.192708 0.144444
31 0.412500 0.335185 0.029167 0.037037
37 0.442708 0.174074 0.020833 0.025926
18 0.136399 0.833893 0.215531 0.237225
77 0.112998 0.750040 0.117424 0.040741
9 0.135937 0.867593 0.186458 0.120370
58 0.137500 0.865741 0.081250 0.053704
27 0.210938 0.746296 0.017708 0.022222
7 0.619668 0.267517 0.225155 0.251164
77 0.619668 0.181017 0.148411 0.040741
39 0.618750 0.300926 0.195833 0.138889
89 0.558854 0.273148 0.036458 0.046296
