77 0.210475 0.072474 0.370950 0.078282
8 0.373759 0.264158 0.217782 0.238178
77 0.373759 0.183740 0.135443 0.040741
80 0.373958 0.295370 0.185417 0.120370
4 0.331771 0.319444 0.084375 0.057407
15 0.612764 0.551064 0.214712 0.246519
77 0.612764 0.461571 0.121401 0.041328
1 0.614062 0.575000 0.182292 0.131481
3 0.660937 0.549074 0.046875 0.046296
7 0.853666 0.553576 0.214643 0.251425
77 0.853666 0.463539 0.122910 0.041245
83 0.850521 0.588889 0.184375 0.140741
17 0.856533 0.265524 0.215199 0.237127
77 0.856533 0.187835 0.164259 0.047188
74 0.856771 0.304630 0.088542 0.112963
23 0.928646 0.181481 0.023958 0.029630
15 0.373920 0.544017 0.220481 0.248405
77 0.373920 0.456060 0.148575 0.040741
60 0.371875 0.577778 0.187500 0.133333
53 0.319271 0.540741 0.032292 0.040741
12 0.134811 0.267563 0.225966 0.237205
77 0.134811 0.186342 0.155535 0.040741
40 0.134375 0.302778 0.197917 0.120370
9 0.619394 0.272042 0.219406 0.244370
77 0.619394 0.186677 0.136796 0.040741
33 0.617708 0.300926 0.097917 0.124074
63 0.697917 0.179630 0.016667 0.022222
19 0.137232 0.832097 0.219415 0.243031
77 0.179650 0.746720 0.113748 0.040786
28 0.137500 0.859259 0.093750 0.118519
81 0.128125 0.833333 0.045833 0.059259
17 0.137821 0.553640 0.218558 0.254935
77 0.174244 0.461407 0.124877 0.043829
62 0.141146 0.586111 0.094792 0.120370
71 0.125000 0.601852 0.041667 0.062963
19 0.375869 0.835893 0.222237 0.254368
77 0.375869 0.745191 0.130411 0.042013
18 0.373958 0.867593 0.189583 0.142593
27 0.442188 0.741667 0.021875 0.027778
