77 0.500000 0.076159 0.520000 0.093059
19 0.377040 0.834719 0.219648 0.251258
77 0.377040 0.749601 0.140413 0.040741
29 0.378646 0.869444 0.094792 0.120370
67 0.396875 0.842593 0.037500 0.055556
7 0.374832 0.552594 0.214106 0.244601
77 0.409340 0.466222 0.112500 0.040741
17 0.375000 0.580556 0.185417 0.131481
74 0.378125 0.574074 0.027083 0.033333
28 0.448437 0.469444 0.030208 0.038889
8 0.141185 0.546294 0.223984 0.243658
77 0.141185 0.468296 0.141160 0.048294
18 0.140625 0.587037 0.187500 0.114815
41 0.136458 0.579630 0.022917 0.029630
27 0.206250 0.457407 0.022917 0.029630
9 0.866549 0.264816 0.226477 0.249613
77 0.849279 0.181386 0.171102 0.046865
73 0.866667 0.296296 0.089583 0.114815
29 0.938542 0.176852 0.025000 0.031481
9 0.383225 0.265928 0.221796 0.251514
77 0.383225 0.182120 0.142946 0.044873
46 0.380729 0.300926 0.194792 0.124074
70 0.420833 0.321296 0.085417 0.057407
15 0.127768 0.272303 0.216042 0.253380
77 0.119177 0.185910 0.112500 0.046018
52 0.129688 0.306481 0.184375 0.146296
62 0.088542 0.353704 0.029167 0.037037
15 0.856412 0.556501 0.216272 0.251256
77 0.842188 0.464907 0.112500 0.041976
88 0.857292 0.592593 0.181250 0.133333
51 0.893229 0.623148 0.088542 0.064815
14 0.615178 0.266954 0.222283 0.251842
77 0.574877 0.178700 0.120849 0.043169
56 0.614062 0.293519 0.190625 0.138889
62 0.680729 0.174074 0.019792 0.025926
16 0.126784 0.828646 0.215914 0.250336
77 0.168075 0.741049 0.112500 0.041590
87 0.125000 0.864815 0.187500 0.129630
29 0.192188 0.737037 0.019792 0.025926
15 0.611929 0.543554 0.220178 0.250146
77 0.618654 0.457502 0.157260 0.040741
89 0.609375 0.571296 0.091667 0.116667
