77 0.720703 0.075796 0.342702 0.084926
12 0.610662 0.538091 0.214678 0.238976
77 0.580867 0.457978 0.112500 0.040741
19 0.609896 0.573148 0.184375 0.131481
74 0.607812 0.583333 0.023958 0.029630
13 0.377826 0.272371 0.220690 0.240934
77 0.334148 0.194103 0.112500 0.046184
1 0.379167 0.307407 0.189583 0.125926
64 0.378125 0.317593 0.027083 0.035185
18 0.377877 0.842288 0.216118 0.255187
77 0.377877 0.754555 0.143839 0.046244
2 0.380729 0.879630 0.188542 0.129630
27 0.455729 0.752778 0.030208 0.038889
14 0.623161 0.265110 0.221420 0.244159
77 0.623161 0.180079 0.157445 0.046563
89 0.622917 0.300926 0.091667 0.116667
76 0.628646 0.273148 0.021875 0.027778
28 0.702083 0.176852 0.025000 0.031481
16 0.855836 0.546666 0.219577 0.242799
77 0.874051 0.464484 0.162315 0.044515
57 0.857292 0.578704 0.189583 0.127778
7 0.883854 0.600000 0.034375 0.044444
11 0.131984 0.263719 0.218397 0.239142
77 0.131984 0.180412 0.112500 0.046028
58 0.133854 0.302778 0.188542 0.124074
19 0.161979 0.330556 0.044792 0.057407
17 0.136134 0.554170 0.220975 0.244262
77 0.136134 0.470742 0.162922 0.048683
30 0.133333 0.590741 0.081250 0.103704
19 0.377294 0.540352 0.218194 0.240421
77 0.370592 0.462705 0.112500 0.046211
34 0.379688 0.579630 0.051042 0.103704
5 0.380208 0.584259 0.027083 0.046296
29 0.446354 0.450000 0.017708 0.022222
9 0.138763 0.825977 0.222254 0.245833
77 0.138763 0.743536 0.112500 0.040741
84 0.140625 0.862037 0.191667 0.127778
15 0.861320 0.272666 0.218148 0.247795
77 0.877278 0.184394 0.162111 0.042996
46 0.860938 0.307407 0.184375 0.140741
37 0.934375 0.187037 0.029167 0.037037
