77 0.500000 0.074016 0.520000 0.088774
11 0.619883 0.270249 0.216668 0.244341
77 0.619883 0.185695 0.125628 0.044976
52 0.623437 0.303704 0.186458 0.125926
10 0.142354 0.820531 0.222940 0.240802
77 0.142354 0.735193 0.152132 0.040741
53 0.139583 0.857407 0.095833 0.122222
82 0.136979 0.857407 0.042708 0.059259
17 0.139160 0.276634 0.218065 0.252119
77 0.139160 0.188911 0.135677 0.040741
86 0.139583 0.315741 0.187500 0.135185
23 0.211458 0.189815 0.027083 0.035185
7 0.131200 0.556215 0.219171 0.246180
77 0.137825 0.476081 0.136598 0.046445
33 0.128646 0.593519 0.084375 0.109259
19 0.111979 0.604630 0.028125 0.035185
7 0.369093 0.829705 0.215405 0.242029
77 0.369093 0.748254 0.112500 0.040741
34 0.367708 0.866667 0.052083 0.103704
14 0.380824 0.541459 0.222600 0.242414
77 0.380824 0.456165 0.118475 0.042581
2 0.378646 0.578704 0.190625 0.127778
68 0.379167 0.587963 0.089583 0.072222
37 0.458854 0.457407 0.026042 0.033333
20 0.864186 0.255829 0.219018 0.237601
77 0.864186 0.172136 0.112500 0.040741
8 0.864062 0.285185 0.186458 0.114815
78 0.894792 0.269444 0.112500 0.068519
31 0.939063 0.173148 0.028125 0.035185
17 0.855100 0.556100 0.217871 0.244863
77 0.896407 0.470439 0.114423 0.042267
54 0.857812 0.584259 0.186458 0.124074
81 0.820833 0.562963 0.106250 0.062963
28 0.919792 0.465741 0.020833 0.027778
9 0.374741 0.264432 0.221354 0.250032
77 0.418229 0.176513 0.113545 0.040741
81 0.373437 0.300000 0.188542 0.137037
35 0.319271 0.335185 0.040625 0.051852
17 0.612143 0.551728 0.221490 0.252631
77 0.611423 0.463517 0.170734 0.040819
61 0.612500 0.587963 0.197917 0.127778
