77 0.254581 0.068986 0.459161 0.071305
19 0.149706 0.443973 0.253014 0.171066
77 0.199586 0.396319 0.132419 0.040741
75 0.148958 0.477778 0.225000 0.062963
37 0.234896 0.394444 0.026042 0.033333
20 0.497399 0.829771 0.398051 0.234224
77 0.497399 0.746253 0.298474 0.040741
53 0.497917 0.858333 0.091667 0.116667
16 0.513021 0.841667 0.044792 0.057407
11 0.151389 0.248493 0.259503 0.188310
77 0.170191 0.190386 0.154457 0.040741
88 0.154167 0.279630 0.227083 0.059259
9 0.500000 0.421973 0.403252 0.540242
77 0.500000 0.202897 0.271049 0.062963
28 0.499479 0.473148 0.261458 0.331481
62 0.655208 0.187963 0.027083 0.035185
20 0.148922 0.858542 0.261687 0.174489
77 0.148922 0.809374 0.156052 0.040741
50 0.150521 0.887963 0.234375 0.068519
31 0.206250 0.876852 0.018750 0.024074
23 0.231771 0.807407 0.026042 0.033333
17 0.153034 0.671025 0.268213 0.192273
77 0.191952 0.611131 0.141677 0.040741
22 0.152604 0.704630 0.242708 0.068519
59 0.146354 0.696296 0.130208 0.029630
13 0.842904 0.660788 0.257962 0.187088
77 0.795123 0.606501 0.120517 0.040741
45 0.843750 0.692593 0.043750 0.055556
46 0.836458 0.680556 0.018750 0.031481
18 0.852234 0.452858 0.266087 0.174944
77 0.852234 0.401793 0.199035 0.040741
72 0.855729 0.484259 0.057292 0.072222
57 0.863542 0.486111 0.029167 0.027778
17 0.845837 0.247768 0.256864 0.190227
77 0.845837 0.187824 0.116550 0.040741
0 0.846875 0.275000 0.222917 0.083333
87 0.900000 0.282407 0.093750 0.031481
23 0.921875 0.185185 0.020833 0.025926
11 0.842727 0.869096 0.261559 0.172673
77 0.876548 0.822479 0.158355 0.040741
62 0.844792 0.900000 0.043750 0.055556
