77 0.500000 0.069990 0.520000 0.080721
7 0.833004 0.865641 0.286475 0.172168
77 0.866936 0.818002 0.137938 0.040741
17 0.830208 0.893519 0.256250 0.057407
15 0.895833 0.887963 0.018750 0.024074
20 0.832009 0.247804 0.279564 0.192126
77 0.832009 0.189191 0.143620 0.040741
15 0.832292 0.276852 0.247917 0.083333
90 0.827604 0.266667 0.142708 0.029630
14 0.829919 0.455983 0.287443 0.180612
77 0.829919 0.402869 0.161690 0.040741
65 0.830208 0.484259 0.252083 0.072222
16 0.762500 0.492593 0.022917 0.029630
20 0.162548 0.445150 0.281315 0.177450
77 0.159601 0.396920 0.142277 0.040741
42 0.163542 0.482407 0.033333 0.042593
6 0.163542 0.477778 0.016667 0.025926
9 0.159696 0.668063 0.281559 0.192867
77 0.188994 0.606280 0.202130 0.040741
88 0.158854 0.699074 0.257292 0.079630
18 0.115625 0.710185 0.033333 0.042593
31 0.253646 0.607407 0.026042 0.033333
15 0.169975 0.237007 0.285058 0.184316
77 0.169975 0.179802 0.150060 0.040741
38 0.172917 0.272222 0.258333 0.066667
18 0.500000 0.439168 0.349377 0.574632
77 0.562126 0.197622 0.170789 0.062963
13 0.497917 0.494444 0.316667 0.400000
52 0.447396 0.582407 0.198958 0.209259
17 0.500395 0.845022 0.350166 0.197875
77 0.500395 0.781257 0.165474 0.040741
29 0.503125 0.872222 0.058333 0.074074
63 0.616146 0.778704 0.021875 0.027778
16 0.164001 0.866366 0.290254 0.187614
77 0.164001 0.811484 0.215581 0.040741
48 0.162500 0.892593 0.262500 0.074074
15 0.828088 0.664865 0.285539 0.192141
77 0.828088 0.604655 0.174376 0.040741
62 0.828125 0.694444 0.052083 0.066667
