77 0.500000 0.076248 0.520000 0.093238
18 0.163380 0.659646 0.283448 0.169169
77 0.116958 0.611084 0.169772 0.040741
30 0.165625 0.695370 0.039583 0.050000
84 0.169271 0.696296 0.023958 0.025926
14 0.500000 0.446808 0.350362 0.589912
77 0.436525 0.200488 0.202578 0.062963
44 0.501563 0.516667 0.282292 0.359259
40 0.430729 0.464815 0.123958 0.211111
10 0.829207 0.651409 0.282367 0.175625
77 0.806919 0.597953 0.216959 0.040741
13 0.830729 0.685185 0.257292 0.059259
19 0.158657 0.239186 0.280640 0.181760
77 0.139350 0.188988 0.216813 0.040741
73 0.158854 0.273148 0.051042 0.064815
15 0.829868 0.446699 0.286658 0.175493
77 0.829868 0.392947 0.186127 0.040741
82 0.827604 0.477778 0.257292 0.059259
35 0.752604 0.478704 0.019792 0.024074
15 0.497856 0.864630 0.346074 0.196549
77 0.467060 0.806874 0.206212 0.040741
15 0.498437 0.900000 0.311458 0.070370
53 0.394271 0.894444 0.017708 0.022222
11 0.831835 0.867613 0.281760 0.170141
77 0.841734 0.822250 0.212111 0.040741
19 0.831250 0.904630 0.252083 0.046296
12 0.834493 0.237797 0.283859 0.186692
77 0.834493 0.182480 0.194846 0.040741
26 0.832812 0.271296 0.257292 0.068519
29 0.903125 0.276852 0.018750 0.024074
30 0.922917 0.180556 0.027083 0.035185
20 0.163539 0.448013 0.281780 0.176001
77 0.163539 0.399252 0.169069 0.040741
66 0.165625 0.476852 0.252083 0.061111
10 0.163648 0.872542 0.284554 0.189189
77 0.187873 0.815070 0.206745 0.040741
87 0.163542 0.902778 0.256250 0.075926
32 0.267188 0.815741 0.030208 0.038889
