77 0.208352 0.072442 0.366704 0.078216
16 0.834716 0.244281 0.268821 0.175160
77 0.834716 0.193602 0.123940 0.040741
66 0.836458 0.282407 0.237500 0.061111
30 0.898438 0.270370 0.017708 0.022222
9 0.155943 0.652331 0.269338 0.176099
77 0.144155 0.597778 0.142183 0.040741
65 0.153646 0.684259 0.238542 0.064815
54 0.214062 0.690741 0.103125 0.037037
18 0.839079 0.445693 0.278848 0.177126
77 0.839079 0.397534 0.178764 0.040741
54 0.836979 0.480556 0.253125 0.061111
76 0.938021 0.387963 0.015625 0.020370
20 0.161004 0.866089 0.275075 0.189776
77 0.161004 0.809254 0.162112 0.040741
33 0.163542 0.900926 0.054167 0.068519
17 0.157625 0.444270 0.266024 0.173634
77 0.171905 0.396562 0.189885 0.040741
60 0.154688 0.474074 0.234375 0.070370
53 0.095312 0.479630 0.017708 0.022222
10 0.500000 0.403449 0.379963 0.503194
77 0.580247 0.202234 0.198636 0.062963
47 0.503125 0.448148 0.352083 0.351852
1 0.412500 0.397222 0.160417 0.216667
29 0.630208 0.190741 0.029167 0.037037
17 0.498902 0.827173 0.377766 0.281107
77 0.579800 0.721275 0.195136 0.042887
68 0.497917 0.859259 0.347917 0.170370
10 0.844394 0.872921 0.280417 0.180624
77 0.844394 0.818806 0.170652 0.040741
58 0.844271 0.909259 0.255208 0.062963
15 0.151860 0.253176 0.264559 0.189835
77 0.151860 0.196562 0.133941 0.040741
56 0.150521 0.283333 0.234375 0.077778
22 0.148958 0.292593 0.137500 0.025926
20 0.835812 0.669902 0.269021 0.189489
77 0.835812 0.614215 0.157095 0.040741
28 0.835417 0.700926 0.047917 0.061111
27 0.829167 0.719444 0.018750 0.024074
