77 0.500000 0.133548 0.640000 0.058978
15 0.375679 0.545850 0.216238 0.237537
77 0.343671 0.466483 0.112500 0.040741
18 0.375000 0.577778 0.185417 0.107407
10 0.617469 0.269282 0.216014 0.241094
77 0.617000 0.183910 0.113131 0.043755
64 0.618229 0.305556 0.096875 0.122222
84 0.629687 0.309259 0.063542 0.077778
19 0.370744 0.260802 0.216106 0.249337
77 0.370744 0.177925 0.123665 0.043889
32 0.372917 0.300000 0.093750 0.118519
9 0.388542 0.284259 0.033333 0.042593
10 0.137593 0.828767 0.223817 0.245737
77 0.143719 0.747115 0.166648 0.044084
19 0.136458 0.861111 0.189583 0.137037
10 0.854868 0.264571 0.221093 0.238560
77 0.854868 0.185153 0.112500 0.040741
50 0.858333 0.295370 0.191667 0.116667
41 0.858333 0.287037 0.020833 0.025926
76 0.931250 0.183333 0.029167 0.037037
8 0.138780 0.548810 0.226522 0.251329
77 0.182783 0.461945 0.117683 0.041729
68 0.141146 0.576852 0.194792 0.138889
20 0.382174 0.838058 0.222163 0.245572
77 0.382174 0.750396 0.146841 0.040741
74 0.382812 0.875926 0.098958 0.125926
33 0.381250 0.882407 0.027083 0.035185
8 0.622326 0.546271 0.225929 0.248266
77 0.668623 0.462599 0.112500 0.047616
79 0.620313 0.587037 0.192708 0.122222
7 0.865195 0.549527 0.224855 0.239704
77 0.865195 0.465624 0.123222 0.043302
27 0.867188 0.581481 0.084375 0.107407
31 0.867708 0.577778 0.020833 0.025926
9 0.135047 0.258565 0.214713 0.243316
77 0.175737 0.171015 0.112500 0.040741
10 0.135937 0.286111 0.188542 0.142593
