77 0.217788 0.067248 0.385576 0.067830
18 0.372118 0.552816 0.221376 0.242329
77 0.369035 0.472371 0.161852 0.040741
38 0.370833 0.581481 0.191667 0.129630
13 0.373914 0.827559 0.223086 0.244687
77 0.373914 0.747294 0.143195 0.048474
54 0.374479 0.865741 0.196875 0.116667
7 0.853355 0.555778 0.221434 0.251071
77 0.894338 0.465051 0.118634 0.040741
73 0.853125 0.588889 0.104167 0.133333
13 0.134824 0.833711 0.221736 0.239765
77 0.146836 0.749134 0.162691 0.040741
40 0.134375 0.861111 0.195833 0.129630
62 0.089583 0.828704 0.025000 0.031481
8 0.378823 0.266670 0.221585 0.247516
77 0.357437 0.181868 0.112500 0.040741
6 0.379688 0.290741 0.188542 0.133333
77 0.381250 0.285185 0.100000 0.007407
9 0.133054 0.265144 0.221699 0.243573
77 0.177237 0.186209 0.112500 0.047197
57 0.132812 0.296296 0.186458 0.122222
13 0.619786 0.266051 0.218918 0.238987
77 0.576993 0.185990 0.112500 0.044585
67 0.617708 0.298148 0.187500 0.133333
83 0.618229 0.294444 0.076042 0.066667
20 0.131815 0.546088 0.221375 0.253679
77 0.140720 0.459029 0.112500 0.047338
77 0.133854 0.586111 0.165625 0.012963
20 0.613481 0.545500 0.215819 0.243120
77 0.625915 0.461079 0.163523 0.046976
14 0.614062 0.577778 0.186458 0.133333
7 0.859073 0.268091 0.225388 0.248794
77 0.889994 0.180756 0.142712 0.040741
26 0.860417 0.300926 0.200000 0.120370
7 0.819792 0.266667 0.029167 0.037037
