77 0.198567 0.066564 0.347134 0.066460
20 0.157396 0.656406 0.266363 0.173402
77 0.165856 0.610274 0.177039 0.040741
10 0.157812 0.690741 0.242708 0.051852
14 0.102604 0.687963 0.019792 0.024074
23 0.250521 0.600000 0.017708 0.022222
20 0.844107 0.450843 0.272770 0.189406
77 0.807658 0.394688 0.139014 0.040741
68 0.841667 0.488889 0.247917 0.066667
77 0.783333 0.476852 0.112500 0.009259
17 0.842844 0.868232 0.263296 0.174043
77 0.842844 0.815909 0.194702 0.040741
61 0.843750 0.896296 0.233333 0.051852
11 0.161477 0.869037 0.270767 0.190491
77 0.135037 0.812803 0.197053 0.040741
8 0.165104 0.895370 0.242708 0.079630
10 0.500000 0.435481 0.389422 0.567259
77 0.500000 0.198208 0.193178 0.062963
9 0.497917 0.496296 0.358333 0.388889
90 0.408333 0.577778 0.152083 0.200000
17 0.157668 0.462938 0.262018 0.191367
77 0.157668 0.405870 0.202903 0.040741
80 0.156250 0.499074 0.231250 0.068519
56 0.213021 0.511111 0.096875 0.025926
18 0.164950 0.247564 0.275011 0.189372
77 0.164950 0.188559 0.127298 0.040741
2 0.166667 0.278704 0.250000 0.064815
12 0.838987 0.661360 0.269760 0.177894
77 0.796991 0.609593 0.157521 0.040741
33 0.838542 0.700000 0.043750 0.055556
7 0.841918 0.244646 0.270965 0.187948
77 0.841918 0.188820 0.204947 0.040741
53 0.841667 0.284259 0.047917 0.061111
52 0.836979 0.279630 0.030208 0.025926
16 0.502564 0.848381 0.394551 0.221388
77 0.521208 0.774015 0.265470 0.040741
29 0.505208 0.880556 0.083333 0.105556
45 0.486979 0.861111 0.019792 0.025926
