77 0.500000 0.116636 0.640000 0.056155
9 0.134643 0.557719 0.216877 0.252178
77 0.134643 0.468635 0.146259 0.045246
62 0.133333 0.593519 0.106250 0.135185
83 0.144792 0.578704 0.060417 0.079630
8 0.132139 0.261917 0.218475 0.239189
77 0.132139 0.183649 0.154707 0.044251
81 0.134896 0.293519 0.190625 0.116667
14 0.611590 0.270903 0.217112 0.246005
77 0.590292 0.190628 0.119011 0.045305
35 0.613542 0.309259 0.087500 0.111111
24 0.635417 0.321296 0.025000 0.031481
62 0.678125 0.187037 0.027083 0.033333
8 0.377386 0.550186 0.221542 0.245569
77 0.333282 0.466556 0.112500 0.040741
66 0.378646 0.587037 0.190625 0.129630
19 0.861840 0.262234 0.221910 0.238971
77 0.861840 0.182010 0.133979 0.040741
26 0.862500 0.294444 0.200000 0.125926
61 0.896354 0.286111 0.117708 0.057407
12 0.376285 0.278417 0.223172 0.254191
77 0.341514 0.190809 0.132796 0.044063
14 0.376042 0.313889 0.189583 0.142593
51 0.406250 0.336111 0.100000 0.057407
30 0.457292 0.182407 0.018750 0.024074
20 0.619075 0.550219 0.223093 0.247540
77 0.619075 0.463866 0.145176 0.040741
49 0.618229 0.585185 0.188542 0.137037
31 0.691146 0.460185 0.021875 0.027778
15 0.140144 0.830503 0.223912 0.251301
77 0.140144 0.745550 0.112500 0.043946
15 0.137500 0.859259 0.193750 0.133333
9 0.854872 0.555573 0.215664 0.253204
77 0.851773 0.465622 0.167270 0.043212
8 0.852604 0.592593 0.184375 0.129630
0 0.880729 0.605556 0.101042 0.081481
15 0.381403 0.833870 0.219908 0.243853
77 0.381403 0.754094 0.161918 0.044971
45 0.381250 0.868519 0.087500 0.111111
89 0.358854 0.843519 0.030208 0.038889
