77 0.500000 0.128784 0.640000 0.062800
12 0.130759 0.838556 0.219766 0.245842
77 0.173975 0.755299 0.112500 0.041107
54 0.129167 0.876852 0.185417 0.127778
59 0.162500 0.894444 0.110417 0.066667
10 0.375036 0.271561 0.214310 0.252911
77 0.367717 0.184807 0.112500 0.044754
90 0.373958 0.303704 0.191667 0.148148
29 0.427083 0.345370 0.027083 0.035185
17 0.142296 0.262808 0.224012 0.251163
77 0.142296 0.176597 0.155458 0.040741
79 0.143750 0.296296 0.193750 0.125926
14 0.617066 0.271896 0.220369 0.240103
77 0.617066 0.191154 0.112500 0.044385
55 0.617708 0.306481 0.185417 0.109259
14 0.648438 0.315741 0.028125 0.035185
7 0.616753 0.546488 0.214404 0.242415
77 0.643679 0.462121 0.112500 0.043592
33 0.614583 0.578704 0.100000 0.127778
15 0.372599 0.821075 0.219161 0.243795
77 0.348664 0.738810 0.112500 0.040762
30 0.371875 0.855556 0.089583 0.114815
34 0.393229 0.874074 0.019792 0.040741
18 0.136437 0.550303 0.221763 0.241810
77 0.121536 0.467267 0.159722 0.041969
80 0.135417 0.576852 0.193750 0.124074
12 0.374645 0.558248 0.215028 0.248006
77 0.374645 0.477791 0.151044 0.048269
57 0.373437 0.594444 0.184375 0.118519
19 0.861275 0.260550 0.222579 0.247214
77 0.888829 0.176026 0.146637 0.040741
84 0.863542 0.297222 0.193750 0.124074
3 0.806771 0.325926 0.044792 0.044444
31 0.936979 0.173148 0.023958 0.031481
15 0.856753 0.554003 0.225970 0.240474
77 0.868418 0.468076 0.149671 0.040741
19 0.855729 0.583333 0.198958 0.137037
