77 0.500000 0.141152 0.640000 0.062673
12 0.610929 0.553551 0.216461 0.248068
77 0.569365 0.465680 0.112500 0.041364
41 0.609375 0.581481 0.095833 0.122222
5 0.629167 0.565741 0.043750 0.061111
19 0.859886 0.553959 0.216095 0.250302
77 0.886637 0.467730 0.141761 0.040741
50 0.862500 0.589815 0.185417 0.131481
62 0.817187 0.556481 0.023958 0.031481
32 0.936458 0.460185 0.018750 0.024074
17 0.139899 0.823628 0.224687 0.247145
77 0.139899 0.736544 0.168949 0.046462
72 0.141146 0.854630 0.094792 0.120370
19 0.374023 0.540882 0.214220 0.237961
77 0.372424 0.457691 0.112500 0.041834
79 0.373958 0.566667 0.187500 0.129630
68 0.410417 0.581481 0.100000 0.074074
19 0.375432 0.824219 0.226561 0.248825
77 0.405919 0.740949 0.112500 0.046284
37 0.376042 0.858333 0.108333 0.138889
63 0.447917 0.735185 0.022917 0.029630
17 0.612022 0.265670 0.215379 0.240541
77 0.612022 0.180165 0.129020 0.043064
51 0.611979 0.300000 0.186458 0.122222
29 0.684896 0.182407 0.028125 0.035185
17 0.378917 0.259500 0.219175 0.243331
77 0.365486 0.174477 0.166978 0.040741
90 0.377083 0.288889 0.191667 0.140741
16 0.404687 0.324074 0.042708 0.055556
14 0.859853 0.267488 0.220862 0.249058
77 0.828239 0.182337 0.136802 0.040741
30 0.859375 0.304630 0.104167 0.131481
10 0.851042 0.333333 0.043750 0.055556
28 0.925000 0.176852 0.025000 0.031481
18 0.137186 0.550910 0.225713 0.249003
77 0.118746 0.463797 0.168000 0.041900
61 0.139583 0.582407 0.195833 0.146296
59 0.184375 0.598148 0.085417 0.066667
13 0.130227 0.275237 0.220973 0.246134
77 0.130227 0.189095 0.122358 0.040741
12 0.129167 0.307407 0.189583 0.133333
29 0.209896 0.183333 0.017708 0.022222
