77 0.500000 0.052106 0.380000 0.067401
10 0.379777 0.546485 0.217682 0.239517
77 0.379777 0.463244 0.165100 0.040741
32 0.378646 0.575926 0.098958 0.125926
8 0.373611 0.269264 0.220576 0.240157
77 0.356644 0.183889 0.165807 0.040741
41 0.374479 0.296296 0.101042 0.129630
19 0.865709 0.273330 0.223673 0.250489
77 0.899322 0.184822 0.135612 0.040741
35 0.863021 0.304630 0.101042 0.127778
16 0.855693 0.548734 0.224029 0.249939
77 0.879798 0.459104 0.112500 0.040741
51 0.856771 0.579630 0.190625 0.125926
28 0.935937 0.460185 0.028125 0.035185
14 0.378731 0.833607 0.224169 0.241799
77 0.378731 0.748102 0.120586 0.040767
87 0.381771 0.870370 0.192708 0.125926
22 0.422396 0.889815 0.105208 0.072222
10 0.131712 0.837104 0.214899 0.251552
77 0.122272 0.746750 0.160187 0.040741
6 0.132292 0.871296 0.179167 0.131481
9 0.141671 0.547418 0.225885 0.239370
77 0.141671 0.463564 0.149937 0.040741
78 0.139583 0.570370 0.197917 0.125926
56 0.172396 0.573148 0.109375 0.079630
29 0.220312 0.465741 0.030208 0.038889
20 0.609111 0.267898 0.214238 0.247720
77 0.585019 0.180379 0.145220 0.041116
80 0.607812 0.298148 0.188542 0.133333
10 0.134040 0.260697 0.219015 0.241084
77 0.157527 0.178985 0.128503 0.043619
55 0.136979 0.291667 0.192708 0.124074
72 0.172917 0.330556 0.022917 0.027778
18 0.608926 0.548876 0.214629 0.248926
77 0.608926 0.465453 0.128310 0.044765
76 0.606250 0.576852 0.091667 0.116667
