77 0.500000 0.091752 0.380000 0.075027
14 0.833885 0.661002 0.283497 0.183369
77 0.833885 0.602721 0.197879 0.040741
32 0.833333 0.693519 0.056250 0.072222
52 0.833854 0.687963 0.036458 0.031481
31 0.938542 0.604630 0.025000 0.031481
17 0.834354 0.443380 0.287410 0.177702
77 0.770218 0.389279 0.138305 0.040741
19 0.834375 0.472222 0.264583 0.059259
22 0.902083 0.473148 0.112500 0.035185
15 0.162816 0.869544 0.286979 0.173574
77 0.162816 0.817921 0.163439 0.040741
77 0.165625 0.896296 0.243750 0.018519
42 0.222396 0.915741 0.019792 0.024074
19 0.500000 0.440963 0.355608 0.578223
77 0.471908 0.201972 0.264800 0.062963
55 0.500521 0.506481 0.332292 0.401852
20 0.162599 0.462895 0.282587 0.190698
77 0.162599 0.402416 0.182085 0.040741
85 0.164062 0.494444 0.253125 0.077778
32 0.166146 0.490741 0.017708 0.022222
10 0.165916 0.239482 0.284903 0.183931
77 0.191616 0.187969 0.212669 0.040741
7 0.168750 0.265741 0.256250 0.068519
64 0.096875 0.250926 0.018750 0.024074
76 0.255208 0.186111 0.031250 0.038889
7 0.498402 0.847492 0.352412 0.194659
77 0.484954 0.784834 0.177418 0.040741
63 0.502083 0.878704 0.075000 0.094444
11 0.840021 0.240719 0.289003 0.168729
77 0.776446 0.193932 0.141020 0.040741
68 0.838021 0.275000 0.263542 0.053704
11 0.840104 0.273148 0.021875 0.027778
16 0.834879 0.873092 0.289504 0.179123
77 0.874261 0.818224 0.189907 0.040741
82 0.835417 0.903704 0.254167 0.059259
44 0.897396 0.907407 0.019792 0.025926
14 0.166054 0.659042 0.282640 0.176917
77 0.119437 0.606764 0.156206 0.040741
33 0.165625 0.692593 0.041667 0.051852
40 0.170833 0.685185 0.016667 0.025926
