77 0.725496 0.072665 0.330639 0.078663
16 0.136154 0.829042 0.225993 0.238381
77 0.136154 0.745620 0.144797 0.040741
41 0.136979 0.855556 0.092708 0.118519
16 0.379586 0.825607 0.217454 0.246309
77 0.379586 0.739315 0.137266 0.040741
80 0.380208 0.856481 0.183333 0.135185
17 0.352083 0.875926 0.052083 0.066667
8 0.142069 0.273746 0.222747 0.253938
77 0.114277 0.182884 0.146329 0.040741
73 0.143750 0.302778 0.097917 0.124074
7 0.853435 0.538331 0.222167 0.238112
77 0.883868 0.459300 0.140469 0.040741
42 0.853125 0.576852 0.085417 0.109259
19 0.378345 0.261956 0.225043 0.241483
77 0.378345 0.178993 0.159662 0.045324
10 0.376563 0.300926 0.201042 0.124074
13 0.141311 0.553036 0.222973 0.238864
77 0.141311 0.471842 0.130171 0.040741
26 0.140625 0.588889 0.191667 0.122222
60 0.120833 0.567593 0.127083 0.046296
20 0.369141 0.540113 0.217301 0.243381
77 0.369141 0.458803 0.150142 0.040741
88 0.368750 0.568519 0.191667 0.129630
51 0.414062 0.546296 0.088542 0.044444
10 0.617055 0.258861 0.225943 0.243706
77 0.628475 0.172825 0.173219 0.040741
69 0.617188 0.290741 0.192708 0.122222
73 0.591146 0.312037 0.023958 0.031481
20 0.866532 0.276690 0.225938 0.248400
77 0.858479 0.190702 0.140082 0.048416
68 0.866667 0.312963 0.204167 0.118519
62 0.897396 0.349074 0.021875 0.027778
12 0.611444 0.555519 0.217478 0.242722
77 0.611444 0.467779 0.165406 0.040741
32 0.610417 0.581481 0.102083 0.129630
55 0.595313 0.612963 0.048958 0.044444
