77 0.500000 0.074575 0.380000 0.074900
12 0.623064 0.541179 0.226000 0.239478
77 0.613997 0.462929 0.172593 0.043712
49 0.623958 0.575000 0.202083 0.124074
9 0.139163 0.273908 0.221456 0.246294
77 0.157508 0.191489 0.112500 0.047660
60 0.136979 0.302778 0.192708 0.127778
69 0.164062 0.285185 0.128125 0.048148
10 0.620989 0.272920 0.219834 0.248270
77 0.636168 0.189364 0.153184 0.040741
77 0.623437 0.304630 0.169792 0.012963
34 0.659896 0.333333 0.011458 0.022222
11 0.858031 0.271446 0.217874 0.253779
77 0.858031 0.183168 0.112500 0.043674
72 0.859375 0.298148 0.108333 0.137037
27 0.926562 0.182407 0.028125 0.035185
10 0.136138 0.823058 0.215966 0.240517
77 0.097978 0.741607 0.118812 0.041689
9 0.136458 0.859259 0.179167 0.111111
60 0.107292 0.862963 0.095833 0.055556
15 0.384143 0.272029 0.225042 0.249663
77 0.427029 0.190538 0.112500 0.047748
7 0.382292 0.309259 0.197917 0.137037
62 0.340104 0.350000 0.026042 0.033333
27 0.464583 0.182407 0.022917 0.027778
7 0.126985 0.549469 0.216334 0.237829
77 0.160517 0.468265 0.112500 0.042089
73 0.128125 0.583333 0.089583 0.114815
15 0.369630 0.824644 0.218197 0.250445
77 0.369630 0.740400 0.158161 0.049378
5 0.371875 0.858333 0.189583 0.116667
8 0.373618 0.552113 0.225308 0.244166
77 0.403924 0.468387 0.143862 0.048669
75 0.373958 0.587963 0.191667 0.120370
8 0.856267 0.554885 0.223966 0.242543
77 0.846299 0.473089 0.119167 0.040741
53 0.858333 0.584259 0.083333 0.105556
42 0.875000 0.602778 0.020833 0.027778
31 0.928125 0.463889 0.018750 0.024074
