77 0.197749 0.068345 0.345498 0.070023
9 0.136949 0.878383 0.232314 0.192606
77 0.108446 0.816611 0.112500 0.040741
32 0.140104 0.907407 0.069792 0.088889
42 0.121354 0.937037 0.017708 0.022222
15 0.142247 0.445870 0.230240 0.185246
77 0.127328 0.391960 0.168219 0.040741
60 0.144271 0.475926 0.205208 0.077778
7 0.857008 0.244458 0.229485 0.190343
77 0.841921 0.188383 0.178478 0.040741
15 0.858333 0.278704 0.200000 0.079630
62 0.931250 0.185185 0.022917 0.029630
10 0.140258 0.238156 0.233831 0.183932
77 0.140258 0.183069 0.112500 0.040741
24 0.139063 0.274074 0.044792 0.055556
20 0.140104 0.270370 0.007292 0.029630
10 0.853458 0.870937 0.230250 0.173897
77 0.851605 0.821126 0.175732 0.040741
10 0.852083 0.900926 0.206250 0.050000
63 0.809896 0.911111 0.017708 0.022222
29 0.935417 0.822222 0.027083 0.033333
13 0.500000 0.448889 0.455763 0.594074
77 0.500000 0.202262 0.297087 0.062963
81 0.497917 0.517593 0.425000 0.409259
17 0.397917 0.446296 0.183333 0.233333
19 0.501656 0.871298 0.459075 0.186256
77 0.405497 0.811842 0.245924 0.040741
12 0.500521 0.902778 0.432292 0.061111
18 0.859093 0.668123 0.226287 0.188936
77 0.859093 0.614086 0.112500 0.040741
37 0.858854 0.701852 0.053125 0.066667
55 0.868750 0.689815 0.020833 0.027778
19 0.138824 0.658546 0.234803 0.169578
77 0.138824 0.614086 0.165026 0.040741
17 0.141146 0.694444 0.209375 0.044444
11 0.098437 0.689815 0.019792 0.024074
14 0.866375 0.445297 0.241494 0.174928
77 0.812294 0.396818 0.112500 0.040741
59 0.865104 0.475000 0.217708 0.068519
