77 0.500000 0.135188 0.640000 0.055932
16 0.139856 0.823942 0.220371 0.248774
77 0.105919 0.736219 0.131662 0.042261
76 0.139583 0.853704 0.102083 0.129630
38 0.126042 0.850926 0.054167 0.079630
12 0.376714 0.824093 0.217504 0.247107
77 0.379602 0.744009 0.150428 0.046631
64 0.376563 0.862963 0.092708 0.118519
16 0.374290 0.265901 0.218877 0.245318
77 0.374290 0.179541 0.118077 0.040741
80 0.372917 0.300926 0.185417 0.127778
20 0.609206 0.278738 0.215355 0.253098
77 0.609206 0.191641 0.113648 0.040741
39 0.610938 0.311111 0.184375 0.148148
27 0.578646 0.271296 0.028125 0.035185
31 0.681250 0.186111 0.022917 0.027778
10 0.131879 0.260935 0.217422 0.240136
77 0.101838 0.179282 0.136507 0.040741
69 0.130208 0.297222 0.187500 0.131481
10 0.154688 0.297222 0.057292 0.072222
7 0.618344 0.541317 0.219772 0.241993
77 0.618344 0.454351 0.131128 0.040741
61 0.614583 0.575000 0.191667 0.127778
14 0.850523 0.543166 0.215127 0.247357
77 0.836519 0.460760 0.166286 0.047482
12 0.852604 0.577778 0.188542 0.111111
58 0.885938 0.581481 0.111458 0.062963
7 0.853652 0.273132 0.220429 0.243410
77 0.853652 0.187533 0.112500 0.045667
6 0.853646 0.307407 0.192708 0.137037
17 0.375744 0.545833 0.217369 0.247442
77 0.375744 0.463492 0.140386 0.042350
33 0.376563 0.576852 0.088542 0.112963
28 0.392708 0.550000 0.022917 0.029630
62 0.449479 0.453704 0.017708 0.022222
13 0.134412 0.544541 0.218796 0.248823
77 0.165498 0.461363 0.135790 0.045073
68 0.136979 0.579630 0.190625 0.125926
19 0.098437 0.553704 0.040625 0.051852
