77 0.769238 0.074693 0.363605 0.082719
16 0.621857 0.542252 0.218797 0.246312
77 0.621857 0.453155 0.124442 0.040741
5 0.622917 0.571296 0.183333 0.135185
14 0.134638 0.272229 0.223977 0.247541
77 0.134638 0.183231 0.123000 0.040741
44 0.134375 0.296296 0.097917 0.125926
17 0.135159 0.828148 0.215025 0.244977
77 0.136305 0.746995 0.149472 0.043283
16 0.134375 0.868519 0.185417 0.118519
85 0.109896 0.859259 0.121875 0.059259
8 0.374688 0.828889 0.220891 0.239627
77 0.374688 0.744601 0.158394 0.040741
32 0.371875 0.861111 0.093750 0.118519
4 0.378125 0.838889 0.056250 0.062963
32 0.454688 0.743519 0.021875 0.027778
11 0.863045 0.275919 0.217351 0.251931
77 0.852403 0.192892 0.146506 0.048002
83 0.860938 0.315741 0.184375 0.131481
10 0.383216 0.268033 0.222558 0.249483
77 0.391309 0.179894 0.112500 0.040741
70 0.385937 0.300926 0.194792 0.131481
15 0.370099 0.551062 0.215653 0.254503
77 0.370099 0.460830 0.132987 0.046473
55 0.368229 0.587037 0.184375 0.125926
60 0.320833 0.561111 0.070833 0.062963
31 0.442708 0.454630 0.018750 0.024074
13 0.862664 0.546676 0.216849 0.240559
77 0.857244 0.469196 0.144506 0.047542
14 0.863021 0.584259 0.194792 0.124074
34 0.914583 0.609259 0.018750 0.037037
17 0.622635 0.270790 0.219877 0.239947
77 0.654871 0.187453 0.134571 0.040741
23 0.623437 0.304630 0.082292 0.105556
18 0.135039 0.545882 0.221845 0.243246
77 0.135039 0.463119 0.153662 0.040741
3 0.134896 0.580556 0.105208 0.105556
