77 0.500000 0.061335 0.380000 0.069416
15 0.381645 0.828073 0.219101 0.250758
77 0.381645 0.738896 0.164309 0.040741
11 0.380729 0.856481 0.190625 0.138889
46 0.353125 0.863889 0.127083 0.087037
13 0.621450 0.546743 0.225923 0.246890
77 0.621450 0.456778 0.154269 0.040741
39 0.620833 0.582407 0.197917 0.135185
24 0.618750 0.584259 0.031250 0.038889
7 0.612400 0.268248 0.214868 0.251695
77 0.653167 0.176700 0.112500 0.040741
31 0.611979 0.304630 0.103125 0.131481
11 0.862024 0.261104 0.220503 0.247826
77 0.862024 0.177248 0.112500 0.044610
77 0.861979 0.299074 0.173958 0.012963
82 0.867188 0.303704 0.096875 0.025926
16 0.134906 0.550538 0.216388 0.242879
77 0.134906 0.464195 0.112500 0.040741
26 0.133854 0.583333 0.186458 0.137037
18 0.373835 0.544983 0.223334 0.241490
77 0.411753 0.464392 0.126664 0.042358
8 0.370312 0.575926 0.192708 0.125926
9 0.375000 0.566667 0.058333 0.074074
19 0.134156 0.262354 0.219217 0.239013
77 0.110253 0.177687 0.150579 0.040741
2 0.136979 0.291667 0.190625 0.120370
29 0.081250 0.264815 0.022917 0.029630
7 0.858303 0.550242 0.222119 0.243823
77 0.858303 0.465549 0.137176 0.040741
71 0.856250 0.579630 0.189583 0.122222
9 0.900521 0.556481 0.036458 0.046296
76 0.932292 0.465741 0.027083 0.035185
18 0.132863 0.834549 0.216015 0.238793
77 0.160630 0.756634 0.139647 0.044972
88 0.132812 0.872222 0.192708 0.122222
76 0.208333 0.748148 0.020833 0.025926
15 0.380513 0.263022 0.220593 0.240857
77 0.408788 0.180218 0.135868 0.047566
45 0.379688 0.299074 0.088542 0.112963
39 0.384375 0.310185 0.056250 0.050000
28 0.447917 0.176852 0.020833 0.027778
