77 0.205234 0.070060 0.360467 0.073454
20 0.500000 0.402955 0.416045 0.502207
77 0.475552 0.197225 0.220631 0.062963
89 0.499479 0.442593 0.261458 0.333333
63 0.563021 0.568519 0.046875 0.059259
18 0.155100 0.861402 0.254207 0.181414
77 0.206837 0.804563 0.129899 0.040741
57 0.155729 0.889815 0.232292 0.075926
14 0.158104 0.232183 0.262537 0.168786
77 0.158104 0.185045 0.172871 0.040741
28 0.158333 0.262963 0.050000 0.062963
9 0.855859 0.442086 0.262331 0.176340
77 0.855859 0.389413 0.132004 0.040741
68 0.854167 0.476852 0.233333 0.061111
7 0.851562 0.475926 0.023958 0.029630
29 0.942708 0.387037 0.020833 0.025926
11 0.846175 0.252562 0.251512 0.190769
77 0.871632 0.195156 0.179765 0.040741
11 0.847396 0.287037 0.223958 0.081481
7 0.154724 0.659956 0.258554 0.174709
77 0.154724 0.609816 0.142498 0.040741
7 0.153646 0.685185 0.226042 0.059259
62 0.249479 0.602778 0.015625 0.020370
17 0.851938 0.865210 0.249607 0.172398
77 0.851938 0.816640 0.126293 0.040741
79 0.854688 0.900000 0.217708 0.055556
25 0.784896 0.904630 0.019792 0.024074
19 0.497808 0.815830 0.411661 0.276856
77 0.497808 0.721401 0.295444 0.048403
47 0.496354 0.851852 0.378125 0.140741
3 0.597396 0.876852 0.046875 0.046296
30 0.657292 0.710185 0.020833 0.027778
19 0.153950 0.442250 0.257258 0.175134
77 0.176107 0.394832 0.176475 0.040741
75 0.155208 0.476852 0.231250 0.046296
85 0.126042 0.475926 0.145833 0.025926
15 0.851145 0.656020 0.251815 0.178385
77 0.851145 0.601362 0.112500 0.040741
81 0.849479 0.689815 0.223958 0.072222
36 0.903125 0.689815 0.106250 0.031481
