77 0.246475 0.072940 0.442950 0.079214
7 0.150488 0.245708 0.249274 0.176563
77 0.129661 0.193369 0.157288 0.040741
19 0.152083 0.283333 0.225000 0.059259
9 0.848350 0.658047 0.260925 0.173038
77 0.848350 0.607600 0.194284 0.040741
29 0.849479 0.684259 0.038542 0.050000
65 0.853646 0.687037 0.017708 0.025926
23 0.927083 0.609259 0.029167 0.037037
20 0.501113 0.842235 0.413506 0.230404
77 0.501113 0.760444 0.269908 0.040741
50 0.503125 0.868519 0.385417 0.114815
39 0.564063 0.891667 0.246875 0.038889
15 0.145957 0.657515 0.248832 0.190362
77 0.145957 0.595894 0.172949 0.040741
87 0.145833 0.688889 0.220833 0.077778
68 0.186979 0.691667 0.126042 0.042593
14 0.847226 0.447986 0.252357 0.172063
77 0.847226 0.401634 0.143353 0.040741
18 0.846354 0.480556 0.219792 0.068519
49 0.891146 0.478704 0.103125 0.031481
9 0.157878 0.446815 0.261803 0.175564
77 0.157878 0.394743 0.157366 0.040741
22 0.153646 0.473148 0.232292 0.057407
20 0.189583 0.474074 0.008333 0.029630
27 0.253125 0.390741 0.020833 0.025926
16 0.854481 0.245382 0.263629 0.174231
77 0.854481 0.193439 0.196090 0.040741
79 0.852604 0.282407 0.238542 0.057407
42 0.902083 0.276852 0.018750 0.024074
16 0.152807 0.859730 0.262189 0.170445
77 0.124113 0.813152 0.177162 0.040741
27 0.152604 0.889815 0.042708 0.053704
5 0.161458 0.904630 0.020833 0.031481
10 0.500000 0.426740 0.411281 0.549776
77 0.500000 0.203091 0.315187 0.062963
17 0.498958 0.482407 0.387500 0.390741
20 0.847730 0.869699 0.253888 0.192783
77 0.831016 0.810196 0.194518 0.040741
31 0.848958 0.901852 0.056250 0.070370
