77 0.763265 0.077402 0.292043 0.088138
13 0.133916 0.256355 0.218396 0.239252
77 0.133916 0.174584 0.160346 0.040741
24 0.136458 0.288889 0.100000 0.125926
20 0.620857 0.271067 0.224755 0.239250
77 0.610051 0.191969 0.152837 0.041798
20 0.621354 0.307407 0.196875 0.114815
71 0.577604 0.317593 0.094792 0.072222
15 0.853292 0.556428 0.215030 0.248723
77 0.853292 0.470577 0.167589 0.042702
60 0.856250 0.586111 0.185417 0.135185
18 0.863452 0.261216 0.224160 0.237433
77 0.888647 0.179918 0.141480 0.044283
26 0.861979 0.287963 0.188542 0.120370
4 0.818750 0.268519 0.075000 0.044444
31 0.928646 0.177778 0.026042 0.033333
10 0.378532 0.826247 0.222334 0.245139
77 0.378532 0.743058 0.145219 0.045772
59 0.379167 0.855556 0.197917 0.133333
68 0.414583 0.875926 0.112500 0.062963
14 0.609946 0.548344 0.214616 0.252330
77 0.576708 0.455900 0.116734 0.040741
46 0.607812 0.579630 0.182292 0.137037
28 0.673438 0.459259 0.026042 0.033333
14 0.131675 0.545316 0.217592 0.241433
77 0.167176 0.464986 0.125755 0.040741
19 0.133854 0.583333 0.186458 0.114815
7 0.138734 0.831411 0.224865 0.250652
77 0.153975 0.741616 0.156184 0.043441
49 0.141146 0.862037 0.198958 0.131481
47 0.186979 0.844444 0.090625 0.077778
32 0.203125 0.737963 0.018750 0.024074
7 0.373462 0.544577 0.220981 0.244716
77 0.373462 0.458883 0.124222 0.040741
41 0.373437 0.577778 0.090625 0.114815
68 0.368229 0.569444 0.038542 0.038889
32 0.440625 0.454630 0.018750 0.024074
14 0.371844 0.266228 0.222572 0.250777
77 0.371844 0.181533 0.165422 0.040741
35 0.371875 0.299074 0.093750 0.120370
73 0.389062 0.323148 0.021875 0.027778
37 0.440625 0.171296 0.018750 0.024074
