77 0.220078 0.070954 0.390156 0.075242
11 0.863032 0.550914 0.218549 0.251833
77 0.870329 0.464230 0.169775 0.043629
65 0.863542 0.579630 0.191667 0.133333
27 0.859896 0.568519 0.026042 0.033333
15 0.372492 0.835502 0.218184 0.244993
77 0.372492 0.751071 0.150319 0.040741
74 0.370833 0.871296 0.091667 0.116667
63 0.440625 0.750000 0.027083 0.033333
12 0.133855 0.271153 0.218576 0.241362
77 0.110882 0.193425 0.151797 0.047893
4 0.132812 0.307407 0.186458 0.107407
8 0.106250 0.300000 0.043750 0.055556
20 0.134421 0.824575 0.223509 0.248324
77 0.179509 0.741859 0.112500 0.043896
27 0.134375 0.859259 0.104167 0.133333
50 0.106250 0.884259 0.041667 0.061111
27 0.215625 0.734259 0.020833 0.027778
11 0.377339 0.263508 0.218620 0.254682
77 0.377339 0.173026 0.112500 0.043070
24 0.380208 0.298148 0.102083 0.129630
11 0.385937 0.326852 0.044792 0.057407
16 0.136084 0.544785 0.219400 0.240269
77 0.136084 0.464842 0.149105 0.046946
89 0.136979 0.581481 0.084375 0.107407
12 0.614305 0.536692 0.216223 0.237709
77 0.597521 0.453766 0.161822 0.044336
31 0.613542 0.575926 0.093750 0.118519
13 0.622003 0.260362 0.220734 0.240156
77 0.599125 0.176779 0.154146 0.041639
85 0.623958 0.293519 0.191667 0.131481
30 0.691146 0.179630 0.030208 0.037037
12 0.368925 0.557755 0.215001 0.250307
77 0.375753 0.470747 0.157065 0.040741
45 0.369271 0.590741 0.098958 0.125926
90 0.379167 0.570370 0.058333 0.062963
18 0.852346 0.256249 0.214115 0.238290
77 0.825979 0.174983 0.133160 0.045446
8 0.855208 0.287963 0.185417 0.120370
62 0.925521 0.169444 0.019792 0.024074
