77 0.500000 0.077987 0.380000 0.070484
7 0.157152 0.444584 0.272480 0.182424
77 0.122199 0.393082 0.181741 0.040741
44 0.159896 0.474074 0.046875 0.059259
19 0.500000 0.427814 0.386849 0.551925
77 0.500000 0.197039 0.194727 0.062963
27 0.502083 0.476852 0.281250 0.357407
16 0.503125 0.474074 0.133333 0.170370
11 0.841274 0.864267 0.267742 0.189642
77 0.841274 0.805159 0.118687 0.040741
29 0.841146 0.893519 0.057292 0.072222
27 0.843229 0.894444 0.017708 0.022222
18 0.153527 0.862507 0.270516 0.176657
77 0.153527 0.808029 0.122030 0.040741
79 0.155208 0.895370 0.241667 0.057407
75 0.215104 0.903704 0.115625 0.025926
9 0.158506 0.233170 0.265602 0.176835
77 0.158506 0.183668 0.180524 0.040741
83 0.156771 0.268519 0.232292 0.066667
63 0.244792 0.182407 0.025000 0.031481
17 0.846740 0.445302 0.269282 0.167686
77 0.846740 0.398212 0.139622 0.040741
75 0.848437 0.471296 0.236458 0.057407
80 0.908854 0.464815 0.098958 0.025926
30 0.945312 0.393519 0.021875 0.027778
7 0.158159 0.649938 0.260831 0.175526
77 0.158159 0.602577 0.167580 0.040741
89 0.154688 0.683333 0.038542 0.048148
79 0.152083 0.698148 0.018750 0.025926
30 0.247396 0.591667 0.015625 0.020370
13 0.501945 0.840821 0.390739 0.224259
77 0.501945 0.762503 0.232332 0.040741
86 0.501563 0.863889 0.367708 0.116667
63 0.651563 0.762037 0.019792 0.024074
12 0.841680 0.240175 0.272748 0.172523
77 0.841680 0.188219 0.137396 0.040741
70 0.839583 0.273148 0.241667 0.053704
45 0.886979 0.272222 0.017708 0.022222
12 0.837939 0.665246 0.261010 0.189179
77 0.837939 0.606411 0.137870 0.040741
10 0.839583 0.693519 0.227083 0.064815
40 0.886979 0.687037 0.119792 0.029630
76 0.926562 0.601852 0.019792 0.025926
