77 0.701812 0.066554 0.356251 0.066442
8 0.856417 0.546025 0.221991 0.255288
77 0.856417 0.454832 0.124675 0.040741
52 0.857812 0.581481 0.194792 0.133333
65 0.900521 0.608333 0.082292 0.053704
14 0.127992 0.544646 0.215060 0.246958
77 0.159918 0.463524 0.130376 0.044381
57 0.125521 0.577778 0.184375 0.137037
27 0.197396 0.458333 0.028125 0.035185
20 0.617143 0.542984 0.221599 0.242715
77 0.596964 0.456858 0.142767 0.044285
25 0.616667 0.571296 0.097917 0.124074
19 0.858068 0.268351 0.225370 0.238003
77 0.858068 0.184906 0.112500 0.040741
82 0.859896 0.293519 0.198958 0.131481
18 0.373684 0.551556 0.220395 0.251639
77 0.377688 0.469309 0.112500 0.048702
50 0.374479 0.593519 0.190625 0.127778
31 0.411458 0.628704 0.025000 0.031481
12 0.134169 0.271825 0.218437 0.241335
77 0.138896 0.186843 0.117270 0.040741
33 0.136458 0.300926 0.093750 0.120370
10 0.378740 0.827220 0.216204 0.239452
77 0.337305 0.743359 0.112500 0.040741
24 0.377083 0.858333 0.106250 0.135185
62 0.405729 0.883333 0.026042 0.033333
31 0.452604 0.743519 0.023958 0.031481
15 0.381358 0.262839 0.219089 0.246165
77 0.381358 0.176102 0.123486 0.045214
51 0.378646 0.292593 0.188542 0.140741
10 0.129658 0.825485 0.216096 0.251053
77 0.114433 0.736197 0.164812 0.044285
86 0.130208 0.861111 0.179167 0.137037
76 0.131250 0.865741 0.025000 0.031481
11 0.619578 0.274912 0.225842 0.246484
77 0.604774 0.188890 0.175401 0.040741
77 0.617188 0.304630 0.180208 0.012963
