77 0.218734 0.072574 0.387468 0.078482
20 0.859164 0.651497 0.224921 0.173863
77 0.875491 0.605277 0.128536 0.040741
32 0.856771 0.692593 0.040625 0.051852
7 0.863091 0.246844 0.236753 0.176158
77 0.844427 0.195718 0.178592 0.040741
16 0.861979 0.278704 0.203125 0.050000
50 0.903125 0.275926 0.100000 0.025926
10 0.497456 0.823485 0.458472 0.258901
77 0.524497 0.733688 0.256597 0.043091
21 0.496875 0.851852 0.429167 0.137037
30 0.644792 0.728704 0.025000 0.031481
8 0.145187 0.448216 0.236461 0.180154
77 0.174373 0.395673 0.157256 0.040741
58 0.145313 0.478704 0.203125 0.053704
0 0.181250 0.487037 0.106250 0.025926
15 0.860089 0.861397 0.225525 0.170390
77 0.860089 0.813013 0.127875 0.040741
7 0.862500 0.893519 0.197917 0.068519
13 0.500000 0.410702 0.463560 0.517700
77 0.500000 0.196612 0.340656 0.062963
71 0.500521 0.464815 0.432292 0.344444
44 0.504167 0.462037 0.050000 0.064815
19 0.862032 0.448008 0.225679 0.179913
77 0.829716 0.398735 0.140215 0.040741
9 0.864583 0.477778 0.197917 0.059259
31 0.927083 0.397222 0.027083 0.035185
9 0.143155 0.870213 0.230374 0.184376
77 0.119083 0.817691 0.161397 0.040741
74 0.139583 0.903704 0.052083 0.066667
66 0.136979 0.904630 0.032292 0.042593
13 0.140566 0.661039 0.238013 0.176405
77 0.126126 0.608192 0.149136 0.040741
66 0.141667 0.696296 0.210417 0.059259
10 0.139713 0.231981 0.238693 0.171818
77 0.146191 0.179608 0.181037 0.040741
55 0.140104 0.261111 0.207292 0.074074
70 0.105208 0.271296 0.114583 0.042593
