77 0.500000 0.073976 0.520000 0.088692
18 0.836223 0.452874 0.273579 0.177294
77 0.836223 0.398586 0.183250 0.040741
60 0.836979 0.478704 0.242708 0.064815
35 0.898958 0.475000 0.018750 0.024074
29 0.936458 0.395370 0.018750 0.024074
18 0.164009 0.243661 0.284240 0.169671
77 0.164009 0.196468 0.160652 0.040741
12 0.165104 0.279630 0.253125 0.048148
15 0.833960 0.873537 0.276243 0.191481
77 0.809604 0.817263 0.164979 0.040741
58 0.836458 0.909259 0.245833 0.074074
23 0.919271 0.812037 0.021875 0.027778
8 0.835476 0.664258 0.285224 0.185502
77 0.835476 0.607085 0.159736 0.040741
35 0.835938 0.700000 0.053125 0.066667
26 0.827604 0.702778 0.023958 0.027778
12 0.836779 0.248089 0.286167 0.190783
77 0.882796 0.186886 0.173299 0.040741
3 0.836458 0.277778 0.075000 0.074074
20 0.157283 0.656598 0.276855 0.184839
77 0.092594 0.598839 0.126644 0.040741
0 0.157812 0.684259 0.240625 0.068519
20 0.501259 0.857221 0.369372 0.184923
77 0.513556 0.802703 0.222433 0.040741
89 0.500521 0.891667 0.044792 0.057407
4 0.494792 0.885185 0.018750 0.025926
10 0.157998 0.449860 0.276780 0.172797
77 0.203096 0.398654 0.162590 0.040741
59 0.157812 0.476852 0.253125 0.057407
19 0.169555 0.867195 0.283597 0.191277
77 0.183968 0.806355 0.160224 0.040741
5 0.170833 0.900926 0.260417 0.079630
75 0.115625 0.907407 0.129167 0.044444
12 0.500000 0.447022 0.366853 0.590341
77 0.436692 0.200477 0.219404 0.062963
48 0.502604 0.511111 0.338542 0.418519
19 0.506250 0.508333 0.120833 0.153704
