77 0.500000 0.061710 0.380000 0.075593
8 0.852466 0.448283 0.270671 0.179740
77 0.852466 0.392473 0.170792 0.040741
81 0.853125 0.471296 0.247917 0.068519
24 0.922396 0.477778 0.019792 0.025926
62 0.934375 0.391667 0.022917 0.027778
18 0.155239 0.241151 0.259420 0.167616
77 0.155239 0.194226 0.194456 0.040741
48 0.158333 0.272222 0.231250 0.044444
12 0.500000 0.399224 0.396719 0.494743
77 0.476989 0.199004 0.243110 0.062963
12 0.498958 0.456481 0.364583 0.342593
8 0.582292 0.512963 0.133333 0.170370
7 0.152792 0.443679 0.268217 0.167627
77 0.152792 0.398181 0.175954 0.040741
8 0.154167 0.481481 0.237500 0.044444
70 0.157292 0.480556 0.120833 0.027778
15 0.156537 0.872137 0.258986 0.186693
77 0.156537 0.818095 0.185339 0.040741
6 0.158333 0.909259 0.225000 0.074074
69 0.160417 0.920370 0.152083 0.025926
8 0.154717 0.660957 0.262531 0.174597
77 0.216082 0.613401 0.118968 0.040741
35 0.154167 0.692593 0.050000 0.062963
20 0.498177 0.808342 0.393073 0.282820
77 0.492989 0.711276 0.198261 0.053874
40 0.500000 0.844444 0.364583 0.144444
36 0.504687 0.837037 0.215625 0.062963
12 0.849922 0.665407 0.268230 0.189111
77 0.815702 0.606035 0.159804 0.040741
57 0.853125 0.698148 0.239583 0.062963
17 0.838188 0.873180 0.259571 0.188651
77 0.781704 0.812475 0.124407 0.040741
72 0.841146 0.904630 0.059375 0.075926
19 0.848817 0.241926 0.268195 0.171771
77 0.898543 0.194452 0.147908 0.040741
1 0.850521 0.275000 0.244792 0.064815
10 0.897396 0.280556 0.028125 0.035185
63 0.944792 0.193519 0.027083 0.035185
