77 0.719224 0.076133 0.373200 0.085599
20 0.152405 0.444913 0.255169 0.180771
77 0.152405 0.389952 0.178738 0.040741
90 0.152083 0.475000 0.218750 0.061111
17 0.857495 0.454033 0.258590 0.186759
77 0.918196 0.400841 0.116356 0.040741
31 0.857812 0.487963 0.059375 0.075926
53 0.845833 0.497222 0.018750 0.024074
16 0.856669 0.658543 0.254252 0.178523
77 0.856669 0.609755 0.121397 0.040741
19 0.857292 0.697222 0.218750 0.053704
31 0.889583 0.715741 0.018750 0.024074
76 0.939583 0.603704 0.022917 0.029630
7 0.151318 0.857749 0.255165 0.175727
77 0.181609 0.807729 0.173748 0.040741
38 0.152604 0.891667 0.223958 0.064815
15 0.158333 0.887963 0.025000 0.031481
31 0.226562 0.808333 0.030208 0.038889
8 0.146944 0.666711 0.254478 0.182562
77 0.204330 0.612058 0.118873 0.040741
65 0.145833 0.697222 0.229167 0.061111
15 0.097396 0.687963 0.023958 0.031481
13 0.500000 0.431334 0.421378 0.558964
77 0.581998 0.201872 0.210958 0.062963
41 0.503125 0.483333 0.308333 0.392593
61 0.457292 0.415741 0.204167 0.242593
9 0.146714 0.240250 0.244027 0.186565
77 0.182985 0.181660 0.150651 0.040741
17 0.146354 0.269444 0.213542 0.061111
13 0.851947 0.246669 0.256359 0.182641
77 0.868039 0.189976 0.179276 0.040741
81 0.851562 0.279630 0.232292 0.077778
12 0.502518 0.838724 0.426415 0.215017
77 0.502518 0.771629 0.198061 0.042703
0 0.504687 0.871296 0.396875 0.109259
37 0.659896 0.767593 0.028125 0.035185
10 0.855608 0.865712 0.253806 0.181574
77 0.837518 0.813430 0.187975 0.040741
8 0.855208 0.897222 0.231250 0.075926
62 0.929167 0.812037 0.025000 0.031481
