77 0.500000 0.074879 0.520000 0.090499
7 0.146540 0.867739 0.250173 0.175199
77 0.200995 0.817419 0.120430 0.040741
55 0.147396 0.902778 0.219792 0.053704
25 0.090104 0.914815 0.017708 0.022222
76 0.228646 0.818519 0.028125 0.037037
11 0.860585 0.659581 0.249747 0.188926
77 0.860585 0.601900 0.115818 0.040741
83 0.861458 0.697222 0.218750 0.075926
75 0.907292 0.690741 0.108333 0.029630
18 0.857889 0.871210 0.248773 0.181088
77 0.870934 0.819937 0.170301 0.040741
28 0.858333 0.899074 0.045833 0.057407
11 0.860938 0.911111 0.017708 0.022222
8 0.855780 0.245393 0.244908 0.186675
77 0.855780 0.190078 0.164543 0.040741
57 0.852604 0.280556 0.217708 0.064815
41 0.894792 0.276852 0.018750 0.024074
7 0.147498 0.659848 0.247316 0.168628
77 0.193141 0.615244 0.125259 0.040741
29 0.150521 0.695370 0.038542 0.050000
59 0.144271 0.697222 0.021875 0.027778
15 0.145282 0.442472 0.245810 0.167800
77 0.134632 0.397688 0.141617 0.040741
21 0.142708 0.475926 0.218750 0.055556
13 0.500000 0.397857 0.439708 0.492009
77 0.500000 0.196711 0.195403 0.062963
76 0.496354 0.446296 0.238542 0.303704
22 0.525521 0.379630 0.157292 0.140741
7 0.499004 0.821070 0.437716 0.294749
77 0.537176 0.721035 0.300589 0.058767
65 0.499479 0.860185 0.405208 0.157407
10 0.142089 0.245377 0.236601 0.183550
77 0.142089 0.188547 0.181389 0.040741
45 0.141146 0.280556 0.048958 0.061111
84 0.142187 0.287037 0.028125 0.025926
8 0.858221 0.450088 0.250395 0.182789
77 0.858221 0.394221 0.191060 0.040741
56 0.858854 0.481481 0.221875 0.059259
45 0.904167 0.475000 0.018750 0.024074
