77 0.500000 0.079318 0.380000 0.059482
20 0.623515 0.555160 0.225247 0.247449
77 0.669472 0.471444 0.112500 0.042394
49 0.623958 0.593519 0.204167 0.124074
27 0.588542 0.627778 0.022917 0.029630
17 0.133727 0.266441 0.222505 0.251727
77 0.133727 0.179724 0.118013 0.047933
20 0.131250 0.294444 0.191667 0.133333
20 0.368798 0.543300 0.215120 0.243794
77 0.368798 0.457737 0.141234 0.040741
86 0.368750 0.575926 0.191667 0.122222
50 0.393750 0.570370 0.125000 0.074074
18 0.140727 0.542038 0.223245 0.246903
77 0.140727 0.454137 0.124008 0.040741
52 0.143229 0.571296 0.194792 0.142593
80 0.185417 0.603704 0.095833 0.066667
8 0.129201 0.833296 0.214458 0.243551
77 0.129201 0.750935 0.160955 0.047271
28 0.126562 0.863889 0.092708 0.116667
37 0.197396 0.746296 0.026042 0.033333
7 0.614451 0.269383 0.219457 0.253213
77 0.614451 0.179500 0.151902 0.045692
63 0.617708 0.305556 0.102083 0.129630
16 0.594271 0.314815 0.046875 0.059259
11 0.853279 0.267851 0.217657 0.247614
77 0.855828 0.181944 0.165322 0.043574
32 0.852083 0.301852 0.089583 0.114815
18 0.840625 0.284259 0.039583 0.050000
31 0.926562 0.174074 0.017708 0.022222
20 0.858128 0.544410 0.219269 0.244759
77 0.884767 0.462540 0.134816 0.040741
36 0.856771 0.582407 0.192708 0.120370
57 0.895833 0.592593 0.097917 0.070370
12 0.370899 0.264676 0.220826 0.248894
77 0.402058 0.176950 0.114925 0.046387
65 0.369271 0.299074 0.194792 0.127778
11 0.375177 0.833041 0.220929 0.247788
77 0.396018 0.749496 0.158415 0.040741
6 0.375000 0.862963 0.191667 0.133333
33 0.426042 0.835185 0.029167 0.037037
