77 0.500000 0.083460 0.380000 0.076126
14 0.132450 0.826968 0.221612 0.238790
77 0.132450 0.741483 0.155709 0.040741
61 0.133854 0.856481 0.196875 0.112963
10 0.859116 0.543035 0.218359 0.240710
77 0.872725 0.461335 0.170306 0.040741
24 0.856250 0.573148 0.091667 0.116667
13 0.369541 0.546541 0.216147 0.243991
77 0.369541 0.464768 0.159419 0.040741
57 0.366667 0.574074 0.187500 0.125926
7 0.375645 0.830317 0.217952 0.244955
77 0.375645 0.743784 0.153248 0.043625
38 0.376042 0.865741 0.193750 0.124074
29 0.449479 0.738889 0.017708 0.022222
8 0.370733 0.265339 0.218695 0.253893
77 0.370733 0.180953 0.122218 0.050478
6 0.373958 0.300000 0.191667 0.133333
29 0.333854 0.327778 0.023958 0.029630
9 0.620606 0.275084 0.221826 0.252758
77 0.620606 0.189703 0.163942 0.044165
63 0.620313 0.313889 0.101042 0.127778
62 0.684896 0.185185 0.026042 0.033333
7 0.138846 0.556676 0.216339 0.251682
77 0.138846 0.466631 0.162392 0.040741
22 0.141667 0.589815 0.187500 0.142593
31 0.208333 0.465741 0.025000 0.031481
16 0.137470 0.270113 0.220042 0.246776
77 0.137470 0.182949 0.112500 0.046147
51 0.137500 0.300000 0.195833 0.137037
18 0.172396 0.287037 0.048958 0.062963
9 0.622177 0.545617 0.221775 0.249675
77 0.654239 0.463643 0.112500 0.047262
1 0.620313 0.586111 0.194792 0.124074
2 0.663021 0.603704 0.082292 0.074074
15 0.857469 0.273411 0.222503 0.249859
77 0.872104 0.189056 0.172398 0.048905
66 0.860417 0.310185 0.193750 0.116667
43 0.886979 0.326852 0.021875 0.027778
31 0.922396 0.179630 0.017708 0.022222
