77 0.500000 0.073290 0.520000 0.087320
18 0.374506 0.256000 0.214123 0.239249
77 0.340294 0.175487 0.112500 0.041760
27 0.375521 0.285185 0.092708 0.118519
28 0.380729 0.291667 0.021875 0.027778
7 0.374195 0.541396 0.217595 0.242352
77 0.385840 0.458265 0.151363 0.040741
1 0.376042 0.568519 0.193750 0.122222
66 0.423438 0.593519 0.086458 0.053704
32 0.448958 0.450000 0.016667 0.022222
17 0.616976 0.560200 0.221249 0.252467
77 0.645734 0.473454 0.142902 0.040741
81 0.617188 0.591667 0.198958 0.146296
16 0.369927 0.835252 0.214743 0.244648
77 0.367079 0.748055 0.112500 0.040741
65 0.367708 0.866667 0.185417 0.122222
62 0.441146 0.750000 0.026042 0.033333
13 0.613314 0.264633 0.220905 0.241866
77 0.619450 0.185536 0.131661 0.046113
60 0.614062 0.295370 0.192708 0.127778
10 0.136761 0.272548 0.215524 0.240040
77 0.177857 0.190544 0.112500 0.043654
80 0.134896 0.312037 0.190625 0.124074
18 0.133033 0.552292 0.221341 0.246978
77 0.110586 0.469150 0.145583 0.044610
40 0.132812 0.587037 0.186458 0.111111
51 0.135417 0.585185 0.110417 0.048148
27 0.204687 0.464815 0.026042 0.033333
12 0.851474 0.546209 0.214324 0.254189
77 0.851474 0.453952 0.130696 0.040741
70 0.852083 0.576852 0.181250 0.135185
68 0.875521 0.569444 0.115625 0.083333
15 0.858321 0.258568 0.214399 0.241274
77 0.858321 0.179691 0.112500 0.047789
4 0.861458 0.290741 0.187500 0.118519
63 0.925000 0.170370 0.020833 0.025926
13 0.129986 0.820371 0.220012 0.237142
77 0.109421 0.742241 0.158048 0.041084
15 0.131771 0.851852 0.188542 0.107407
