77 0.500000 0.143876 0.640000 0.068244
16 0.142472 0.861173 0.244527 0.179427
77 0.139012 0.809906 0.114962 0.040741
66 0.142187 0.892593 0.217708 0.051852
7 0.861215 0.450020 0.246805 0.183996
77 0.863686 0.394219 0.168206 0.040741
59 0.863542 0.479630 0.218750 0.059259
12 0.854687 0.233189 0.246949 0.176591
77 0.854687 0.180575 0.150539 0.040741
64 0.855208 0.262037 0.047917 0.061111
10 0.500000 0.426749 0.440237 0.549795
77 0.500000 0.199977 0.285407 0.062963
60 0.500000 0.473148 0.414583 0.398148
58 0.401562 0.386111 0.198958 0.205556
12 0.142360 0.241915 0.249035 0.192076
77 0.142360 0.185648 0.130289 0.040741
29 0.142187 0.271296 0.057292 0.072222
14 0.149479 0.283333 0.019792 0.025926
14 0.142017 0.650372 0.242709 0.171741
77 0.169142 0.598983 0.167625 0.040741
40 0.143229 0.677778 0.213542 0.059259
31 0.229167 0.600926 0.027083 0.035185
7 0.850664 0.874461 0.239788 0.192178
77 0.850664 0.813962 0.165175 0.040741
49 0.849479 0.907407 0.207292 0.070370
30 0.928125 0.813889 0.025000 0.031481
15 0.854628 0.659652 0.237381 0.184225
77 0.878756 0.603126 0.168292 0.040741
89 0.855729 0.686111 0.051042 0.064815
3 0.853125 0.698148 0.014583 0.014815
32 0.937500 0.600000 0.020833 0.025926
15 0.141661 0.437441 0.243613 0.168439
77 0.170704 0.387866 0.164694 0.040741
51 0.141146 0.466667 0.211458 0.055556
75 0.175000 0.481481 0.135417 0.025926
19 0.501822 0.841084 0.443882 0.237660
77 0.444967 0.760490 0.309337 0.040741
7 0.501563 0.875926 0.421875 0.118519
25 0.628646 0.856481 0.030208 0.038889
