77 0.500000 0.123146 0.640000 0.057757
18 0.148746 0.442149 0.257066 0.175854
77 0.148746 0.388418 0.199154 0.040741
10 0.150521 0.469444 0.228125 0.072222
16 0.141801 0.246205 0.246359 0.175511
77 0.159517 0.194725 0.189003 0.040741
52 0.141146 0.276852 0.221875 0.053704
27 0.182292 0.273148 0.018750 0.024074
7 0.851505 0.657596 0.252199 0.176036
77 0.879396 0.606226 0.175584 0.040741
87 0.853646 0.691667 0.226042 0.064815
3 0.909375 0.706481 0.022917 0.024074
12 0.145386 0.862576 0.245514 0.183768
77 0.124542 0.805260 0.182992 0.040741
71 0.144271 0.891667 0.217708 0.064815
63 0.141146 0.907407 0.019792 0.025926
7 0.500000 0.424668 0.422290 0.545631
77 0.500000 0.196938 0.232634 0.062963
29 0.500521 0.476852 0.305208 0.387037
62 0.635417 0.187963 0.025000 0.031481
7 0.498832 0.847651 0.419953 0.241229
77 0.566667 0.762224 0.263449 0.040741
46 0.498437 0.879630 0.390625 0.125926
32 0.584375 0.919444 0.025000 0.031481
76 0.658854 0.757407 0.017708 0.022222
15 0.848001 0.243457 0.252408 0.172805
77 0.804152 0.195327 0.143876 0.040741
47 0.847917 0.277778 0.227083 0.051852
20 0.847177 0.453605 0.244759 0.173911
77 0.847177 0.400022 0.129218 0.040741
62 0.846875 0.481481 0.041667 0.051852
87 0.852083 0.485185 0.025000 0.029630
8 0.850066 0.866000 0.244047 0.188427
77 0.807036 0.807866 0.116115 0.040741
4 0.849479 0.904630 0.213542 0.072222
2 0.808854 0.911111 0.123958 0.029630
11 0.144787 0.664593 0.243159 0.179219
77 0.192067 0.611490 0.127765 0.040741
63 0.145833 0.696296 0.050000 0.062963
