77 0.500000 0.126185 0.640000 0.068083
12 0.159553 0.657514 0.279394 0.169797
77 0.186809 0.608688 0.204048 0.040741
77 0.157812 0.693519 0.215625 0.016667
81 0.133854 0.690741 0.142708 0.025926
10 0.158697 0.861202 0.273544 0.178306
77 0.110332 0.806078 0.155981 0.040741
15 0.160417 0.888889 0.247917 0.077778
31 0.255208 0.802778 0.016667 0.020370
7 0.500000 0.408690 0.361977 0.513677
77 0.553167 0.198968 0.234809 0.062963
82 0.500521 0.459259 0.332292 0.355556
50 0.555729 0.403704 0.192708 0.200000
12 0.836079 0.243619 0.277714 0.187538
77 0.868154 0.186851 0.192731 0.040741
57 0.837500 0.277778 0.252083 0.081481
11 0.838902 0.450032 0.278778 0.192306
77 0.838902 0.393351 0.126139 0.040741
7 0.838542 0.483333 0.247917 0.070370
46 0.797396 0.488889 0.144792 0.040741
62 0.928646 0.388889 0.026042 0.033333
17 0.164781 0.442348 0.287219 0.175730
77 0.174910 0.393561 0.152130 0.040741
74 0.166146 0.474074 0.053125 0.066667
78 0.166667 0.471296 0.025000 0.035185
9 0.163751 0.237975 0.275575 0.179019
77 0.163751 0.186312 0.154672 0.040741
90 0.166146 0.272222 0.246875 0.055556
18 0.836184 0.653672 0.288272 0.169099
77 0.795424 0.606653 0.127025 0.040741
22 0.838542 0.685185 0.258333 0.051852
50 0.907292 0.688889 0.112500 0.025926
23 0.935417 0.600926 0.020833 0.027778
11 0.502100 0.821303 0.366177 0.263307
77 0.460773 0.731635 0.218367 0.051951
9 0.498958 0.851852 0.335417 0.137037
44 0.494792 0.853704 0.027083 0.033333
12 0.841307 0.857807 0.281916 0.173364
77 0.872603 0.805821 0.143663 0.040741
30 0.842187 0.892593 0.046875 0.059259
76 0.930208 0.800926 0.016667 0.020370
