77 0.500000 0.124891 0.640000 0.061266
17 0.142843 0.448284 0.248551 0.178918
77 0.142843 0.393407 0.112500 0.040741
61 0.144271 0.476852 0.219792 0.075926
15 0.183333 0.464815 0.020833 0.025926
10 0.845849 0.865991 0.248060 0.185136
77 0.871829 0.813820 0.175266 0.040741
46 0.845313 0.894444 0.221875 0.070370
73 0.782292 0.892593 0.020833 0.025926
18 0.149887 0.648722 0.248522 0.170366
77 0.111122 0.603069 0.146728 0.040741
14 0.148958 0.683333 0.216667 0.059259
18 0.152604 0.693519 0.028125 0.035185
11 0.843969 0.657322 0.254032 0.171190
77 0.843969 0.605979 0.150891 0.040741
80 0.845313 0.685185 0.228125 0.051852
7 0.501867 0.816671 0.418170 0.281870
77 0.453130 0.716795 0.256743 0.054617
37 0.503125 0.850926 0.120833 0.153704
19 0.520312 0.815741 0.042708 0.053704
19 0.150044 0.878436 0.262121 0.192774
77 0.150044 0.821151 0.161820 0.040741
26 0.146875 0.912037 0.235417 0.061111
16 0.844699 0.453403 0.249110 0.171808
77 0.844699 0.406703 0.122340 0.040741
21 0.842708 0.491667 0.220833 0.057407
20 0.847860 0.253055 0.259382 0.192303
77 0.871255 0.193259 0.191759 0.040741
20 0.850521 0.282407 0.230208 0.090741
42 0.844792 0.273148 0.018750 0.024074
8 0.145554 0.231668 0.252340 0.167887
77 0.137391 0.185230 0.158213 0.040741
23 0.144792 0.262963 0.045833 0.059259
29 0.146875 0.285185 0.020833 0.025926
27 0.231250 0.186111 0.027083 0.035185
14 0.500000 0.398581 0.414437 0.493458
77 0.605363 0.196988 0.182877 0.062963
53 0.501042 0.441667 0.239583 0.305556
