77 0.500000 0.076120 0.380000 0.084705
20 0.384601 0.554899 0.224870 0.252786
77 0.371526 0.465398 0.165017 0.040741
31 0.385937 0.586111 0.101042 0.127778
18 0.852239 0.545305 0.214661 0.244036
77 0.852239 0.461830 0.165438 0.048479
51 0.855729 0.585185 0.184375 0.118519
32 0.858333 0.587037 0.022917 0.029630
30 0.929167 0.453704 0.016667 0.022222
9 0.619587 0.268256 0.223689 0.245780
77 0.619587 0.183866 0.157465 0.041267
78 0.617708 0.300926 0.189583 0.131481
20 0.135215 0.263422 0.222499 0.245660
77 0.135215 0.179907 0.140275 0.042656
47 0.135417 0.291667 0.197917 0.127778
27 0.172917 0.321296 0.025000 0.031481
18 0.611127 0.550949 0.216138 0.255299
77 0.611127 0.460284 0.149412 0.045684
53 0.609896 0.581481 0.111458 0.140741
23 0.677604 0.456481 0.021875 0.027778
18 0.860343 0.277977 0.223381 0.254145
77 0.874541 0.185881 0.126812 0.040741
84 0.859896 0.306481 0.192708 0.131481
88 0.901042 0.293519 0.083333 0.061111
23 0.930729 0.187963 0.028125 0.035185
16 0.379153 0.268155 0.225963 0.238237
77 0.379153 0.190571 0.125032 0.045343
75 0.380208 0.300926 0.197917 0.112963
63 0.445312 0.185185 0.026042 0.033333
12 0.134601 0.539085 0.218518 0.242983
77 0.093856 0.456371 0.116196 0.040741
69 0.133333 0.568519 0.193750 0.129630
17 0.380201 0.834389 0.226242 0.245845
77 0.379908 0.750361 0.166391 0.040741
9 0.380729 0.874074 0.201042 0.125926
13 0.135977 0.823736 0.220802 0.242840
77 0.105114 0.738376 0.112500 0.040741
27 0.138542 0.855556 0.093750 0.118519
7 0.155729 0.868519 0.032292 0.040741
