77 0.500000 0.147401 0.640000 0.067088
15 0.864383 0.560992 0.224748 0.255041
77 0.864383 0.474202 0.134136 0.042156
51 0.863542 0.594444 0.195833 0.129630
13 0.130903 0.270627 0.214872 0.244547
77 0.130903 0.190115 0.112500 0.048261
60 0.131250 0.309259 0.179167 0.122222
10 0.624544 0.269138 0.223672 0.248625
77 0.634823 0.181151 0.150158 0.045365
25 0.625000 0.301852 0.095833 0.122222
78 0.639062 0.311111 0.044792 0.055556
16 0.370302 0.548335 0.217115 0.243822
77 0.335711 0.461975 0.127101 0.040741
84 0.372396 0.575000 0.188542 0.124074
16 0.129222 0.834678 0.217805 0.248190
77 0.087577 0.751434 0.113681 0.041094
20 0.128125 0.875000 0.187500 0.131481
63 0.096354 0.842593 0.026042 0.033333
30 0.196354 0.749074 0.028125 0.035185
11 0.373208 0.266440 0.223204 0.255289
77 0.373208 0.175086 0.168735 0.040741
68 0.372917 0.300926 0.189583 0.142593
12 0.369372 0.829829 0.217948 0.243706
77 0.357418 0.747516 0.120492 0.047894
38 0.368229 0.869444 0.192708 0.120370
7 0.138842 0.557331 0.218750 0.254005
77 0.153598 0.469681 0.168405 0.049350
4 0.138542 0.590741 0.193750 0.140741
76 0.110937 0.634259 0.028125 0.035185
18 0.866523 0.267193 0.224364 0.245776
77 0.866523 0.182301 0.172666 0.044098
87 0.867188 0.299074 0.194792 0.138889
29 0.932813 0.175926 0.019792 0.025926
14 0.611591 0.538120 0.219049 0.237343
77 0.611591 0.456502 0.162049 0.040741
35 0.614062 0.571296 0.086458 0.109259
8 0.627083 0.570370 0.035417 0.044444
