77 0.500000 0.070970 0.520000 0.082681
10 0.840107 0.242464 0.267386 0.191797
77 0.861586 0.186553 0.119773 0.040741
19 0.838021 0.271296 0.234375 0.075926
35 0.896354 0.282407 0.019792 0.024074
19 0.497601 0.865220 0.385193 0.187011
77 0.497601 0.810349 0.231664 0.040741
53 0.495833 0.895370 0.045833 0.057407
13 0.500000 0.449607 0.389990 0.595509
77 0.566000 0.198911 0.236505 0.062963
74 0.500000 0.504630 0.333333 0.424074
23 0.644271 0.189815 0.028125 0.035185
18 0.843753 0.445773 0.260051 0.169032
77 0.872703 0.398852 0.152461 0.040741
2 0.846875 0.478704 0.231250 0.057407
9 0.152504 0.870346 0.263784 0.176811
77 0.152504 0.819468 0.167649 0.040741
48 0.152083 0.903704 0.235417 0.066667
27 0.240625 0.812037 0.018750 0.024074
15 0.156973 0.668888 0.270808 0.186251
77 0.156973 0.611071 0.151177 0.040741
35 0.157292 0.696296 0.052083 0.066667
87 0.154688 0.687037 0.026042 0.037037
32 0.248958 0.610185 0.025000 0.031481
19 0.844484 0.874772 0.268300 0.192565
77 0.880429 0.817264 0.141421 0.040741
74 0.846875 0.902778 0.056250 0.072222
28 0.938542 0.811111 0.022917 0.029630
7 0.848068 0.657589 0.273543 0.188641
77 0.848068 0.601760 0.168694 0.040741
65 0.846354 0.687963 0.242708 0.083333
19 0.153906 0.453428 0.268644 0.184018
77 0.131106 0.396178 0.202210 0.040741
43 0.151562 0.485185 0.055208 0.070370
18 0.158092 0.244182 0.261952 0.177215
77 0.143885 0.190754 0.173753 0.040741
57 0.158854 0.272222 0.234375 0.055556
64 0.093750 0.269444 0.018750 0.024074
