77 0.500000 0.144839 0.640000 0.072108
12 0.144029 0.236192 0.233191 0.183024
77 0.147021 0.183675 0.146849 0.040741
3 0.144792 0.270370 0.060417 0.059259
64 0.150521 0.274074 0.017708 0.022222
14 0.500000 0.413470 0.447109 0.523237
77 0.569378 0.200365 0.287519 0.062963
26 0.502083 0.463889 0.420833 0.364815
37 0.624479 0.315741 0.036458 0.046296
30 0.642708 0.182407 0.018750 0.024074
9 0.500272 0.835358 0.447652 0.263482
77 0.552424 0.741700 0.322515 0.040741
0 0.500000 0.870370 0.425000 0.140741
60 0.571875 0.890741 0.258333 0.088889
29 0.657292 0.734259 0.018750 0.024074
12 0.854743 0.660211 0.235344 0.187581
77 0.892771 0.605786 0.129643 0.040741
83 0.856771 0.690741 0.203125 0.077778
81 0.911458 0.704630 0.081250 0.031481
37 0.936458 0.600000 0.022917 0.029630
18 0.142315 0.445061 0.239876 0.176055
77 0.142315 0.392639 0.168684 0.040741
20 0.140625 0.477778 0.210417 0.055556
12 0.141712 0.870857 0.243133 0.187150
77 0.186090 0.811261 0.112500 0.040741
62 0.141667 0.899074 0.052083 0.064815
49 0.136458 0.905556 0.031250 0.037037
8 0.136746 0.663773 0.236944 0.185359
77 0.107868 0.609800 0.158355 0.040741
52 0.135937 0.694444 0.209375 0.066667
15 0.858800 0.447386 0.234366 0.185833
77 0.858800 0.388528 0.112500 0.040741
2 0.857812 0.471296 0.201042 0.075926
14 0.858128 0.868380 0.243012 0.179668
77 0.846882 0.816306 0.184076 0.040741
47 0.860417 0.904630 0.212500 0.061111
18 0.894792 0.896296 0.022917 0.029630
76 0.943229 0.813889 0.023958 0.031481
14 0.859367 0.247209 0.237446 0.185016
77 0.859367 0.190427 0.131133 0.040741
41 0.858333 0.283333 0.050000 0.062963
47 0.853646 0.276852 0.032292 0.031481
