77 0.500000 0.084647 0.380000 0.072518
9 0.617436 0.548294 0.224490 0.243442
77 0.598331 0.467027 0.165445 0.041470
28 0.619271 0.582407 0.092708 0.116667
2 0.622396 0.571296 0.051042 0.053704
31 0.697917 0.464815 0.029167 0.037037
15 0.128586 0.540655 0.219169 0.243897
77 0.120222 0.458597 0.138411 0.040741
56 0.128125 0.575000 0.189583 0.135185
25 0.073958 0.541667 0.027083 0.035185
28 0.204167 0.451852 0.022917 0.029630
12 0.379118 0.826590 0.217248 0.239111
77 0.379118 0.746804 0.119682 0.040741
16 0.382292 0.858333 0.185417 0.112963
12 0.135780 0.818368 0.222983 0.238266
77 0.172193 0.740363 0.116154 0.047267
60 0.132292 0.854630 0.191667 0.101852
52 0.176563 0.844444 0.080208 0.055556
18 0.127788 0.275418 0.217843 0.246612
77 0.127788 0.193846 0.141999 0.046645
48 0.129167 0.305556 0.187500 0.129630
27 0.176042 0.328704 0.025000 0.031481
14 0.854531 0.263333 0.224033 0.253917
77 0.854531 0.173497 0.145605 0.043141
88 0.853646 0.292593 0.188542 0.133333
68 0.882292 0.307407 0.114583 0.059259
7 0.611694 0.265721 0.218520 0.246746
77 0.636470 0.185098 0.118763 0.047887
53 0.613021 0.296296 0.086458 0.111111
75 0.600000 0.300000 0.033333 0.051852
17 0.373124 0.264485 0.218422 0.255434
77 0.373124 0.174489 0.112500 0.044664
8 0.371875 0.297222 0.187500 0.131481
13 0.336458 0.267593 0.039583 0.050000
63 0.437500 0.167593 0.018750 0.024074
13 0.861089 0.559304 0.220576 0.254534
77 0.817468 0.470968 0.112500 0.040741
5 0.861458 0.596296 0.191667 0.129630
89 0.858333 0.596296 0.027083 0.033333
13 0.374041 0.547614 0.217018 0.242697
77 0.374041 0.462250 0.156965 0.040741
68 0.376042 0.581481 0.189583 0.125926
