77 0.237663 0.072010 0.425325 0.077354
18 0.624138 0.257492 0.225533 0.240564
77 0.608630 0.173094 0.173684 0.040741
80 0.621354 0.286111 0.196875 0.124074
9 0.136167 0.267337 0.219354 0.255092
77 0.136167 0.177105 0.156263 0.046673
26 0.138021 0.294444 0.192708 0.140741
37 0.170833 0.246296 0.029167 0.037037
31 0.210938 0.175926 0.026042 0.033333
20 0.368919 0.555427 0.215560 0.243330
77 0.404852 0.468940 0.112500 0.040741
49 0.369792 0.588889 0.187500 0.137037
87 0.325000 0.560185 0.085417 0.057407
28 0.436458 0.463889 0.018750 0.024074
8 0.379569 0.826375 0.216791 0.249010
77 0.379569 0.738255 0.117195 0.040741
3 0.382812 0.855556 0.111458 0.111111
69 0.377604 0.869444 0.073958 0.038889
17 0.854284 0.262497 0.220001 0.252461
77 0.834701 0.174158 0.160000 0.040741
9 0.854167 0.300926 0.191667 0.135185
27 0.928125 0.168519 0.020833 0.025926
15 0.138105 0.548145 0.224937 0.237807
77 0.138105 0.463938 0.133323 0.040741
69 0.139063 0.581481 0.192708 0.114815
63 0.218229 0.459259 0.017708 0.022222
12 0.613326 0.542058 0.222044 0.244543
77 0.613326 0.458840 0.156680 0.040741
13 0.615104 0.575926 0.188542 0.133333
55 0.587500 0.587963 0.112500 0.072222
7 0.129587 0.831583 0.220523 0.251793
77 0.147291 0.744670 0.164281 0.040741
70 0.127604 0.866667 0.186458 0.129630
60 0.127083 0.863889 0.072917 0.057407
19 0.377111 0.259611 0.220665 0.243261
77 0.377111 0.176653 0.118098 0.042348
2 0.378125 0.294444 0.187500 0.129630
52 0.338542 0.277778 0.089583 0.059259
14 0.864388 0.544544 0.220328 0.245667
77 0.886029 0.456293 0.156211 0.041608
8 0.862500 0.569444 0.189583 0.131481
15 0.880208 0.536111 0.041667 0.053704
