77 0.500000 0.143983 0.640000 0.075585
12 0.856760 0.865775 0.237966 0.184869
77 0.805761 0.813892 0.115137 0.040741
37 0.856250 0.893519 0.052083 0.064815
40 0.865625 0.896296 0.027083 0.040741
27 0.937500 0.802778 0.016667 0.020370
17 0.140017 0.660787 0.236374 0.183242
77 0.140017 0.605173 0.182088 0.040741
82 0.139063 0.693519 0.209375 0.079630
15 0.139908 0.458690 0.229347 0.187814
77 0.159649 0.403278 0.169030 0.040741
62 0.139583 0.486111 0.050000 0.064815
69 0.134896 0.484259 0.026042 0.031481
13 0.864362 0.244210 0.243126 0.182716
77 0.819699 0.189125 0.127306 0.040741
24 0.862500 0.279630 0.041667 0.051852
16 0.858333 0.273148 0.018750 0.024074
8 0.855191 0.654300 0.228220 0.178925
77 0.891320 0.603792 0.116315 0.040741
63 0.852083 0.687037 0.037500 0.048148
9 0.857292 0.699074 0.018750 0.024074
20 0.498099 0.810386 0.448269 0.301246
77 0.498099 0.700976 0.339567 0.052889
89 0.498437 0.851852 0.119792 0.151852
10 0.520312 0.837037 0.067708 0.085185
18 0.500000 0.391305 0.452071 0.478906
77 0.387751 0.198752 0.206741 0.062963
34 0.501042 0.431481 0.158333 0.318519
39 0.527604 0.342593 0.101042 0.111111
9 0.864628 0.450286 0.244089 0.168465
77 0.864628 0.400994 0.174503 0.040741
6 0.863542 0.475000 0.216667 0.053704
31 0.940625 0.399074 0.020833 0.027778
19 0.138424 0.246725 0.236579 0.189206
77 0.138424 0.187786 0.128734 0.040741
85 0.136458 0.277778 0.206250 0.066667
6 0.133333 0.280556 0.125000 0.038889
23 0.215104 0.187037 0.023958 0.029630
12 0.147667 0.862952 0.244201 0.173972
77 0.099190 0.814764 0.126415 0.040741
90 0.148958 0.900000 0.220833 0.048148
