77 0.723137 0.074482 0.348370 0.082297
15 0.839909 0.242358 0.260516 0.171346
77 0.856696 0.192773 0.165882 0.040741
23 0.839583 0.272222 0.037500 0.048148
29 0.920833 0.187037 0.016667 0.022222
10 0.839741 0.443204 0.260853 0.175718
77 0.839741 0.394073 0.135697 0.040741
54 0.843229 0.473148 0.230208 0.064815
76 0.934896 0.387037 0.017708 0.022222
12 0.153751 0.241529 0.258053 0.186962
77 0.153751 0.182686 0.193426 0.040741
49 0.154688 0.272222 0.232292 0.070370
30 0.232292 0.187037 0.031250 0.040741
14 0.842686 0.859139 0.266501 0.170921
77 0.888861 0.810928 0.153318 0.040741
43 0.843229 0.894444 0.034375 0.044444
72 0.843229 0.901852 0.019792 0.025926
14 0.155492 0.459058 0.269537 0.189266
77 0.134018 0.400585 0.165000 0.040741
81 0.155729 0.495370 0.236458 0.072222
16 0.501884 0.843830 0.399971 0.252467
77 0.411001 0.762551 0.197371 0.050474
46 0.502604 0.883333 0.373958 0.122222
44 0.498437 0.887963 0.021875 0.027778
27 0.642708 0.749074 0.018750 0.024074
18 0.500000 0.418208 0.396202 0.532712
77 0.461480 0.196386 0.298328 0.062963
2 0.501042 0.468519 0.364583 0.385185
7 0.843310 0.663543 0.264238 0.175274
77 0.812442 0.611369 0.181669 0.040741
53 0.839583 0.692593 0.050000 0.062963
41 0.840625 0.715741 0.018750 0.024074
10 0.152781 0.856972 0.264699 0.168753
77 0.132941 0.812371 0.204186 0.040741
63 0.152604 0.887037 0.032292 0.040741
16 0.156907 0.660789 0.262522 0.188459
77 0.156907 0.606397 0.178157 0.040741
17 0.156771 0.693519 0.234375 0.061111
