77 0.500000 0.069208 0.520000 0.079157
20 0.135969 0.249406 0.229202 0.189773
77 0.135969 0.190780 0.159556 0.040741
8 0.134375 0.280556 0.195833 0.072222
68 0.182292 0.289815 0.075000 0.031481
10 0.855922 0.455512 0.231659 0.183089
77 0.855922 0.402047 0.112500 0.040741
29 0.855208 0.486111 0.052083 0.064815
23 0.865104 0.501852 0.017708 0.022222
29 0.925000 0.395370 0.018750 0.024074
20 0.134394 0.449214 0.231523 0.180718
77 0.134394 0.394814 0.120667 0.040741
70 0.135937 0.481481 0.205208 0.077778
29 0.218750 0.389815 0.018750 0.024074
10 0.145002 0.662417 0.241755 0.173993
77 0.145002 0.614460 0.178371 0.040741
2 0.143229 0.692593 0.209375 0.059259
16 0.497508 0.810547 0.452702 0.304165
77 0.414941 0.705255 0.224103 0.060748
45 0.496875 0.850000 0.110417 0.140741
7 0.140382 0.860169 0.230438 0.177003
77 0.114323 0.809944 0.157488 0.040741
19 0.141667 0.890741 0.204167 0.070370
37 0.179167 0.908333 0.018750 0.024074
20 0.863246 0.672389 0.240176 0.193135
77 0.863246 0.615211 0.164716 0.040741
39 0.861979 0.697222 0.209375 0.075926
12 0.900521 0.680556 0.021875 0.027778
23 0.941667 0.606481 0.018750 0.024074
11 0.500000 0.391484 0.457686 0.479264
77 0.508062 0.202850 0.348145 0.062963
89 0.501042 0.437037 0.258333 0.329630
16 0.858281 0.864009 0.234518 0.185836
77 0.818077 0.809047 0.133277 0.040741
60 0.857292 0.900000 0.200000 0.074074
15 0.856150 0.243853 0.229171 0.190363
77 0.884726 0.184383 0.134753 0.040741
44 0.855729 0.275000 0.059375 0.075926
23 0.921875 0.182407 0.020833 0.027778
