77 0.500000 0.130472 0.640000 0.065789
9 0.374438 0.266408 0.216504 0.252805
77 0.343490 0.178047 0.112500 0.043254
6 0.373437 0.296296 0.188542 0.129630
17 0.413021 0.281481 0.055208 0.070370
16 0.138874 0.824819 0.219815 0.238611
77 0.109405 0.743204 0.140043 0.045603
42 0.138021 0.857407 0.098958 0.125926
16 0.151042 0.878704 0.033333 0.042593
19 0.623189 0.261404 0.225350 0.238402
77 0.606586 0.184235 0.164525 0.043833
50 0.620833 0.294444 0.197917 0.118519
17 0.617547 0.554971 0.218450 0.254091
77 0.617547 0.466697 0.112500 0.045133
27 0.617708 0.581481 0.093750 0.118519
17 0.597917 0.593519 0.047917 0.061111
30 0.680729 0.459259 0.019792 0.025926
14 0.382448 0.830208 0.224341 0.248112
77 0.367409 0.746822 0.168120 0.047706
67 0.383854 0.869444 0.198958 0.116667
71 0.382292 0.875000 0.120833 0.046296
12 0.858960 0.270705 0.217005 0.238363
77 0.900796 0.191316 0.112500 0.041216
45 0.861458 0.307407 0.087500 0.111111
20 0.139215 0.556362 0.226316 0.253325
77 0.139215 0.470254 0.118914 0.049508
40 0.142187 0.587037 0.198958 0.129630
13 0.373479 0.549165 0.215316 0.250118
77 0.373479 0.466696 0.121372 0.048859
44 0.372917 0.582407 0.100000 0.127778
69 0.360417 0.600000 0.058333 0.081481
10 0.862102 0.547459 0.220683 0.239528
77 0.862102 0.468483 0.160064 0.043735
41 0.864062 0.587963 0.080208 0.101852
21 0.856250 0.575926 0.041667 0.040741
16 0.129306 0.260797 0.219621 0.237601
77 0.129306 0.176516 0.141174 0.040741
39 0.130208 0.290741 0.189583 0.129630
63 0.082292 0.267593 0.025000 0.031481
62 0.196875 0.181481 0.029167 0.037037
