77 0.500000 0.065389 0.520000 0.071518
14 0.138768 0.555660 0.221736 0.251312
77 0.129567 0.472191 0.116011 0.046100
15 0.140625 0.587037 0.189583 0.129630
83 0.134896 0.590741 0.086458 0.077778
15 0.853832 0.271602 0.214150 0.241154
77 0.853832 0.188932 0.121968 0.040741
59 0.854688 0.305556 0.184375 0.114815
0 0.848437 0.309259 0.113542 0.044444
9 0.133761 0.837727 0.220902 0.248203
77 0.177546 0.752931 0.112500 0.040741
89 0.130729 0.872222 0.090625 0.114815
15 0.863197 0.557036 0.225540 0.249478
77 0.863197 0.475011 0.146424 0.047129
8 0.866146 0.587963 0.196875 0.131481
31 0.936458 0.469444 0.025000 0.031481
14 0.611633 0.548036 0.219566 0.244325
77 0.613340 0.468683 0.112500 0.048112
45 0.610938 0.585185 0.078125 0.100000
14 0.132237 0.266106 0.225561 0.250026
77 0.132237 0.178637 0.138174 0.047542
43 0.133333 0.297222 0.106250 0.135185
9 0.371830 0.261732 0.214777 0.239540
77 0.405160 0.182158 0.117264 0.040741
65 0.369271 0.296296 0.186458 0.122222
74 0.323958 0.261111 0.022917 0.029630
11 0.376944 0.552352 0.222281 0.242835
77 0.376944 0.471769 0.159253 0.047166
50 0.378125 0.590741 0.197917 0.111111
10 0.374082 0.829930 0.222751 0.244120
77 0.395615 0.751315 0.112500 0.046739
63 0.376042 0.869444 0.089583 0.112963
73 0.392708 0.842593 0.020833 0.025926
12 0.610898 0.270537 0.217185 0.244261
77 0.593692 0.187296 0.125371 0.040741
3 0.611458 0.302778 0.120833 0.120370
50 0.616667 0.291667 0.070833 0.075926
