77 0.225657 0.066561 0.401313 0.066455
17 0.377625 0.274058 0.220318 0.248490
77 0.392002 0.189533 0.165639 0.046961
47 0.377604 0.310185 0.184375 0.135185
8 0.368314 0.834085 0.215311 0.245220
77 0.368314 0.747808 0.165769 0.042633
43 0.366146 0.870370 0.098958 0.125926
62 0.374479 0.905556 0.023958 0.029630
76 0.432292 0.748148 0.027083 0.033333
12 0.140080 0.835006 0.219699 0.248781
77 0.140080 0.750038 0.161007 0.049416
81 0.139583 0.869444 0.195833 0.120370
16 0.616674 0.554871 0.225597 0.247878
77 0.614503 0.472392 0.112500 0.044569
9 0.618750 0.593519 0.197917 0.124074
57 0.588542 0.563889 0.112500 0.046296
11 0.136826 0.268741 0.225772 0.239074
77 0.112934 0.186571 0.119741 0.040958
68 0.139063 0.300926 0.192708 0.124074
38 0.143750 0.300000 0.129167 0.051852
17 0.863296 0.264851 0.219858 0.252825
77 0.863296 0.177139 0.112500 0.049508
6 0.864583 0.295370 0.187500 0.138889
70 0.900521 0.275926 0.090625 0.051852
9 0.138702 0.547240 0.225348 0.242497
77 0.147281 0.464506 0.112500 0.040741
41 0.137500 0.581481 0.085417 0.107407
7 0.369595 0.544444 0.214247 0.241633
77 0.358639 0.463836 0.148756 0.048059
65 0.370312 0.577778 0.192708 0.111111
17 0.611374 0.267526 0.217631 0.248772
77 0.579908 0.181807 0.133865 0.041941
42 0.609375 0.301852 0.100000 0.125926
9 0.852276 0.551003 0.219916 0.237521
77 0.852276 0.470723 0.112500 0.040741
87 0.852604 0.583333 0.184375 0.111111
