77 0.500000 0.074471 0.520000 0.089684
15 0.622320 0.278298 0.220767 0.251993
77 0.638068 0.191249 0.137771 0.040741
70 0.620833 0.314815 0.191667 0.137037
23 0.655208 0.345370 0.027083 0.035185
13 0.378509 0.822513 0.214289 0.244889
77 0.378509 0.736369 0.151915 0.044127
45 0.380729 0.852778 0.086458 0.109259
70 0.359896 0.858333 0.034375 0.057407
8 0.131558 0.546602 0.224784 0.248358
77 0.097701 0.464623 0.126466 0.046759
46 0.130208 0.584259 0.202083 0.124074
74 0.173958 0.549074 0.025000 0.031481
18 0.862413 0.270882 0.221025 0.237759
77 0.862413 0.192454 0.164069 0.040741
76 0.861979 0.302778 0.073958 0.094444
12 0.370874 0.274583 0.215213 0.252907
77 0.370874 0.186491 0.118486 0.045994
5 0.374479 0.309259 0.186458 0.144444
14 0.341146 0.337963 0.042708 0.053704
17 0.856142 0.547389 0.215887 0.237998
77 0.843198 0.469731 0.138797 0.044467
11 0.857812 0.580556 0.186458 0.120370
16 0.135950 0.835315 0.218875 0.242582
77 0.135950 0.751335 0.141248 0.042452
14 0.135417 0.869444 0.191667 0.131481
28 0.200000 0.744444 0.016667 0.022222
13 0.376281 0.558318 0.225150 0.249961
77 0.337402 0.468569 0.126559 0.043518
43 0.376042 0.591667 0.091667 0.116667
13 0.136214 0.272738 0.218180 0.250320
77 0.121217 0.184627 0.167354 0.045203
90 0.134375 0.303704 0.187500 0.140741
17 0.094271 0.270370 0.046875 0.059259
10 0.618920 0.551315 0.223779 0.250893
77 0.573698 0.469556 0.112500 0.049546
40 0.615625 0.585185 0.193750 0.118519
29 0.692708 0.456481 0.016667 0.020370
