77 0.740893 0.073537 0.370873 0.080406
16 0.133549 0.545975 0.219839 0.254545
77 0.155405 0.457505 0.138281 0.040741
56 0.132292 0.574074 0.191667 0.144444
41 0.178646 0.605556 0.028125 0.037037
17 0.378138 0.836389 0.223278 0.243311
77 0.423111 0.752247 0.112500 0.040741
87 0.377604 0.862037 0.192708 0.127778
6 0.357812 0.855556 0.128125 0.074074
27 0.445833 0.752778 0.031250 0.038889
16 0.616693 0.266487 0.225202 0.249215
77 0.598720 0.179528 0.112500 0.047731
11 0.619271 0.303704 0.196875 0.133333
8 0.855133 0.546299 0.219033 0.251507
77 0.855133 0.459613 0.112500 0.045492
30 0.857292 0.579630 0.093750 0.118519
14 0.857375 0.266347 0.214773 0.246368
77 0.827912 0.180102 0.135013 0.040946
38 0.859375 0.293519 0.187500 0.135185
37 0.918750 0.178704 0.025000 0.031481
9 0.371520 0.262902 0.222867 0.238960
77 0.416287 0.179455 0.112500 0.040741
33 0.373958 0.292593 0.087500 0.111111
14 0.134575 0.825020 0.220184 0.238742
77 0.151558 0.745932 0.140054 0.047014
73 0.134896 0.855556 0.090625 0.114815
16 0.372863 0.542985 0.215240 0.250069
77 0.331910 0.454953 0.112500 0.040741
37 0.373958 0.568519 0.102083 0.129630
56 0.367188 0.555556 0.061458 0.070370
63 0.433333 0.456481 0.031250 0.038889
12 0.134256 0.267843 0.214360 0.253306
77 0.134256 0.180920 0.112500 0.045237
2 0.133854 0.303704 0.182292 0.125926
52 0.095312 0.328704 0.080208 0.046296
7 0.624446 0.553703 0.225283 0.253132
77 0.624446 0.465741 0.112500 0.041112
5 0.628646 0.583333 0.196875 0.129630
72 0.589063 0.625926 0.026042 0.033333
