77 0.773240 0.074983 0.367768 0.083299
19 0.136756 0.833670 0.215949 0.244894
77 0.178063 0.751782 0.112500 0.040741
45 0.139063 0.868519 0.090625 0.114815
23 0.210938 0.746296 0.026042 0.033333
10 0.132153 0.266101 0.225562 0.252476
77 0.115962 0.174712 0.150578 0.040741
79 0.131771 0.294444 0.201042 0.151852
15 0.177604 0.263889 0.063542 0.079630
76 0.205729 0.173148 0.021875 0.027778
11 0.130208 0.550917 0.214398 0.254722
77 0.130208 0.460034 0.155995 0.040741
80 0.129688 0.575926 0.190625 0.144444
30 0.167708 0.527778 0.027083 0.033333
37 0.194271 0.461111 0.026042 0.033333
8 0.610833 0.543185 0.219212 0.250050
77 0.610833 0.451894 0.161430 0.040741
55 0.610417 0.576852 0.193750 0.138889
13 0.371774 0.549419 0.215884 0.247673
77 0.371774 0.467539 0.132349 0.044865
68 0.372917 0.584259 0.187500 0.138889
38 0.405208 0.592593 0.116667 0.070370
8 0.377057 0.257111 0.222659 0.238312
77 0.408356 0.178132 0.139227 0.040741
30 0.373958 0.287963 0.091667 0.116667
27 0.393750 0.325926 0.022917 0.029630
76 0.448958 0.170370 0.020833 0.025926
10 0.379987 0.842488 0.217413 0.254099
77 0.379987 0.754443 0.112500 0.048029
0 0.381250 0.878704 0.185417 0.127778
76 0.346354 0.855556 0.026042 0.033333
10 0.617076 0.265555 0.224536 0.246534
77 0.617076 0.180646 0.136132 0.040741
7 0.617188 0.301852 0.203125 0.125926
31 0.695833 0.175000 0.020833 0.027778
10 0.859845 0.543976 0.219781 0.239463
77 0.852222 0.464569 0.151750 0.042376
24 0.856771 0.578704 0.094792 0.120370
21 0.867708 0.546296 0.056250 0.044444
13 0.861190 0.275837 0.224211 0.250783
77 0.895819 0.186001 0.125411 0.040741
22 0.864062 0.299074 0.194792 0.142593
