77 0.500000 0.137012 0.640000 0.058256
11 0.855514 0.550666 0.215334 0.255483
77 0.817802 0.457640 0.119078 0.040741
84 0.854688 0.585185 0.186458 0.148148
17 0.380303 0.260977 0.223212 0.243773
77 0.421721 0.180091 0.119544 0.045962
32 0.379688 0.300000 0.082292 0.103704
37 0.362500 0.334259 0.018750 0.024074
17 0.614064 0.553699 0.216073 0.240787
77 0.578925 0.472346 0.112500 0.047592
74 0.616667 0.593519 0.089583 0.112963
23 0.591667 0.559259 0.020833 0.025926
15 0.376960 0.821561 0.222785 0.237461
77 0.421686 0.740499 0.112500 0.040741
33 0.376563 0.855556 0.094792 0.122222
35 0.396875 0.872222 0.037500 0.048148
8 0.135517 0.545095 0.217751 0.240913
77 0.139874 0.466673 0.157816 0.045282
20 0.135937 0.577778 0.186458 0.118519
15 0.140452 0.269960 0.221636 0.241824
77 0.140452 0.187512 0.123112 0.040741
59 0.142708 0.303704 0.189583 0.122222
15 0.141927 0.832919 0.226447 0.248451
77 0.141927 0.746082 0.147867 0.040741
40 0.141667 0.863889 0.197917 0.138889
81 0.179688 0.884259 0.094792 0.083333
32 0.214062 0.745370 0.028125 0.035185
19 0.864610 0.269074 0.223226 0.237779
77 0.849887 0.190129 0.172947 0.043729
45 0.866146 0.303704 0.076042 0.096296
83 0.869792 0.298148 0.043750 0.048148
23 0.939583 0.187963 0.031250 0.038889
13 0.383029 0.540694 0.225583 0.245935
77 0.428788 0.457597 0.113231 0.040741
29 0.386458 0.577778 0.093750 0.118519
22 0.386458 0.582407 0.054167 0.061111
17 0.625073 0.269191 0.225138 0.237682
77 0.625073 0.183786 0.151165 0.040741
82 0.624479 0.304630 0.198958 0.124074
40 0.568229 0.328704 0.078125 0.064815
37 0.699479 0.187963 0.028125 0.035185
