77 0.786647 0.073504 0.333419 0.080341
18 0.852840 0.453460 0.262098 0.186631
77 0.872961 0.396331 0.148652 0.040741
35 0.853646 0.479630 0.057292 0.074074
18 0.157702 0.869057 0.261036 0.178888
77 0.209362 0.816467 0.136882 0.040741
10 0.157292 0.901852 0.231250 0.055556
0 0.195833 0.898148 0.127083 0.029630
14 0.146517 0.243267 0.251983 0.185223
77 0.146517 0.190839 0.132144 0.040741
52 0.144792 0.272222 0.222917 0.074074
16 0.172917 0.277778 0.020833 0.025926
30 0.226562 0.187037 0.026042 0.033333
15 0.152057 0.452564 0.260241 0.172120
77 0.127284 0.404125 0.189861 0.040741
57 0.151042 0.478704 0.235417 0.057407
24 0.203125 0.476852 0.018750 0.024074
37 0.239583 0.397222 0.018750 0.024074
19 0.848535 0.656336 0.257759 0.175600
77 0.879098 0.602350 0.158471 0.040741
25 0.846354 0.688889 0.046875 0.059259
66 0.844271 0.681481 0.017708 0.033333
18 0.497623 0.853367 0.400391 0.204416
77 0.453730 0.787575 0.291771 0.040741
29 0.496354 0.882407 0.080208 0.101852
9 0.845870 0.865049 0.254549 0.183779
77 0.845870 0.813811 0.114871 0.040741
6 0.848437 0.896296 0.226042 0.070370
49 0.808333 0.889815 0.120833 0.042593
23 0.919792 0.807407 0.022917 0.029630
13 0.154790 0.653355 0.264943 0.172203
77 0.141490 0.600864 0.163849 0.040741
50 0.157292 0.679630 0.237500 0.055556
86 0.193750 0.683333 0.145833 0.025926
12 0.844319 0.241285 0.260432 0.180049
77 0.844319 0.187245 0.131720 0.040741
75 0.842708 0.275000 0.233333 0.068519
13 0.500000 0.440496 0.405144 0.577288
77 0.408943 0.203174 0.202197 0.062963
34 0.502604 0.500926 0.182292 0.368519
