77 0.500000 0.058485 0.380000 0.064636
8 0.846751 0.660497 0.263490 0.190127
77 0.846751 0.599814 0.188232 0.040741
48 0.846875 0.691667 0.235417 0.075926
39 0.846875 0.696296 0.110417 0.033333
17 0.152558 0.453690 0.263658 0.191237
77 0.180273 0.392491 0.185567 0.040741
17 0.149479 0.483333 0.234375 0.070370
68 0.186458 0.480556 0.152083 0.038889
14 0.150648 0.653884 0.254699 0.170221
77 0.188529 0.604365 0.158103 0.040741
86 0.148958 0.681481 0.229167 0.055556
15 0.186979 0.685185 0.017708 0.022222
7 0.850124 0.250027 0.261167 0.191274
77 0.850124 0.188541 0.132622 0.040741
83 0.849479 0.273148 0.232292 0.079630
11 0.143045 0.869272 0.250297 0.174072
77 0.124280 0.816789 0.191933 0.040741
12 0.142708 0.900926 0.214583 0.061111
5 0.115104 0.903704 0.142708 0.025926
13 0.497611 0.804523 0.403913 0.318586
77 0.497611 0.689619 0.186704 0.055957
89 0.500000 0.838889 0.145833 0.185185
11 0.847286 0.459714 0.258881 0.192494
77 0.847286 0.398107 0.127453 0.040741
90 0.847396 0.494444 0.230208 0.074074
1 0.884375 0.502778 0.127083 0.046296
29 0.928125 0.396296 0.020833 0.025926
19 0.148510 0.248764 0.256174 0.186872
77 0.148510 0.194232 0.175283 0.040741
15 0.148958 0.277778 0.222917 0.070370
33 0.088542 0.291667 0.018750 0.024074
76 0.232813 0.188889 0.019792 0.025926
15 0.849777 0.857512 0.261292 0.171364
77 0.849777 0.810129 0.143290 0.040741
24 0.851562 0.894444 0.038542 0.048148
15 0.500000 0.387002 0.408690 0.470300
77 0.560804 0.202555 0.198048 0.062963
25 0.498958 0.438889 0.212500 0.270370
52 0.531771 0.390741 0.140625 0.155556
32 0.644792 0.184259 0.018750 0.024074
