77 0.241857 0.072698 0.433713 0.078728
12 0.853575 0.276106 0.216776 0.253851
77 0.812416 0.191550 0.113624 0.048848
75 0.853125 0.312963 0.187500 0.133333
8 0.136834 0.840739 0.226378 0.253422
77 0.136834 0.747841 0.157370 0.040741
66 0.134375 0.867593 0.197917 0.150000
73 0.085417 0.913889 0.027083 0.035185
28 0.205208 0.748148 0.020833 0.025926
20 0.136377 0.268943 0.219040 0.241310
77 0.102620 0.182904 0.115345 0.040741
55 0.134896 0.296296 0.188542 0.129630
76 0.205208 0.178704 0.016667 0.020370
11 0.378125 0.836337 0.223804 0.241802
77 0.378125 0.750062 0.134141 0.040741
24 0.381250 0.868519 0.079167 0.100000
86 0.370312 0.848148 0.038542 0.044444
14 0.856365 0.539663 0.225858 0.241348
77 0.856365 0.454283 0.128566 0.041029
83 0.856771 0.566667 0.203125 0.129630
7 0.818229 0.547222 0.038542 0.050000
12 0.614003 0.548758 0.223261 0.245568
77 0.621486 0.462065 0.157636 0.045902
57 0.614583 0.583333 0.189583 0.118519
26 0.608854 0.584259 0.096875 0.050000
18 0.135910 0.553408 0.221856 0.243200
77 0.135910 0.465641 0.112500 0.040741
70 0.135937 0.583333 0.190625 0.144444
85 0.133333 0.583333 0.093750 0.051852
30 0.200000 0.462037 0.016667 0.020370
17 0.619602 0.265934 0.221632 0.241790
77 0.663751 0.180854 0.112500 0.040741
13 0.619792 0.292593 0.193750 0.125926
42 0.658333 0.323148 0.025000 0.031481
29 0.698958 0.175000 0.016667 0.020370
8 0.376131 0.556051 0.220036 0.253746
77 0.376131 0.468397 0.157419 0.045517
30 0.378646 0.591667 0.101042 0.127778
4 0.379688 0.599074 0.042708 0.068519
23 0.440104 0.462037 0.021875 0.027778
13 0.379891 0.257097 0.215674 0.238316
77 0.379891 0.180817 0.112500 0.046137
32 0.378646 0.294444 0.076042 0.096296
41 0.394271 0.273148 0.019792 0.024074
