77 0.500000 0.056788 0.380000 0.077927
17 0.167163 0.652224 0.284133 0.169722
77 0.127018 0.604476 0.151176 0.040741
51 0.167708 0.691667 0.250000 0.053704
11 0.829626 0.859306 0.283721 0.172436
77 0.829626 0.812617 0.205926 0.040741
22 0.831250 0.889815 0.250000 0.068519
29 0.899479 0.914815 0.017708 0.022222
30 0.932813 0.805556 0.019792 0.025926
10 0.835596 0.450957 0.280915 0.185033
77 0.835596 0.393811 0.211044 0.040741
54 0.838542 0.482407 0.254167 0.075926
12 0.801042 0.473148 0.018750 0.024074
18 0.162276 0.453190 0.287110 0.181996
77 0.122599 0.402144 0.186924 0.040741
6 0.163021 0.481481 0.261458 0.070370
35 0.156771 0.485185 0.017708 0.022222
7 0.171106 0.868209 0.293134 0.169677
77 0.213202 0.817581 0.160285 0.040741
26 0.170833 0.896296 0.266667 0.062963
20 0.500000 0.437746 0.352282 0.571788
77 0.554622 0.198263 0.166326 0.062963
61 0.498958 0.493519 0.325000 0.398148
9 0.832559 0.653313 0.289812 0.180508
77 0.875668 0.601260 0.182761 0.040741
2 0.831771 0.684259 0.259375 0.057407
20 0.832453 0.236824 0.288838 0.178414
77 0.859098 0.187306 0.214715 0.040741
74 0.828646 0.265741 0.053125 0.068519
6 0.829688 0.273148 0.034375 0.031481
11 0.165410 0.250662 0.288252 0.185617
77 0.210257 0.193586 0.169733 0.040741
81 0.165625 0.284259 0.266667 0.068519
12 0.499488 0.846348 0.351258 0.200553
77 0.499488 0.780293 0.242792 0.040741
13 0.500000 0.875926 0.327083 0.100000
