77 0.738571 0.074381 0.305392 0.082094
10 0.847427 0.449287 0.276819 0.168137
77 0.847427 0.399131 0.199605 0.040741
21 0.845833 0.477778 0.241667 0.070370
10 0.153763 0.448145 0.263410 0.180796
77 0.102898 0.396271 0.140847 0.040741
42 0.156250 0.482407 0.041667 0.053704
54 0.158854 0.477778 0.028125 0.025926
7 0.159919 0.237675 0.276298 0.176670
77 0.159919 0.183540 0.159041 0.040741
23 0.157292 0.270370 0.041667 0.051852
12 0.845069 0.236939 0.269034 0.174591
77 0.880355 0.188590 0.177629 0.040741
12 0.847917 0.272222 0.241667 0.055556
75 0.884896 0.267593 0.161458 0.027778
13 0.500000 0.390774 0.381879 0.477845
77 0.500000 0.197706 0.178406 0.062963
28 0.501042 0.437963 0.258333 0.327778
29 0.622917 0.183333 0.020833 0.025926
10 0.844835 0.867985 0.273467 0.175527
77 0.844835 0.815551 0.163479 0.040741
47 0.845833 0.898148 0.239583 0.059259
29 0.936979 0.815741 0.023958 0.031481
15 0.838836 0.656345 0.273099 0.176286
77 0.832070 0.608745 0.211772 0.040741
74 0.840104 0.684259 0.044792 0.057407
37 0.922396 0.600926 0.021875 0.027778
17 0.158258 0.646682 0.268384 0.169985
77 0.115190 0.602221 0.161416 0.040741
76 0.155208 0.682407 0.031250 0.038889
69 0.157292 0.668519 0.016667 0.025926
63 0.241146 0.600926 0.030208 0.038889
11 0.160750 0.874370 0.270517 0.192009
77 0.160750 0.812824 0.151566 0.040741
88 0.156771 0.909259 0.240625 0.077778
52 0.157812 0.899074 0.115625 0.046296
9 0.501393 0.807684 0.384665 0.296470
77 0.501393 0.704726 0.276486 0.055233
13 0.504167 0.844444 0.354167 0.166667
59 0.506771 0.837037 0.213542 0.077778
31 0.620833 0.691667 0.020833 0.027778
