77 0.227031 0.073688 0.404062 0.080709
12 0.378746 0.550935 0.223697 0.240145
77 0.378746 0.469394 0.113658 0.040741
41 0.379167 0.587963 0.083333 0.105556
37 0.443750 0.462963 0.020833 0.025926
8 0.862496 0.263850 0.225746 0.254645
77 0.862496 0.177694 0.123609 0.045609
39 0.862500 0.294444 0.202083 0.137037
18 0.138180 0.270345 0.215083 0.245148
77 0.158414 0.185113 0.112500 0.040741
89 0.136979 0.308333 0.092708 0.116667
24 0.150000 0.337037 0.029167 0.037037
19 0.375712 0.261471 0.224835 0.238671
77 0.396629 0.179144 0.127465 0.040741
11 0.375000 0.288889 0.197917 0.118519
15 0.135286 0.546989 0.217089 0.241581
77 0.138391 0.464336 0.121688 0.040741
46 0.134896 0.580556 0.192708 0.124074
20 0.132397 0.826048 0.214736 0.238188
77 0.132397 0.744075 0.112500 0.043124
70 0.133333 0.862963 0.191667 0.114815
46 0.180729 0.852778 0.076042 0.057407
12 0.618043 0.552271 0.216680 0.237403
77 0.587402 0.471438 0.134565 0.040741
66 0.616667 0.589815 0.191667 0.124074
29 0.694792 0.462963 0.016667 0.022222
17 0.611582 0.272355 0.219890 0.255134
77 0.647427 0.190393 0.127368 0.050633
27 0.611979 0.311111 0.084375 0.107407
19 0.857877 0.543844 0.220059 0.250644
77 0.901240 0.453593 0.112500 0.041797
9 0.859896 0.574074 0.190625 0.137037
23 0.832812 0.536111 0.023958 0.031481
28 0.935417 0.456481 0.031250 0.038889
13 0.379743 0.837742 0.218123 0.251734
77 0.379743 0.752249 0.136799 0.042371
64 0.380729 0.871296 0.086458 0.109259
23 0.456250 0.746296 0.022917 0.029630
