77 0.233554 0.071755 0.417108 0.076843
7 0.381457 0.264039 0.218138 0.243654
77 0.381457 0.177737 0.136538 0.040741
41 0.381250 0.294444 0.095833 0.122222
76 0.445312 0.177778 0.023958 0.029630
8 0.129903 0.266380 0.220119 0.251972
77 0.123541 0.176974 0.112500 0.040741
12 0.127083 0.303704 0.189583 0.133333
14 0.612735 0.543859 0.216712 0.239419
77 0.605570 0.465410 0.156069 0.042710
53 0.612500 0.578704 0.089583 0.112963
11 0.592187 0.566667 0.034375 0.044444
30 0.683333 0.458333 0.025000 0.031481
11 0.858280 0.551765 0.220612 0.245828
77 0.858280 0.471760 0.170594 0.045936
18 0.858333 0.590741 0.200000 0.114815
55 0.816146 0.590741 0.105208 0.062963
20 0.137253 0.840717 0.219189 0.250712
77 0.140564 0.748907 0.158083 0.040741
24 0.134375 0.863889 0.106250 0.135185
9 0.855623 0.262585 0.216808 0.251991
77 0.855623 0.179329 0.141060 0.046905
29 0.854167 0.299074 0.077083 0.098148
12 0.864062 0.294444 0.032292 0.040741
10 0.379949 0.831664 0.217751 0.249095
77 0.379949 0.745056 0.112500 0.047783
85 0.380729 0.863889 0.186458 0.127778
78 0.333333 0.893519 0.079167 0.046296
9 0.380221 0.548363 0.220928 0.247396
77 0.409843 0.465202 0.140851 0.045118
39 0.377083 0.575926 0.191667 0.125926
19 0.620022 0.267582 0.225397 0.244284
77 0.620022 0.181128 0.157057 0.042197
5 0.617188 0.298148 0.198958 0.144444
9 0.137961 0.549106 0.226364 0.254274
77 0.137961 0.463302 0.135875 0.050139
86 0.137500 0.583333 0.191667 0.140741
40 0.192188 0.571296 0.076042 0.079630
