77 0.500000 0.129164 0.640000 0.064634
14 0.371777 0.827107 0.222538 0.243952
77 0.373931 0.741225 0.144798 0.043134
76 0.369792 0.859259 0.093750 0.118519
76 0.439063 0.735185 0.017708 0.022222
20 0.376760 0.557424 0.214625 0.250281
77 0.404933 0.474500 0.137447 0.047109
3 0.378646 0.586111 0.123958 0.124074
12 0.138194 0.550330 0.223035 0.244984
77 0.129430 0.468560 0.112500 0.040741
42 0.139063 0.577778 0.092708 0.118519
20 0.138542 0.561111 0.014583 0.055556
11 0.860300 0.541455 0.218174 0.244599
77 0.860300 0.459239 0.112500 0.040741
51 0.858854 0.573148 0.186458 0.124074
54 0.903646 0.559259 0.080208 0.048148
9 0.373044 0.261713 0.223127 0.238909
77 0.357134 0.180676 0.170474 0.041379
86 0.370833 0.292593 0.191667 0.133333
11 0.132670 0.269655 0.216343 0.246286
77 0.132670 0.187239 0.113675 0.041021
80 0.131250 0.306481 0.183333 0.124074
7 0.614071 0.265468 0.221580 0.254043
77 0.614071 0.175032 0.118223 0.040741
67 0.614062 0.297222 0.192708 0.131481
32 0.682813 0.172222 0.019792 0.025926
20 0.130631 0.826607 0.219139 0.249973
77 0.108637 0.741091 0.153269 0.047948
69 0.131250 0.857407 0.195833 0.137037
85 0.153646 0.886111 0.132292 0.064815
13 0.613001 0.541766 0.217921 0.241698
77 0.613001 0.457669 0.137210 0.040741
78 0.611979 0.565741 0.190625 0.127778
76 0.688542 0.458333 0.027083 0.035185
10 0.861741 0.266447 0.225852 0.245247
77 0.861741 0.184293 0.156589 0.044012
53 0.861458 0.297222 0.091667 0.116667
26 0.870313 0.310185 0.059375 0.072222
