77 0.775138 0.073123 0.312845 0.079580
17 0.828384 0.246563 0.275853 0.184344
77 0.856288 0.191252 0.150493 0.040741
86 0.831250 0.280556 0.245833 0.072222
7 0.498700 0.852021 0.355423 0.200619
77 0.564277 0.787089 0.175819 0.040741
18 0.500000 0.881481 0.322917 0.100000
74 0.421354 0.864815 0.017708 0.022222
17 0.830488 0.454086 0.280904 0.175321
77 0.830488 0.401613 0.208127 0.040741
0 0.831250 0.484259 0.252083 0.068519
60 0.895312 0.477778 0.098958 0.025926
15 0.159994 0.453987 0.280545 0.184060
77 0.159994 0.396959 0.206503 0.040741
9 0.162500 0.484259 0.252083 0.064815
17 0.207813 0.470370 0.019792 0.025926
19 0.169382 0.649884 0.287931 0.168922
77 0.169382 0.605204 0.199871 0.040741
53 0.167708 0.684259 0.041667 0.053704
19 0.157140 0.233603 0.275549 0.176847
77 0.219180 0.182147 0.130637 0.040741
74 0.154688 0.264815 0.048958 0.062963
16 0.832812 0.668248 0.277172 0.190490
77 0.832812 0.613005 0.179992 0.040741
27 0.834896 0.702778 0.053125 0.068519
35 0.822917 0.722222 0.014583 0.018519
11 0.839963 0.864552 0.291532 0.185381
77 0.869482 0.806870 0.202983 0.040741
61 0.840104 0.893519 0.265625 0.075926
2 0.875000 0.889815 0.168750 0.035185
29 0.930729 0.806481 0.021875 0.027778
13 0.162835 0.860851 0.288242 0.172065
77 0.171616 0.812249 0.186207 0.040741
50 0.164062 0.890741 0.263542 0.070370
16 0.163542 0.885185 0.022917 0.029630
15 0.500000 0.440684 0.358023 0.577665
77 0.466708 0.201499 0.270605 0.062963
14 0.500000 0.507407 0.331250 0.396296
78 0.562500 0.587037 0.181250 0.222222
27 0.616667 0.182407 0.016667 0.020370
