77 0.242695 0.068441 0.435389 0.070215
7 0.383580 0.824175 0.224204 0.239472
77 0.383580 0.741444 0.112500 0.041022
44 0.379688 0.850000 0.096875 0.122222
18 0.617083 0.543394 0.216416 0.240830
77 0.619009 0.460588 0.125498 0.040741
90 0.619271 0.571296 0.188542 0.131481
23 0.688021 0.459259 0.026042 0.033333
12 0.136021 0.268188 0.226154 0.239179
77 0.136021 0.185208 0.130715 0.045022
57 0.136979 0.300926 0.192708 0.127778
13 0.863106 0.263788 0.224469 0.248006
77 0.863106 0.176536 0.164025 0.040741
7 0.865625 0.294444 0.195833 0.125926
20 0.838542 0.270370 0.014583 0.055556
15 0.135438 0.832540 0.216119 0.251139
77 0.135438 0.746418 0.112500 0.044501
27 0.135417 0.867593 0.081250 0.101852
3 0.152604 0.848148 0.026042 0.025926
29 0.211979 0.744444 0.026042 0.033333
17 0.373119 0.549591 0.224325 0.251169
77 0.373119 0.463889 0.120159 0.046804
35 0.372917 0.588889 0.087500 0.111111
40 0.388021 0.602778 0.042708 0.046296
30 0.447396 0.455556 0.017708 0.022222
16 0.861997 0.554327 0.220168 0.245175
77 0.861997 0.471133 0.136310 0.042361
69 0.861458 0.587037 0.187500 0.133333
43 0.857292 0.586111 0.027083 0.035185
17 0.139297 0.554356 0.219138 0.241836
77 0.170128 0.472904 0.136641 0.040741
73 0.139063 0.587037 0.084375 0.107407
33 0.155208 0.599074 0.027083 0.035185
23 0.206771 0.464815 0.019792 0.025926
12 0.610153 0.270538 0.215651 0.243846
77 0.610153 0.190306 0.112500 0.046094
63 0.609896 0.308333 0.086458 0.109259
17 0.382211 0.274497 0.224175 0.245061
77 0.341259 0.191372 0.121440 0.040741
15 0.379167 0.301852 0.193750 0.125926
