77 0.199610 0.074449 0.349220 0.082231
8 0.373177 0.551815 0.214079 0.240953
77 0.373177 0.470157 0.112500 0.040741
38 0.372917 0.579630 0.185417 0.133333
37 0.339062 0.542593 0.026042 0.033333
12 0.137803 0.558307 0.218775 0.250942
77 0.137803 0.476563 0.112500 0.049143
81 0.138542 0.600926 0.193750 0.120370
65 0.134375 0.603704 0.116667 0.062963
8 0.380838 0.263956 0.223777 0.242284
77 0.380838 0.182689 0.137326 0.040741
87 0.379688 0.298148 0.194792 0.114815
17 0.857959 0.263122 0.222222 0.251094
77 0.837550 0.174317 0.160571 0.040741
84 0.856250 0.295370 0.193750 0.142593
12 0.136813 0.833205 0.224041 0.253419
77 0.136813 0.742456 0.113619 0.040901
86 0.137500 0.867593 0.202083 0.138889
76 0.209896 0.742593 0.026042 0.033333
15 0.616966 0.555497 0.222509 0.252494
77 0.616966 0.467803 0.150552 0.044378
66 0.620313 0.591667 0.190625 0.135185
19 0.618807 0.265902 0.216689 0.245297
77 0.618807 0.185094 0.128815 0.044252
69 0.620313 0.301852 0.186458 0.129630
0 0.651563 0.318519 0.107292 0.051852
28 0.686458 0.181481 0.027083 0.033333
16 0.858299 0.538532 0.220097 0.240163
77 0.827591 0.453659 0.137848 0.040741
78 0.859375 0.574074 0.195833 0.125926
7 0.378512 0.821286 0.217112 0.239392
77 0.378512 0.735091 0.112500 0.040741
88 0.377083 0.848148 0.183333 0.125926
52 0.333854 0.825000 0.076042 0.050000
8 0.133290 0.271651 0.215003 0.249620
77 0.157949 0.182763 0.129313 0.043735
24 0.131250 0.298148 0.110417 0.140741
51 0.118750 0.317593 0.060417 0.057407
