77 0.775591 0.070828 0.342875 0.074989
17 0.133261 0.555491 0.222510 0.243997
77 0.119958 0.472049 0.171401 0.040741
72 0.132292 0.585185 0.089583 0.114815
12 0.140627 0.819624 0.223919 0.240237
77 0.140627 0.739739 0.112500 0.040741
44 0.139063 0.853704 0.088542 0.111111
20 0.380055 0.259755 0.217494 0.242539
77 0.380055 0.178165 0.117761 0.042069
31 0.382292 0.293519 0.083333 0.105556
12 0.854809 0.267916 0.222414 0.246131
77 0.854809 0.180836 0.156917 0.040741
81 0.854167 0.302778 0.197917 0.131481
16 0.894271 0.281481 0.032292 0.040741
7 0.383191 0.551440 0.222830 0.245085
77 0.398705 0.469357 0.130938 0.040741
10 0.381771 0.587037 0.196875 0.114815
13 0.863729 0.546591 0.219675 0.254894
77 0.863729 0.456312 0.151546 0.046516
61 0.861458 0.584259 0.189583 0.131481
65 0.841146 0.607407 0.119792 0.074074
16 0.373955 0.841051 0.224589 0.253990
77 0.373955 0.749542 0.152851 0.042544
21 0.372396 0.875000 0.201042 0.127778
20 0.608653 0.559135 0.214246 0.252026
77 0.576402 0.472709 0.128910 0.049452
63 0.608333 0.591667 0.106250 0.135185
3 0.642188 0.613889 0.032292 0.031481
17 0.623858 0.256704 0.222288 0.240953
77 0.620604 0.176076 0.162148 0.040741
5 0.625521 0.292593 0.190625 0.122222
13 0.139793 0.258938 0.222443 0.237749
77 0.139793 0.178193 0.125947 0.044111
11 0.141667 0.285185 0.195833 0.122222
1 0.147396 0.276852 0.082292 0.053704
62 0.213542 0.171296 0.020833 0.027778
