77 0.500000 0.057292 0.380000 0.084264
8 0.839661 0.871718 0.280284 0.192247
77 0.839661 0.812953 0.188352 0.040741
19 0.835938 0.903704 0.251042 0.062963
8 0.882812 0.906481 0.019792 0.024074
7 0.835046 0.452808 0.282389 0.173575
77 0.835046 0.402592 0.206716 0.040741
28 0.833854 0.483333 0.040625 0.051852
28 0.934375 0.397222 0.016667 0.020370
8 0.498324 0.819619 0.365002 0.303196
77 0.530565 0.711770 0.279687 0.057104
14 0.496875 0.862037 0.331250 0.172222
57 0.410938 0.831481 0.148958 0.088889
11 0.841837 0.647319 0.278874 0.170844
77 0.841837 0.601236 0.168723 0.040741
82 0.841667 0.683333 0.252083 0.051852
16 0.166325 0.649370 0.284940 0.171645
77 0.192992 0.600646 0.210773 0.040741
29 0.164583 0.679630 0.031250 0.040741
86 0.158333 0.674074 0.018750 0.025926
10 0.500000 0.394580 0.368354 0.485457
77 0.511729 0.197715 0.187282 0.062963
45 0.500521 0.445370 0.263542 0.335185
33 0.566146 0.553704 0.078125 0.100000
14 0.164300 0.866309 0.273146 0.179292
77 0.172385 0.811327 0.184497 0.040741
79 0.163542 0.896296 0.241667 0.062963
52 0.098958 0.908333 0.100000 0.027778
18 0.161670 0.453655 0.273792 0.175409
77 0.161670 0.401099 0.186788 0.040741
65 0.161979 0.480556 0.251042 0.068519
75 0.119271 0.482407 0.153125 0.042593
12 0.163949 0.236278 0.276691 0.169824
77 0.163949 0.186812 0.128494 0.040741
88 0.164062 0.272222 0.242708 0.055556
55 0.114062 0.275000 0.136458 0.031481
19 0.836138 0.240424 0.271973 0.173851
77 0.836138 0.187544 0.124252 0.040741
58 0.834375 0.270370 0.243750 0.074074
70 0.900000 0.262037 0.104167 0.027778
