77 0.500000 0.127752 0.640000 0.076201
7 0.152520 0.456143 0.268746 0.193486
77 0.203066 0.398495 0.146819 0.040741
48 0.151562 0.491667 0.234375 0.072222
75 0.089583 0.492593 0.089583 0.037037
10 0.844704 0.249356 0.262096 0.187914
77 0.844647 0.194342 0.135680 0.040741
16 0.845313 0.279630 0.232292 0.066667
71 0.886458 0.272222 0.120833 0.029630
8 0.838360 0.439077 0.261849 0.168729
77 0.823257 0.395420 0.152927 0.040741
45 0.834896 0.471296 0.038542 0.050000
18 0.153239 0.242666 0.262667 0.177360
77 0.093170 0.187674 0.121696 0.040741
54 0.155729 0.273148 0.232292 0.057407
85 0.214062 0.275926 0.096875 0.025926
29 0.241146 0.185185 0.017708 0.022222
20 0.151259 0.877507 0.262279 0.190590
77 0.151259 0.818965 0.186155 0.040741
22 0.155208 0.912963 0.233333 0.066667
63 0.232292 0.816667 0.022917 0.029630
17 0.500000 0.398204 0.392798 0.492705
77 0.500000 0.197105 0.245664 0.062963
64 0.498958 0.446296 0.227083 0.288889
16 0.152142 0.660806 0.267849 0.190215
77 0.115996 0.606127 0.174723 0.040741
27 0.151562 0.692593 0.046875 0.059259
39 0.146354 0.692593 0.023958 0.025926
18 0.499934 0.809844 0.392666 0.284339
77 0.499934 0.710524 0.299103 0.056739
77 0.497396 0.851852 0.346875 0.025926
9 0.849591 0.856863 0.270701 0.171268
77 0.849591 0.805587 0.166161 0.040741
18 0.848437 0.886111 0.236458 0.061111
0 0.847917 0.888889 0.095833 0.025926
37 0.950000 0.805556 0.020833 0.025926
14 0.845514 0.655159 0.267913 0.187192
77 0.845514 0.595530 0.144041 0.040741
72 0.844792 0.681481 0.066667 0.085185
63 0.931250 0.597222 0.025000 0.031481
