77 0.500000 0.058436 0.380000 0.064605
9 0.845049 0.658035 0.269086 0.189296
77 0.862462 0.597772 0.198671 0.040741
44 0.845833 0.685185 0.052083 0.066667
58 0.840104 0.696296 0.034375 0.025926
19 0.159374 0.661071 0.272405 0.173490
77 0.159374 0.611809 0.183014 0.040741
51 0.159896 0.693519 0.242708 0.057407
10 0.151812 0.233439 0.266914 0.172470
77 0.173203 0.183417 0.203299 0.040741
18 0.152604 0.262037 0.238542 0.053704
45 0.192188 0.262963 0.019792 0.025926
63 0.240625 0.186111 0.027083 0.035185
7 0.498525 0.844210 0.384334 0.216735
77 0.438812 0.775249 0.244075 0.040741
48 0.496875 0.879630 0.352083 0.107407
23 0.502604 0.890741 0.019792 0.025926
18 0.500000 0.433551 0.387284 0.563397
77 0.555533 0.196656 0.225399 0.062963
40 0.498958 0.491667 0.356250 0.394444
8 0.418229 0.416667 0.169792 0.214815
30 0.635938 0.189815 0.028125 0.035185
13 0.848600 0.245508 0.274871 0.182569
77 0.848600 0.189834 0.139367 0.040741
14 0.851562 0.282407 0.246875 0.072222
51 0.778125 0.275000 0.095833 0.038889
13 0.838540 0.454493 0.266393 0.185457
77 0.838540 0.399178 0.145984 0.040741
57 0.836458 0.487963 0.239583 0.064815
88 0.871875 0.487963 0.147917 0.027778
23 0.925521 0.393519 0.019792 0.024074
12 0.161522 0.859802 0.277091 0.168980
77 0.218868 0.809570 0.141567 0.040741
85 0.161458 0.887037 0.243750 0.055556
8 0.846402 0.873626 0.268162 0.192861
77 0.846402 0.814088 0.171315 0.040741
71 0.843229 0.905556 0.240625 0.066667
86 0.796354 0.900000 0.138542 0.033333
19 0.163967 0.454630 0.273660 0.182592
77 0.164574 0.400728 0.139969 0.040741
12 0.161458 0.483333 0.243750 0.062963
20 0.161458 0.487037 0.008333 0.033333
