77 0.253582 0.077241 0.457165 0.087816
15 0.856609 0.264060 0.215484 0.245853
77 0.862316 0.180250 0.112500 0.047516
84 0.858333 0.299074 0.183333 0.124074
7 0.138719 0.273197 0.218736 0.249431
77 0.138719 0.189011 0.153644 0.042196
12 0.134896 0.312037 0.188542 0.127778
83 0.157812 0.314815 0.126042 0.074074
13 0.377607 0.277541 0.224702 0.255195
77 0.377607 0.195182 0.113937 0.050763
39 0.378646 0.308333 0.198958 0.127778
58 0.426042 0.340741 0.077083 0.048148
13 0.855984 0.543297 0.225670 0.250023
77 0.855984 0.455733 0.137984 0.046077
47 0.854167 0.575926 0.195833 0.140741
37 0.851042 0.576852 0.025000 0.031481
11 0.377292 0.833985 0.225482 0.255058
77 0.331218 0.748275 0.112500 0.044441
58 0.379167 0.863889 0.197917 0.138889
18 0.135238 0.552829 0.225803 0.245803
77 0.089003 0.464767 0.112500 0.041818
72 0.134375 0.579630 0.108333 0.137037
79 0.118750 0.598148 0.060417 0.066667
17 0.619832 0.272082 0.222049 0.253107
77 0.619832 0.183449 0.112500 0.040741
48 0.621875 0.302778 0.193750 0.138889
19 0.131713 0.828232 0.224232 0.253064
77 0.140818 0.739440 0.162756 0.040741
28 0.134896 0.858333 0.088542 0.112963
8 0.612252 0.548228 0.218417 0.244838
77 0.627197 0.464703 0.163933 0.047538
81 0.611458 0.581481 0.183333 0.137037
47 0.630729 0.601852 0.119792 0.066667
9 0.382082 0.547257 0.223037 0.246751
77 0.382082 0.463421 0.161612 0.040741
73 0.384896 0.577778 0.098958 0.125926
