77 0.500000 0.068730 0.520000 0.078201
14 0.855762 0.259503 0.223933 0.239067
77 0.870238 0.175844 0.112500 0.040741
64 0.854167 0.285185 0.089583 0.114815
57 0.839583 0.278704 0.050000 0.057407
62 0.920312 0.178704 0.028125 0.035185
9 0.861393 0.544324 0.220842 0.247554
77 0.861393 0.460600 0.134630 0.040741
86 0.860938 0.572222 0.198958 0.137037
4 0.881250 0.565741 0.133333 0.087037
17 0.131383 0.829243 0.220483 0.239332
77 0.141206 0.745030 0.132463 0.040741
70 0.129167 0.860185 0.191667 0.124074
37 0.130729 0.851852 0.023958 0.029630
16 0.373008 0.553729 0.222300 0.241439
77 0.362487 0.472158 0.140064 0.041221
12 0.371875 0.580556 0.193750 0.131481
22 0.391667 0.611111 0.129167 0.055556
20 0.133650 0.556197 0.223277 0.248395
77 0.093857 0.467445 0.112500 0.040741
9 0.135937 0.583333 0.196875 0.144444
9 0.618919 0.263885 0.223680 0.240586
77 0.618919 0.180924 0.154098 0.040741
65 0.619792 0.295370 0.191667 0.138889
30 0.563021 0.337037 0.026042 0.033333
19 0.617252 0.551549 0.217582 0.247928
77 0.590459 0.469095 0.143162 0.042873
85 0.616667 0.581481 0.185417 0.133333
18 0.378749 0.824066 0.218389 0.248283
77 0.383557 0.738795 0.154084 0.040741
60 0.381771 0.863889 0.190625 0.127778
4 0.340625 0.861111 0.091667 0.077778
30 0.453125 0.734259 0.022917 0.027778
14 0.136691 0.274771 0.221795 0.249351
77 0.133404 0.187320 0.144674 0.041852
57 0.132812 0.301852 0.192708 0.140741
20 0.371779 0.266199 0.221995 0.238551
77 0.371779 0.188072 0.145636 0.043688
18 0.372917 0.300926 0.189583 0.131481
17 0.349479 0.266667 0.034375 0.044444
27 0.436458 0.178704 0.018750 0.024074
