77 0.703376 0.067383 0.335720 0.068100
14 0.613934 0.272135 0.224695 0.250852
77 0.600439 0.184535 0.112500 0.044150
3 0.614583 0.301852 0.122917 0.122222
12 0.132811 0.272079 0.226204 0.250929
77 0.175586 0.188800 0.119821 0.048533
85 0.132292 0.308333 0.195833 0.124074
89 0.077604 0.338889 0.026042 0.033333
27 0.214583 0.179630 0.020833 0.025926
12 0.378782 0.270446 0.224084 0.253129
77 0.361009 0.181300 0.167704 0.040741
34 0.378646 0.300000 0.059375 0.118519
79 0.373958 0.290741 0.033333 0.062963
19 0.617860 0.554504 0.214619 0.251684
77 0.590868 0.463586 0.139803 0.041770
25 0.617708 0.589815 0.100000 0.127778
13 0.594792 0.602778 0.035417 0.046296
8 0.144008 0.542172 0.226322 0.243903
77 0.141574 0.457661 0.176395 0.040741
37 0.142187 0.569444 0.088542 0.112963
31 0.222917 0.450000 0.016667 0.022222
19 0.375718 0.835863 0.218916 0.246687
77 0.404141 0.756965 0.141236 0.048674
86 0.377604 0.874074 0.188542 0.129630
72 0.376563 0.863889 0.023958 0.031481
14 0.131223 0.829046 0.223551 0.253237
77 0.131223 0.737233 0.138633 0.040741
69 0.134896 0.858333 0.194792 0.142593
50 0.096354 0.832407 0.088542 0.079630
19 0.864604 0.275117 0.224618 0.246298
77 0.884671 0.186725 0.135339 0.040741
35 0.862500 0.306481 0.089583 0.112963
46 0.845313 0.304630 0.038542 0.057407
10 0.863100 0.552532 0.225343 0.245315
77 0.863100 0.468048 0.121980 0.043856
58 0.865625 0.587963 0.195833 0.124074
5 0.836458 0.606481 0.127083 0.053704
62 0.940104 0.464815 0.026042 0.033333
14 0.373049 0.546501 0.222533 0.248270
77 0.368260 0.461638 0.148637 0.040741
53 0.373437 0.576852 0.086458 0.109259
26 0.388021 0.562037 0.036458 0.068519
