77 0.500000 0.138817 0.640000 0.065332
12 0.368208 0.262058 0.214241 0.242038
77 0.368208 0.184570 0.129446 0.048319
41 0.365625 0.293519 0.089583 0.112963
17 0.617164 0.547069 0.215191 0.237186
77 0.602988 0.469211 0.166006 0.047152
69 0.619271 0.580556 0.188542 0.116667
24 0.556771 0.569444 0.030208 0.038889
19 0.862097 0.266784 0.221333 0.247442
77 0.896668 0.182718 0.131356 0.040741
28 0.859896 0.300000 0.084375 0.107407
13 0.873437 0.297222 0.042708 0.053704
63 0.942187 0.175000 0.021875 0.027778
18 0.370177 0.549591 0.219937 0.248157
77 0.370177 0.467394 0.119286 0.045622
27 0.367708 0.587037 0.095833 0.122222
12 0.351042 0.560185 0.033333 0.042593
11 0.370585 0.834083 0.214208 0.237234
77 0.387169 0.750488 0.112500 0.042935
15 0.369271 0.860185 0.186458 0.124074
67 0.398958 0.882407 0.102083 0.068519
29 0.443229 0.746296 0.017708 0.022222
9 0.854896 0.549468 0.214348 0.249374
77 0.825981 0.466821 0.135684 0.048803
81 0.855729 0.586111 0.182292 0.131481
12 0.887500 0.581481 0.056250 0.070370
31 0.927604 0.455556 0.017708 0.022222
9 0.132877 0.829444 0.219893 0.248521
77 0.153510 0.744099 0.157794 0.048600
70 0.132292 0.866667 0.191667 0.125926
8 0.134151 0.543453 0.220559 0.243213
77 0.091164 0.455443 0.113753 0.040741
1 0.134375 0.568519 0.197917 0.129630
58 0.155729 0.551852 0.128125 0.059259
9 0.139371 0.265237 0.225283 0.245930
77 0.130426 0.178738 0.136934 0.046861
53 0.139063 0.298148 0.096875 0.122222
13 0.620930 0.268725 0.219456 0.253877
77 0.591437 0.179230 0.126964 0.045272
48 0.618750 0.299074 0.189583 0.142593
62 0.581771 0.345370 0.028125 0.035185
27 0.688021 0.175926 0.023958 0.029630
