77 0.791345 0.068182 0.349478 0.069697
7 0.861190 0.549523 0.216633 0.238826
77 0.861190 0.467820 0.115699 0.046721
41 0.859896 0.584259 0.086458 0.109259
5 0.864583 0.593519 0.039583 0.068519
9 0.377988 0.553214 0.225985 0.243277
77 0.345366 0.473471 0.139907 0.046731
10 0.380208 0.589815 0.200000 0.112963
4 0.382292 0.597222 0.087500 0.038889
27 0.452604 0.465741 0.021875 0.027778
10 0.855451 0.275894 0.222972 0.250069
77 0.844556 0.187163 0.172048 0.046009
31 0.854688 0.311111 0.096875 0.122222
34 0.855729 0.312963 0.019792 0.040741
15 0.620717 0.278158 0.216301 0.253698
77 0.620717 0.189580 0.150443 0.040741
32 0.619792 0.308333 0.093750 0.120370
13 0.618253 0.552851 0.215771 0.242327
77 0.618785 0.468267 0.166138 0.044327
39 0.615625 0.587963 0.187500 0.124074
10 0.135117 0.267110 0.219184 0.254190
77 0.137798 0.177150 0.162660 0.041901
6 0.134896 0.300000 0.194792 0.122222
81 0.159896 0.278704 0.132292 0.050000
15 0.129537 0.833596 0.214654 0.239092
77 0.115038 0.753775 0.164822 0.043618
78 0.130208 0.872222 0.189583 0.122222
18 0.140648 0.542843 0.220097 0.247396
77 0.140648 0.455522 0.141467 0.045299
88 0.141667 0.574074 0.187500 0.144444
8 0.377980 0.820732 0.222016 0.237656
77 0.377980 0.737304 0.113938 0.043802
36 0.376563 0.849074 0.188542 0.127778
16 0.377659 0.274589 0.219818 0.248619
77 0.377659 0.185055 0.154391 0.040741
33 0.377083 0.299074 0.106250 0.135185
27 0.442708 0.181481 0.020833 0.025926
