77 0.500000 0.068568 0.520000 0.077877
19 0.841198 0.447253 0.293605 0.182102
77 0.841198 0.390951 0.190002 0.040741
46 0.838542 0.479630 0.266667 0.059259
20 0.500000 0.421758 0.351894 0.539813
77 0.446593 0.202609 0.224247 0.062963
11 0.498958 0.478704 0.318750 0.383333
62 0.415625 0.332407 0.045833 0.057407
15 0.835359 0.659306 0.292224 0.186390
77 0.771083 0.605254 0.142839 0.040741
66 0.838542 0.691667 0.262500 0.072222
10 0.164354 0.653208 0.292660 0.174333
77 0.205369 0.605079 0.189797 0.040741
32 0.165104 0.679630 0.040625 0.051852
13 0.176042 0.675926 0.014583 0.018519
18 0.836487 0.863596 0.285219 0.169770
77 0.836487 0.816793 0.130041 0.040741
76 0.835417 0.896296 0.035417 0.044444
62 0.835417 0.891667 0.016667 0.020370
28 0.940625 0.815741 0.025000 0.031481
16 0.172384 0.869549 0.294809 0.186019
77 0.215957 0.814709 0.144601 0.040741
69 0.173958 0.904630 0.268750 0.075926
6 0.114583 0.907407 0.122917 0.025926
7 0.167849 0.443360 0.294736 0.174810
77 0.152179 0.396384 0.172186 0.040741
63 0.167187 0.476852 0.044792 0.057407
71 0.171354 0.477778 0.019792 0.025926
14 0.502332 0.835303 0.356559 0.234695
77 0.502332 0.756433 0.176271 0.040741
61 0.505208 0.874074 0.327083 0.118519
18 0.169713 0.252081 0.283939 0.185746
77 0.169715 0.194856 0.206451 0.040741
22 0.171875 0.281481 0.258333 0.085185
9 0.836511 0.235987 0.291725 0.176094
77 0.836511 0.183249 0.192652 0.040741
16 0.835417 0.265741 0.264583 0.068519
86 0.870833 0.261111 0.179167 0.029630
