77 0.500000 0.137773 0.640000 0.076103
18 0.133032 0.833642 0.226255 0.249331
77 0.113086 0.743124 0.112500 0.040741
15 0.133333 0.861111 0.200000 0.148148
73 0.180729 0.831481 0.028125 0.037037
30 0.215104 0.740741 0.019792 0.025926
14 0.855370 0.539553 0.216712 0.238723
77 0.835036 0.459290 0.155210 0.043019
11 0.856771 0.572222 0.192708 0.114815
85 0.817187 0.564815 0.103125 0.055556
9 0.611658 0.542716 0.217638 0.247577
77 0.647870 0.456491 0.112500 0.041761
83 0.611979 0.573148 0.190625 0.142593
56 0.581771 0.599074 0.117708 0.072222
16 0.136366 0.270526 0.225526 0.239672
77 0.152110 0.189263 0.143257 0.042344
31 0.138542 0.307407 0.087500 0.111111
87 0.144271 0.300000 0.036458 0.070370
8 0.369286 0.552563 0.216731 0.253028
77 0.369286 0.464003 0.144370 0.041183
1 0.368750 0.589815 0.181250 0.131481
69 0.342708 0.612037 0.118750 0.075926
14 0.618993 0.278090 0.220552 0.254761
77 0.618993 0.185195 0.161295 0.042011
36 0.614583 0.309259 0.191667 0.140741
8 0.380609 0.835824 0.222933 0.245811
77 0.380609 0.750440 0.119966 0.043674
40 0.379167 0.866667 0.189583 0.129630
10 0.132722 0.552222 0.218516 0.245493
77 0.175314 0.469701 0.112500 0.040741
65 0.131771 0.579630 0.194792 0.133333
45 0.091667 0.602778 0.027083 0.035185
12 0.375846 0.258867 0.215436 0.240494
77 0.404506 0.175103 0.112500 0.040741
54 0.377604 0.287037 0.184375 0.118519
42 0.417187 0.324074 0.023958 0.029630
8 0.860327 0.271921 0.225118 0.246892
77 0.846621 0.185643 0.112500 0.040741
71 0.860417 0.305556 0.197917 0.133333
6 0.882292 0.328704 0.127083 0.061111
