77 0.500000 0.070054 0.380000 0.069542
19 0.863152 0.866048 0.238077 0.181604
77 0.867544 0.814884 0.131477 0.040741
80 0.864062 0.902778 0.211458 0.072222
31 0.942708 0.806481 0.018750 0.024074
17 0.499913 0.847970 0.457455 0.228207
77 0.499913 0.770395 0.202881 0.041414
22 0.500521 0.877778 0.430208 0.129630
29 0.584375 0.906481 0.025000 0.031481
14 0.139373 0.869089 0.234271 0.189080
77 0.139373 0.813031 0.144265 0.040741
21 0.138542 0.900926 0.202083 0.083333
76 0.216667 0.812037 0.025000 0.031481
15 0.851599 0.656807 0.225572 0.177014
77 0.858988 0.607762 0.158473 0.040741
11 0.854167 0.690741 0.193750 0.055556
8 0.139475 0.245071 0.235834 0.191716
77 0.134889 0.189256 0.178168 0.040741
28 0.142187 0.277778 0.055208 0.070370
30 0.148438 0.271296 0.019792 0.024074
14 0.865019 0.238506 0.235262 0.184483
77 0.879714 0.184374 0.158664 0.040741
59 0.868229 0.274074 0.207292 0.055556
19 0.859022 0.441086 0.228920 0.174198
77 0.859022 0.389608 0.176427 0.040741
78 0.859375 0.475926 0.200000 0.062963
30 0.931771 0.390741 0.026042 0.033333
12 0.143700 0.449554 0.241737 0.175274
77 0.143700 0.397075 0.160844 0.040741
16 0.141146 0.476852 0.215625 0.061111
76 0.230729 0.392593 0.017708 0.022222
8 0.144365 0.656066 0.237643 0.175099
77 0.144365 0.604622 0.124082 0.040741
72 0.144792 0.687037 0.050000 0.062963
83 0.143229 0.693519 0.026042 0.038889
15 0.500000 0.427003 0.457630 0.550302
77 0.500000 0.198094 0.244412 0.062963
52 0.499479 0.488889 0.436458 0.374074
41 0.496875 0.492593 0.035417 0.044444
27 0.661458 0.188889 0.027083 0.033333
