77 0.500000 0.067901 0.380000 0.061603
17 0.851010 0.649771 0.236481 0.173171
77 0.851010 0.601464 0.119577 0.040741
64 0.851562 0.685185 0.032292 0.040741
62 0.851562 0.690741 0.015625 0.018519
18 0.149022 0.443785 0.242962 0.169454
77 0.149022 0.395826 0.149212 0.040741
89 0.147917 0.473148 0.033333 0.042593
56 0.141146 0.479630 0.019792 0.025926
8 0.143161 0.238769 0.247808 0.170958
77 0.109950 0.187341 0.160553 0.040741
35 0.145833 0.268519 0.035417 0.044444
63 0.221875 0.188889 0.027083 0.033333
14 0.146866 0.666475 0.248730 0.189924
77 0.146866 0.611489 0.192782 0.040741
25 0.147396 0.699074 0.059375 0.075926
13 0.154688 0.712037 0.030208 0.038889
15 0.144934 0.864039 0.235327 0.172080
77 0.165083 0.817332 0.174196 0.040741
49 0.142187 0.890741 0.207292 0.055556
15 0.105208 0.900926 0.018750 0.024074
15 0.500000 0.420115 0.439317 0.536527
77 0.429692 0.197127 0.277867 0.062963
12 0.501042 0.475000 0.412500 0.368519
55 0.410417 0.546296 0.214583 0.181481
16 0.853454 0.233619 0.248834 0.171082
77 0.853454 0.186443 0.167839 0.040741
53 0.853646 0.268519 0.040625 0.051852
39 0.853646 0.266667 0.017708 0.025926
7 0.854178 0.870988 0.235477 0.182190
77 0.854178 0.813312 0.129232 0.040741
59 0.856771 0.896296 0.205208 0.081481
12 0.500130 0.833310 0.439577 0.242816
77 0.532656 0.755779 0.268492 0.047477
33 0.499479 0.869444 0.080208 0.101852
15 0.852579 0.451950 0.238713 0.192480
77 0.852579 0.392973 0.139123 0.040741
63 0.852083 0.485185 0.052083 0.066667
74 0.847396 0.478704 0.015625 0.020370
63 0.939583 0.390741 0.022917 0.029630
