77 0.500000 0.087184 0.380000 0.072232
11 0.612689 0.270915 0.215824 0.239242
77 0.641527 0.191327 0.137315 0.040741
72 0.610417 0.299074 0.091667 0.116667
27 0.683333 0.181481 0.016667 0.022222
13 0.377678 0.544820 0.219367 0.243530
77 0.363713 0.459104 0.112500 0.040741
44 0.377083 0.572222 0.087500 0.111111
54 0.378646 0.563889 0.040625 0.061111
17 0.137450 0.555799 0.218295 0.252343
77 0.146507 0.466340 0.138309 0.040741
28 0.134896 0.592593 0.101042 0.129630
12 0.857069 0.545381 0.218209 0.246964
77 0.857069 0.462017 0.121299 0.044530
67 0.860417 0.575000 0.189583 0.127778
9 0.381983 0.831982 0.224578 0.252466
77 0.381012 0.743584 0.137978 0.040741
29 0.383333 0.867593 0.106250 0.135185
10 0.130440 0.273160 0.219113 0.246439
77 0.173330 0.187442 0.112500 0.040741
73 0.132292 0.301852 0.110417 0.140741
20 0.856719 0.275504 0.221871 0.253794
77 0.856719 0.189774 0.117535 0.046500
59 0.853646 0.312963 0.190625 0.129630
27 0.933854 0.186111 0.028125 0.035185
13 0.612452 0.552130 0.221223 0.245894
77 0.632025 0.465304 0.149058 0.043819
42 0.613021 0.583333 0.096875 0.122222
20 0.136917 0.830055 0.224949 0.247824
77 0.136917 0.744026 0.123145 0.040741
79 0.136458 0.859259 0.193750 0.140741
86 0.142187 0.859259 0.107292 0.077778
15 0.380335 0.261523 0.223332 0.241409
77 0.350158 0.176675 0.142144 0.040741
51 0.380208 0.299074 0.189583 0.127778
69 0.360417 0.285185 0.127083 0.070370
