77 0.203558 0.068292 0.357116 0.069918
20 0.129204 0.274960 0.218716 0.249515
77 0.144396 0.186020 0.147234 0.040741
65 0.129167 0.306481 0.195833 0.127778
62 0.195312 0.179630 0.017708 0.022222
19 0.132568 0.831877 0.215852 0.254781
77 0.132568 0.740388 0.133164 0.040741
29 0.133854 0.863889 0.096875 0.124074
25 0.131250 0.870370 0.022917 0.029630
16 0.369437 0.260125 0.215220 0.237382
77 0.341146 0.182920 0.137804 0.044644
81 0.372917 0.296296 0.187500 0.122222
37 0.373437 0.292593 0.023958 0.029630
12 0.865129 0.540906 0.221879 0.243982
77 0.865129 0.455445 0.159717 0.044291
27 0.867708 0.574074 0.093750 0.118519
50 0.846354 0.580556 0.040625 0.061111
30 0.929167 0.455556 0.029167 0.037037
7 0.614503 0.548804 0.225073 0.247572
77 0.628666 0.459722 0.171165 0.040741
86 0.614062 0.571296 0.192708 0.138889
35 0.657813 0.601852 0.040625 0.051852
9 0.138310 0.541485 0.224725 0.245540
77 0.138310 0.459623 0.131085 0.047519
52 0.135937 0.571296 0.198958 0.120370
14 0.617279 0.271189 0.222808 0.250141
77 0.594234 0.183618 0.129784 0.040741
20 0.616667 0.304630 0.195833 0.124074
10 0.854544 0.258262 0.223797 0.242851
77 0.854544 0.175615 0.112500 0.043855
33 0.853125 0.286111 0.093750 0.120370
42 0.851562 0.287963 0.023958 0.031481
19 0.384052 0.553281 0.224975 0.239370
77 0.384052 0.469975 0.152582 0.044320
4 0.383333 0.588889 0.193750 0.125926
10 0.378029 0.824852 0.214657 0.250575
77 0.337367 0.737516 0.112500 0.040741
38 0.378125 0.859259 0.191667 0.140741
76 0.322396 0.890741 0.026042 0.033333
