77 0.500000 0.070208 0.520000 0.081158
11 0.138550 0.457593 0.237956 0.187598
77 0.138550 0.398191 0.120599 0.040741
36 0.139063 0.494444 0.213542 0.074074
9 0.857316 0.451224 0.240213 0.189463
77 0.832564 0.395267 0.151657 0.040741
14 0.857812 0.487037 0.205208 0.074074
66 0.810417 0.495370 0.085417 0.038889
8 0.501456 0.813224 0.450013 0.307141
77 0.501456 0.698832 0.300102 0.045740
82 0.498958 0.851852 0.420833 0.181481
17 0.856927 0.656917 0.237131 0.177088
77 0.829557 0.607184 0.126826 0.040741
64 0.854688 0.686111 0.053125 0.068519
8 0.140126 0.654770 0.238462 0.173313
77 0.108252 0.602560 0.153879 0.040741
46 0.140104 0.680556 0.213542 0.068519
81 0.190104 0.689815 0.105208 0.027778
37 0.216667 0.607407 0.029167 0.037037
15 0.146572 0.243196 0.242765 0.187562
77 0.146572 0.184035 0.169455 0.040741
35 0.149479 0.274074 0.046875 0.059259
10 0.142187 0.283333 0.019792 0.025926
27 0.229167 0.180556 0.018750 0.024074
16 0.144016 0.871160 0.232452 0.177251
77 0.144016 0.816580 0.114107 0.040741
25 0.146354 0.902778 0.051042 0.064815
60 0.142708 0.899074 0.031250 0.035185
37 0.212500 0.815741 0.018750 0.024074
7 0.854960 0.243646 0.242398 0.184109
77 0.878470 0.185398 0.174544 0.040741
0 0.855208 0.273148 0.206250 0.072222
9 0.824479 0.262963 0.026042 0.033333
16 0.500000 0.389535 0.447100 0.475367
77 0.500000 0.197565 0.202555 0.062963
72 0.498437 0.441667 0.234375 0.298148
7 0.858577 0.867002 0.234347 0.187419
77 0.871039 0.811977 0.130929 0.040741
34 0.857292 0.901852 0.037500 0.074074
76 0.943750 0.806481 0.020833 0.027778
