77 0.245769 0.074716 0.441539 0.082766
14 0.498289 0.805401 0.400290 0.302652
77 0.535173 0.697552 0.305688 0.051307
43 0.498958 0.837037 0.139583 0.177778
15 0.151537 0.448240 0.259323 0.188799
77 0.212394 0.391907 0.116776 0.040741
71 0.149479 0.487037 0.230208 0.070370
8 0.151042 0.476852 0.027083 0.035185
9 0.843024 0.248363 0.253404 0.180851
77 0.843024 0.194088 0.113567 0.040741
3 0.842187 0.272222 0.059375 0.059259
30 0.927083 0.193519 0.025000 0.031481
7 0.853956 0.662717 0.266587 0.178054
77 0.853956 0.613768 0.155437 0.040741
0 0.851562 0.694444 0.240625 0.055556
29 0.908854 0.704630 0.019792 0.024074
12 0.500000 0.389083 0.403711 0.474462
77 0.500000 0.197700 0.231491 0.062963
76 0.500000 0.433333 0.262500 0.333333
18 0.469271 0.351852 0.105208 0.133333
30 0.638542 0.187963 0.025000 0.031481
10 0.850453 0.459189 0.261401 0.189231
77 0.864640 0.402033 0.171260 0.040741
65 0.851042 0.492593 0.229167 0.059259
8 0.904167 0.490741 0.022917 0.029630
28 0.936458 0.400926 0.025000 0.031481
9 0.151743 0.244031 0.255969 0.180632
77 0.151743 0.192592 0.192149 0.040741
46 0.153125 0.278704 0.231250 0.068519
28 0.236979 0.184259 0.015625 0.020370
19 0.845903 0.865498 0.264163 0.177502
77 0.876832 0.810729 0.138219 0.040741
53 0.847396 0.898148 0.040625 0.051852
19 0.145857 0.871845 0.253650 0.188815
77 0.145857 0.815436 0.143616 0.040741
67 0.144792 0.904630 0.220833 0.083333
36 0.089583 0.909259 0.097917 0.033333
7 0.152937 0.663273 0.268166 0.176679
77 0.156132 0.611694 0.196430 0.040741
72 0.154167 0.697222 0.045833 0.057407
28 0.233333 0.612963 0.029167 0.037037
