77 0.712489 0.065891 0.280991 0.065115
15 0.858901 0.271156 0.226285 0.239836
77 0.876244 0.188193 0.143628 0.040741
78 0.860938 0.300000 0.196875 0.137037
14 0.816146 0.275000 0.038542 0.050000
76 0.927604 0.187963 0.028125 0.035185
14 0.134377 0.549915 0.218172 0.247281
77 0.134377 0.460694 0.157835 0.041339
14 0.137500 0.580556 0.187500 0.124074
7 0.378374 0.538242 0.225233 0.238798
77 0.413492 0.461501 0.134164 0.044826
29 0.375000 0.574074 0.087500 0.111111
38 0.372917 0.562963 0.058333 0.051852
27 0.444792 0.457407 0.029167 0.037037
7 0.616187 0.551124 0.217858 0.250124
77 0.634140 0.462930 0.159510 0.040741
42 0.618229 0.576852 0.107292 0.135185
50 0.612500 0.569444 0.054167 0.068519
11 0.616349 0.264030 0.215500 0.250512
77 0.596356 0.174088 0.154681 0.041746
60 0.614583 0.294444 0.191667 0.137037
27 0.684896 0.176852 0.028125 0.035185
13 0.128838 0.837347 0.214341 0.251288
77 0.091456 0.748734 0.112500 0.040905
4 0.127083 0.869444 0.185417 0.138889
55 0.170313 0.841667 0.094792 0.050000
17 0.375122 0.831775 0.217714 0.240730
77 0.375122 0.745993 0.112500 0.040962
50 0.378125 0.864815 0.189583 0.137037
88 0.403646 0.844444 0.111458 0.081481
15 0.855861 0.537622 0.216916 0.238487
77 0.889215 0.453520 0.129375 0.040741
67 0.855729 0.573148 0.194792 0.127778
22 0.806771 0.594444 0.084375 0.066667
17 0.379620 0.261025 0.219908 0.239423
77 0.379620 0.178164 0.112500 0.043499
28 0.380729 0.288889 0.090625 0.114815
65 0.383333 0.297222 0.045833 0.042593
9 0.131054 0.262896 0.220012 0.245260
77 0.159525 0.178735 0.125703 0.040741
68 0.130729 0.294444 0.196875 0.140741
48 0.098437 0.327778 0.111458 0.048148
