77 0.500000 0.068758 0.520000 0.078258
18 0.613671 0.552284 0.215736 0.247762
77 0.587474 0.467352 0.142509 0.048605
26 0.612500 0.583333 0.187500 0.129630
42 0.616146 0.583333 0.026042 0.033333
8 0.623202 0.267723 0.221079 0.239747
77 0.623202 0.187375 0.146878 0.040741
11 0.622917 0.305556 0.189583 0.125926
28 0.700521 0.183333 0.026042 0.033333
15 0.377858 0.263558 0.220627 0.248892
77 0.407990 0.176754 0.139529 0.044631
51 0.380208 0.293519 0.193750 0.131481
26 0.344792 0.262037 0.112500 0.050000
15 0.375819 0.824457 0.219247 0.239114
77 0.370221 0.740462 0.112500 0.040741
67 0.374479 0.858333 0.192708 0.120370
86 0.371875 0.848148 0.102083 0.059259
37 0.443750 0.736111 0.018750 0.024074
10 0.141945 0.834469 0.225153 0.250675
77 0.177770 0.753035 0.132670 0.047436
34 0.144792 0.865741 0.060417 0.120370
15 0.128774 0.554711 0.219900 0.253125
77 0.089243 0.463346 0.120004 0.041891
73 0.127083 0.578704 0.097917 0.124074
32 0.196875 0.458333 0.016667 0.020370
17 0.863820 0.551335 0.225180 0.238488
77 0.863820 0.469762 0.168493 0.040741
62 0.865104 0.579630 0.086458 0.111111
2 0.854167 0.604630 0.045833 0.038889
16 0.863615 0.273977 0.220656 0.245251
77 0.863615 0.189017 0.141045 0.040741
86 0.864062 0.302778 0.192708 0.138889
23 0.942708 0.181481 0.016667 0.022222
9 0.377362 0.546434 0.215729 0.254954
77 0.396862 0.454040 0.112500 0.040741
69 0.376563 0.581481 0.184375 0.140741
19 0.332813 0.576852 0.065625 0.083333
27 0.442708 0.454630 0.022917 0.027778
20 0.130462 0.277217 0.219146 0.250023
77 0.130462 0.189815 0.112500 0.040741
24 0.128646 0.306481 0.103125 0.131481
36 0.121875 0.335185 0.068750 0.051852
