77 0.744185 0.068736 0.320874 0.070806
18 0.141245 0.449845 0.235993 0.192481
77 0.142501 0.387566 0.178613 0.040741
45 0.140104 0.475926 0.063542 0.081481
18 0.861566 0.442836 0.247771 0.174842
77 0.861566 0.396083 0.166042 0.040741
40 0.860938 0.472222 0.217708 0.062963
19 0.859516 0.865782 0.238679 0.180386
77 0.859516 0.811676 0.170236 0.040741
87 0.856771 0.895370 0.211458 0.064815
31 0.942708 0.806481 0.018750 0.024074
9 0.500000 0.419469 0.440911 0.535234
77 0.500000 0.202107 0.202236 0.062963
80 0.498437 0.473148 0.409375 0.387037
8 0.609375 0.401852 0.160417 0.203704
17 0.847471 0.236035 0.234961 0.174550
77 0.820992 0.186878 0.112500 0.040741
12 0.846354 0.264815 0.211458 0.051852
29 0.883333 0.263889 0.018750 0.024074
76 0.929167 0.180556 0.018750 0.024074
12 0.501918 0.829347 0.444747 0.242522
77 0.501918 0.748788 0.273608 0.043747
41 0.498958 0.861111 0.081250 0.103704
12 0.507292 0.846296 0.027083 0.033333
14 0.151262 0.647713 0.246685 0.169370
77 0.151262 0.596755 0.191866 0.040741
42 0.154167 0.676852 0.047917 0.061111
74 0.151562 0.690741 0.017708 0.022222
23 0.230208 0.600926 0.031250 0.038889
13 0.138666 0.874587 0.237142 0.188390
77 0.122792 0.820424 0.143152 0.040741
69 0.139063 0.905556 0.203125 0.077778
62 0.210417 0.812963 0.020833 0.025926
13 0.858685 0.670412 0.242471 0.190448
77 0.819685 0.609324 0.143638 0.040741
88 0.857292 0.694444 0.216667 0.081481
52 0.802083 0.694444 0.087500 0.048148
32 0.937500 0.608333 0.020833 0.027778
11 0.148806 0.249813 0.248542 0.190334
77 0.148806 0.190059 0.162967 0.040741
11 0.145833 0.279630 0.220833 0.077778
