77 0.196036 0.072807 0.342071 0.078948
20 0.141705 0.232753 0.232038 0.173369
77 0.142954 0.181028 0.123324 0.040741
17 0.140104 0.266667 0.201042 0.055556
15 0.135417 0.276852 0.018750 0.024074
31 0.215104 0.178704 0.021875 0.027778
9 0.143045 0.647717 0.240989 0.170523
77 0.094108 0.601408 0.122283 0.040741
18 0.141667 0.680556 0.212500 0.061111
89 0.208854 0.684259 0.019792 0.024074
29 0.216667 0.598148 0.022917 0.029630
20 0.862048 0.244142 0.234220 0.175840
77 0.862665 0.191581 0.157706 0.040741
5 0.862500 0.275926 0.212500 0.051852
10 0.861861 0.877361 0.237761 0.187542
77 0.861861 0.823501 0.148891 0.040741
11 0.861979 0.905556 0.203125 0.077778
89 0.918229 0.914815 0.019792 0.025926
13 0.854520 0.650006 0.230059 0.174305
77 0.841349 0.602762 0.138161 0.040741
9 0.856771 0.679630 0.198958 0.051852
19 0.906771 0.673148 0.021875 0.027778
18 0.856351 0.452248 0.228345 0.187585
77 0.843704 0.393008 0.112500 0.040741
10 0.859375 0.482407 0.197917 0.083333
8 0.500000 0.447022 0.459218 0.590340
77 0.591148 0.198912 0.256088 0.062963
59 0.500000 0.507407 0.431250 0.429630
20 0.133452 0.864400 0.225361 0.177490
77 0.133452 0.813077 0.163807 0.040741
16 0.135417 0.893519 0.200000 0.064815
23 0.075521 0.880556 0.019792 0.024074
29 0.198958 0.811111 0.022917 0.029630
7 0.501914 0.861854 0.463046 0.184936
77 0.501914 0.810060 0.284057 0.040741
39 0.502604 0.891667 0.438542 0.075926
18 0.398438 0.873148 0.021875 0.027778
8 0.139308 0.439348 0.231905 0.169920
77 0.139308 0.387753 0.138018 0.040741
67 0.139063 0.469444 0.201042 0.061111
77 0.103125 0.472222 0.102083 0.007407
