77 0.500000 0.073115 0.520000 0.086972
20 0.134970 0.540052 0.225935 0.238492
77 0.155401 0.458730 0.160545 0.041957
90 0.135937 0.575000 0.192708 0.124074
68 0.176042 0.569444 0.085417 0.064815
13 0.381545 0.269570 0.219956 0.249002
77 0.417819 0.181166 0.126575 0.044022
41 0.382292 0.300000 0.085417 0.107407
25 0.385937 0.291667 0.021875 0.027778
37 0.455729 0.176852 0.021875 0.027778
19 0.139480 0.818414 0.222423 0.238559
77 0.097618 0.738109 0.117866 0.042045
61 0.139583 0.850926 0.200000 0.135185
20 0.140060 0.270058 0.222474 0.249996
77 0.167129 0.178835 0.112500 0.040775
1 0.141146 0.294444 0.196875 0.137037
90 0.111979 0.307407 0.126042 0.066667
12 0.614741 0.555258 0.218216 0.250008
77 0.614741 0.465430 0.149593 0.041925
17 0.613021 0.584259 0.192708 0.146296
31 0.648438 0.615741 0.028125 0.035185
14 0.859680 0.539405 0.221806 0.240434
77 0.864897 0.462364 0.137990 0.047799
7 0.860938 0.577778 0.190625 0.114815
31 0.932292 0.451852 0.022917 0.029630
12 0.376358 0.551748 0.221954 0.245938
77 0.376358 0.468308 0.112500 0.047169
60 0.374479 0.584259 0.190625 0.131481
10 0.378638 0.827329 0.215631 0.243551
77 0.396034 0.742013 0.160006 0.040741
56 0.379688 0.863889 0.184375 0.127778
18 0.340625 0.867593 0.060417 0.075926
12 0.854119 0.264154 0.223481 0.255269
77 0.854119 0.181717 0.112500 0.050959
71 0.853125 0.300926 0.191667 0.131481
31 0.930208 0.166667 0.016667 0.022222
10 0.615990 0.276144 0.218202 0.254470
77 0.615990 0.186836 0.136054 0.040741
49 0.615104 0.308333 0.190625 0.153704
23 0.672396 0.269444 0.028125 0.035185
29 0.685417 0.178704 0.016667 0.020370
