77 0.500000 0.072058 0.520000 0.084856
18 0.498445 0.809683 0.430306 0.303497
77 0.454797 0.699137 0.256728 0.053426
39 0.498437 0.846296 0.396875 0.192593
23 0.663021 0.687963 0.015625 0.020370
14 0.144850 0.244131 0.239324 0.189820
77 0.118180 0.188784 0.143461 0.040741
44 0.148438 0.280556 0.051042 0.064815
82 0.148438 0.279630 0.021875 0.037037
37 0.221354 0.181481 0.019792 0.025926
8 0.142733 0.444640 0.246252 0.170080
77 0.196571 0.400307 0.117742 0.040741
77 0.142708 0.477778 0.189583 0.014815
11 0.860546 0.447840 0.251397 0.172325
77 0.860546 0.400795 0.193514 0.040741
32 0.860938 0.485185 0.032292 0.040741
9 0.850891 0.863770 0.246254 0.173043
77 0.850891 0.810756 0.158111 0.040741
23 0.850000 0.895370 0.039583 0.050000
12 0.500000 0.389212 0.433417 0.474721
77 0.575234 0.200544 0.262115 0.062963
18 0.498958 0.442593 0.400000 0.318519
13 0.852048 0.244642 0.249561 0.189525
77 0.852048 0.187657 0.160241 0.040741
12 0.851562 0.275926 0.219792 0.077778
27 0.850521 0.275000 0.019792 0.024074
12 0.853356 0.667452 0.239346 0.188947
77 0.830789 0.608963 0.142705 0.040741
2 0.855729 0.695370 0.213542 0.072222
76 0.923438 0.602778 0.015625 0.020370
9 0.140899 0.660503 0.246185 0.191968
77 0.164261 0.601435 0.178629 0.040741
16 0.141146 0.693519 0.221875 0.072222
8 0.138680 0.855037 0.239227 0.170961
77 0.128148 0.805721 0.135304 0.040741
62 0.138021 0.883333 0.046875 0.059259
85 0.137500 0.881481 0.018750 0.025926
