77 0.676998 0.077399 0.282262 0.088132
9 0.612788 0.545637 0.215864 0.243626
77 0.612788 0.465095 0.112500 0.048105
1 0.610417 0.580556 0.189583 0.124074
43 0.660937 0.554630 0.021875 0.027778
8 0.368801 0.266605 0.216710 0.255034
77 0.368801 0.179796 0.165966 0.045279
88 0.367188 0.304630 0.190625 0.138889
18 0.131211 0.556696 0.223424 0.251442
77 0.131211 0.466263 0.112500 0.040919
43 0.133854 0.588889 0.096875 0.122222
74 0.128646 0.595370 0.021875 0.027778
10 0.861391 0.550670 0.224373 0.248185
77 0.887943 0.465579 0.150438 0.049270
2 0.860938 0.583333 0.190625 0.125926
30 0.900521 0.555556 0.026042 0.033333
37 0.939583 0.464815 0.029167 0.037037
9 0.621062 0.264077 0.217151 0.252729
77 0.621062 0.177276 0.142435 0.040741
30 0.621875 0.296296 0.102083 0.129630
12 0.379263 0.829833 0.214466 0.240049
77 0.391178 0.744112 0.131218 0.040741
84 0.380729 0.856481 0.182292 0.138889
8 0.854179 0.270781 0.214561 0.237057
77 0.880731 0.188549 0.140623 0.040741
44 0.853125 0.303704 0.089583 0.114815
74 0.848437 0.323148 0.021875 0.027778
11 0.373161 0.555833 0.225899 0.252721
77 0.353706 0.468376 0.166155 0.043099
41 0.369271 0.587037 0.115625 0.148148
7 0.132404 0.831146 0.224599 0.254824
77 0.111119 0.742220 0.131605 0.040741
25 0.131250 0.862037 0.106250 0.135185
56 0.126562 0.870370 0.046875 0.062963
8 0.142223 0.272432 0.224011 0.240156
77 0.142223 0.186916 0.152252 0.042080
58 0.144271 0.310185 0.196875 0.124074
62 0.218229 0.190741 0.026042 0.033333
