77 0.500000 0.068869 0.520000 0.078479
7 0.502072 0.825303 0.452292 0.246969
77 0.502072 0.737753 0.276713 0.045526
83 0.502083 0.861111 0.420833 0.133333
68 0.437500 0.863889 0.283333 0.079630
15 0.145662 0.450167 0.236652 0.183141
77 0.139674 0.391959 0.155914 0.040741
25 0.145833 0.478704 0.054167 0.068519
9 0.154167 0.491667 0.018750 0.024074
19 0.145171 0.664018 0.238863 0.180279
77 0.161607 0.610879 0.136628 0.040741
44 0.143750 0.695370 0.054167 0.068519
7 0.142651 0.873706 0.230486 0.189122
77 0.142651 0.813738 0.143659 0.040741
58 0.142187 0.905556 0.194792 0.066667
71 0.166667 0.907407 0.125000 0.029630
7 0.849621 0.875382 0.231889 0.189952
77 0.849621 0.818194 0.112500 0.040741
39 0.846875 0.904630 0.204167 0.083333
13 0.500000 0.415692 0.448147 0.527681
77 0.410057 0.201827 0.247428 0.062963
23 0.500000 0.464815 0.285417 0.362963
9 0.856406 0.656152 0.243916 0.190028
77 0.856406 0.598680 0.167754 0.040741
81 0.858854 0.688889 0.215625 0.085185
29 0.943750 0.597222 0.025000 0.031481
10 0.149833 0.243097 0.246521 0.174129
77 0.149833 0.192764 0.136889 0.040741
8 0.150000 0.267593 0.218750 0.061111
16 0.856477 0.231157 0.243850 0.169568
77 0.803265 0.185479 0.116592 0.040741
36 0.859375 0.259259 0.212500 0.051852
35 0.913542 0.263889 0.018750 0.024074
11 0.863001 0.451850 0.240304 0.173607
77 0.900835 0.404391 0.143803 0.040741
60 0.863021 0.492593 0.207292 0.055556
31 0.938542 0.401852 0.029167 0.037037
