77 0.500000 0.067525 0.520000 0.075790
14 0.378024 0.274298 0.225748 0.243142
77 0.416013 0.193060 0.128935 0.043858
10 0.377604 0.311111 0.203125 0.114815
80 0.353646 0.329630 0.128125 0.040741
23 0.454688 0.190741 0.030208 0.037037
12 0.619627 0.552232 0.221363 0.251596
77 0.575613 0.465390 0.112500 0.047476
14 0.622917 0.584259 0.191667 0.135185
61 0.650521 0.550926 0.128125 0.061111
7 0.374605 0.557726 0.220863 0.248085
77 0.362659 0.473496 0.166791 0.042969
0 0.372917 0.594444 0.191667 0.125926
63 0.448958 0.468519 0.022917 0.029630
15 0.859373 0.550344 0.219174 0.252764
77 0.845153 0.460501 0.165302 0.040741
22 0.858333 0.580556 0.185417 0.146296
14 0.132188 0.263332 0.226112 0.246033
77 0.132188 0.179988 0.159299 0.042862
61 0.132292 0.293519 0.191667 0.131481
31 0.128125 0.284259 0.025000 0.031481
16 0.372977 0.822039 0.214698 0.237171
77 0.372441 0.742076 0.152399 0.040741
46 0.370833 0.857407 0.187500 0.114815
15 0.138168 0.837622 0.219484 0.254355
77 0.164888 0.748917 0.145211 0.047205
28 0.137500 0.874074 0.093750 0.118519
47 0.118229 0.857407 0.046875 0.066667
15 0.860324 0.274260 0.220570 0.253438
77 0.874349 0.181960 0.171688 0.040741
35 0.857812 0.302778 0.094792 0.120370
11 0.132913 0.536888 0.222016 0.238286
77 0.113903 0.460574 0.163161 0.047255
45 0.134375 0.566667 0.081250 0.103704
84 0.116667 0.576852 0.035417 0.050000
8 0.617796 0.266273 0.215556 0.251593
77 0.623505 0.181357 0.126459 0.046506
41 0.619271 0.300000 0.096875 0.122222
69 0.642708 0.270370 0.041667 0.044444
