77 0.500000 0.073684 0.520000 0.088109
14 0.373893 0.272567 0.215643 0.254668
77 0.349456 0.183929 0.145936 0.043752
84 0.375521 0.309259 0.182292 0.129630
90 0.376042 0.313889 0.083333 0.079630
27 0.445312 0.181481 0.026042 0.033333
15 0.138557 0.822121 0.214783 0.243980
77 0.138557 0.737836 0.150932 0.047450
73 0.139063 0.856481 0.094792 0.120370
17 0.383573 0.836183 0.222383 0.245420
77 0.415990 0.750700 0.136716 0.040741
46 0.383854 0.870370 0.198958 0.129630
48 0.383854 0.871296 0.109375 0.053704
15 0.620097 0.557047 0.222690 0.255175
77 0.625281 0.466089 0.112500 0.040741
87 0.620833 0.587963 0.189583 0.153704
73 0.583333 0.628704 0.027083 0.035185
10 0.855710 0.545455 0.224240 0.253185
77 0.883689 0.463312 0.147449 0.049643
18 0.853646 0.583333 0.198958 0.122222
25 0.855729 0.575000 0.030208 0.038889
7 0.136849 0.554407 0.220795 0.250627
77 0.093118 0.466335 0.112500 0.042266
72 0.136979 0.585185 0.105208 0.133333
33 0.171354 0.551852 0.026042 0.033333
19 0.617596 0.260664 0.220050 0.248206
77 0.617596 0.175052 0.112500 0.047506
86 0.616667 0.290741 0.191667 0.125926
11 0.375078 0.545871 0.221268 0.237888
77 0.375078 0.463718 0.166192 0.040741
42 0.375000 0.576852 0.097917 0.124074
47 0.395313 0.599074 0.038542 0.050000
9 0.856982 0.275957 0.220820 0.250910
77 0.900725 0.184358 0.112500 0.040741
56 0.859896 0.303704 0.192708 0.129630
12 0.133653 0.265308 0.216510 0.253325
77 0.139861 0.174701 0.160055 0.040741
85 0.132812 0.296296 0.186458 0.129630
61 0.170833 0.278704 0.106250 0.064815
