77 0.231181 0.070230 0.412362 0.073794
10 0.144648 0.249051 0.247024 0.185191
77 0.183134 0.191019 0.114189 0.040741
64 0.144271 0.277778 0.055208 0.070370
73 0.141667 0.289815 0.018750 0.024074
9 0.500000 0.400328 0.416151 0.496953
77 0.449532 0.197001 0.219019 0.062963
28 0.502083 0.460185 0.243750 0.309259
14 0.563021 0.504630 0.082292 0.105556
31 0.634375 0.187963 0.025000 0.031481
7 0.150539 0.657482 0.246948 0.183086
77 0.183458 0.599694 0.160275 0.040741
50 0.150000 0.685185 0.220833 0.077778
63 0.105729 0.705556 0.017708 0.022222
32 0.230729 0.604630 0.030208 0.038889
16 0.848475 0.232057 0.261687 0.175036
77 0.863715 0.178891 0.144362 0.040741
44 0.848958 0.266667 0.043750 0.055556
12 0.852604 0.260185 0.021875 0.027778
7 0.151607 0.451408 0.257438 0.181069
77 0.111768 0.395174 0.156927 0.040741
65 0.154167 0.480556 0.229167 0.057407
64 0.147917 0.475000 0.018750 0.024074
11 0.847315 0.444330 0.251838 0.177484
77 0.847315 0.396014 0.132067 0.040741
47 0.844792 0.475926 0.222917 0.051852
4 0.797396 0.469444 0.115625 0.027778
16 0.498460 0.817440 0.413070 0.280427
77 0.498460 0.725016 0.221000 0.055696
23 0.497917 0.860185 0.097917 0.124074
14 0.154123 0.872864 0.255800 0.186311
77 0.154123 0.814252 0.158299 0.040741
45 0.154167 0.901852 0.052083 0.066667
18 0.166667 0.909259 0.020833 0.025926
7 0.844691 0.856372 0.252727 0.168163
77 0.803768 0.812896 0.150047 0.040741
61 0.846875 0.894444 0.225000 0.048148
13 0.853694 0.652460 0.260143 0.168426
77 0.837633 0.605340 0.149421 0.040741
85 0.853125 0.685185 0.233333 0.055556
57 0.885417 0.683333 0.141667 0.033333
