77 0.500000 0.074554 0.520000 0.089849
18 0.130834 0.548242 0.219614 0.244227
77 0.168442 0.466564 0.123565 0.041428
72 0.131250 0.577778 0.095833 0.122222
56 0.148438 0.584259 0.044792 0.064815
11 0.138483 0.836969 0.221711 0.246800
77 0.154517 0.748340 0.144892 0.040741
74 0.139583 0.861111 0.104167 0.133333
56 0.158854 0.899074 0.048958 0.046296
8 0.136480 0.264609 0.218853 0.238599
77 0.104795 0.186302 0.130307 0.046460
24 0.133333 0.294444 0.087500 0.111111
54 0.121875 0.269444 0.039583 0.050000
17 0.852785 0.270031 0.216187 0.246277
77 0.852785 0.183755 0.155904 0.040741
13 0.854688 0.300000 0.186458 0.122222
22 0.882812 0.283333 0.121875 0.077778
27 0.915104 0.180556 0.021875 0.027778
8 0.374631 0.269413 0.221416 0.251790
77 0.359751 0.182689 0.170823 0.042302
52 0.376042 0.299074 0.189583 0.135185
46 0.409375 0.281481 0.104167 0.081481
10 0.624710 0.262574 0.222574 0.238911
77 0.661226 0.181230 0.128709 0.040741
26 0.622396 0.300000 0.196875 0.125926
14 0.376848 0.548327 0.221704 0.238960
77 0.376848 0.464659 0.163441 0.040741
15 0.380208 0.577778 0.191667 0.137037
14 0.608663 0.550050 0.215127 0.239123
77 0.608663 0.465896 0.124243 0.040741
84 0.608333 0.583333 0.181250 0.129630
12 0.573438 0.591667 0.059375 0.075926
16 0.854598 0.556820 0.224318 0.251951
77 0.839756 0.473719 0.133818 0.047108
65 0.855208 0.590741 0.189583 0.137037
63 0.933333 0.462037 0.018750 0.024074
13 0.383523 0.830642 0.222521 0.242633
77 0.338930 0.748027 0.112500 0.040741
24 0.384896 0.863889 0.109375 0.138889
5 0.396875 0.892593 0.066667 0.055556
