77 0.254376 0.072946 0.458752 0.079224
9 0.373065 0.545540 0.216399 0.240394
77 0.388139 0.463348 0.158157 0.040792
59 0.371354 0.578704 0.184375 0.116667
13 0.617914 0.263662 0.216221 0.238412
77 0.576470 0.182961 0.112500 0.040741
4 0.614583 0.294444 0.187500 0.137037
19 0.373865 0.831773 0.219388 0.242328
77 0.412687 0.745502 0.120912 0.040741
6 0.373958 0.867593 0.189583 0.135185
84 0.346875 0.872222 0.116667 0.077778
13 0.617039 0.537569 0.218144 0.237726
77 0.633345 0.456150 0.138131 0.040741
83 0.618229 0.569444 0.192708 0.109259
12 0.857364 0.542259 0.224010 0.244306
77 0.883114 0.455271 0.135223 0.043435
90 0.858333 0.571296 0.197917 0.135185
27 0.911458 0.610185 0.027083 0.035185
32 0.925521 0.450000 0.017708 0.022222
9 0.864225 0.262609 0.225032 0.238156
77 0.847890 0.180864 0.153729 0.040741
54 0.866146 0.291667 0.194792 0.124074
16 0.136237 0.820538 0.215357 0.242908
77 0.159806 0.738917 0.112500 0.040741
45 0.135417 0.853704 0.081250 0.103704
0 0.118750 0.837963 0.033333 0.035185
23 0.209375 0.730556 0.018750 0.024074
18 0.378117 0.275938 0.226514 0.246766
77 0.388018 0.185936 0.123641 0.040741
85 0.380208 0.307407 0.200000 0.133333
30 0.452083 0.185185 0.020833 0.025926
7 0.132294 0.541084 0.216716 0.244136
77 0.132294 0.460060 0.135478 0.045916
28 0.132812 0.577778 0.078125 0.100000
63 0.199479 0.450926 0.019792 0.024074
13 0.130519 0.267780 0.222430 0.254280
77 0.130519 0.179708 0.112500 0.040741
68 0.131250 0.300000 0.189583 0.151852
19 0.153125 0.272222 0.050000 0.062963
32 0.197917 0.176852 0.025000 0.031481
