77 0.786108 0.073784 0.341699 0.080902
12 0.497888 0.819493 0.413491 0.276653
77 0.512456 0.719785 0.307781 0.047593
86 0.497396 0.847222 0.382292 0.161111
59 0.555729 0.867593 0.259375 0.079630
13 0.143150 0.243173 0.245492 0.190008
77 0.128989 0.185350 0.152862 0.040741
89 0.145313 0.277778 0.061458 0.077778
13 0.852563 0.230747 0.249851 0.169270
77 0.852563 0.180719 0.150680 0.040741
70 0.851562 0.256481 0.219792 0.064815
2 0.901563 0.250926 0.113542 0.031481
27 0.936458 0.182407 0.027083 0.035185
16 0.854678 0.853335 0.257287 0.167668
77 0.827934 0.805137 0.146482 0.040741
75 0.850521 0.886111 0.228125 0.053704
42 0.849479 0.890741 0.017708 0.022222
20 0.849144 0.454126 0.260149 0.188067
77 0.849144 0.398277 0.137610 0.040741
40 0.852604 0.484259 0.230208 0.072222
84 0.794271 0.475926 0.107292 0.040741
31 0.941146 0.397222 0.028125 0.035185
16 0.146390 0.874977 0.251870 0.186449
77 0.146390 0.817202 0.132675 0.040741
58 0.146354 0.907407 0.219792 0.062963
28 0.239063 0.818519 0.026042 0.033333
12 0.149270 0.663767 0.256298 0.182083
77 0.149270 0.613420 0.156196 0.040741
49 0.150521 0.698148 0.226042 0.048148
35 0.098437 0.707407 0.017708 0.022222
7 0.147211 0.445465 0.258062 0.181087
77 0.158832 0.388299 0.188534 0.040741
22 0.147396 0.475000 0.221875 0.075926
46 0.099479 0.478704 0.109375 0.031481
19 0.500000 0.401082 0.417716 0.498460
77 0.583006 0.199687 0.220221 0.062963
56 0.503125 0.447222 0.389583 0.368519
74 0.431771 0.300926 0.051042 0.064815
18 0.846329 0.659678 0.248253 0.181400
77 0.844247 0.602903 0.132045 0.040741
4 0.843229 0.692593 0.219792 0.077778
