77 0.239152 0.067463 0.428305 0.068260
7 0.142461 0.243958 0.240371 0.174275
77 0.122700 0.195297 0.180015 0.040741
45 0.142187 0.274074 0.053125 0.066667
32 0.225521 0.187037 0.017708 0.022222
11 0.853513 0.862866 0.245070 0.183404
77 0.817232 0.809706 0.118219 0.040741
70 0.854167 0.895370 0.214583 0.068519
53 0.857292 0.904630 0.018750 0.024074
13 0.852899 0.451615 0.240882 0.186169
77 0.852899 0.396383 0.112500 0.040741
83 0.852083 0.485185 0.206250 0.074074
31 0.933333 0.390741 0.020833 0.025926
13 0.501643 0.831907 0.435526 0.278220
77 0.501643 0.732166 0.241072 0.049493
84 0.500000 0.862037 0.406250 0.157407
12 0.850392 0.671192 0.240809 0.190591
77 0.823494 0.609409 0.150062 0.040741
51 0.850000 0.702778 0.210417 0.087037
33 0.853125 0.712963 0.020833 0.025926
11 0.138379 0.879578 0.239544 0.193348
77 0.138379 0.818819 0.180755 0.040741
29 0.140104 0.907407 0.057292 0.074074
18 0.500000 0.406201 0.432240 0.508698
77 0.500000 0.200517 0.280832 0.062963
82 0.499479 0.455556 0.407292 0.359259
12 0.148675 0.460997 0.248471 0.188817
77 0.201948 0.406053 0.115702 0.040741
23 0.147917 0.491667 0.060417 0.075926
63 0.159896 0.516667 0.017708 0.022222
20 0.152358 0.648597 0.252968 0.167702
77 0.110627 0.598300 0.148674 0.040741
48 0.151562 0.675926 0.217708 0.055556
23 0.236979 0.600926 0.028125 0.035185
19 0.859204 0.246160 0.250230 0.188249
77 0.908993 0.190370 0.129819 0.040741
62 0.859896 0.274074 0.055208 0.070370
15 0.860417 0.269444 0.018750 0.024074
31 0.938542 0.182407 0.018750 0.024074
