77 0.500000 0.137068 0.640000 0.069469
19 0.143265 0.822590 0.225687 0.241870
77 0.143265 0.735397 0.144579 0.040805
39 0.143229 0.850926 0.190625 0.135185
77 0.104688 0.890741 0.094792 0.007407
31 0.214583 0.738889 0.029167 0.037037
15 0.857276 0.268101 0.214934 0.247375
77 0.834622 0.184152 0.148793 0.047141
76 0.857292 0.305556 0.081250 0.103704
17 0.859749 0.543009 0.223613 0.250170
77 0.859749 0.455821 0.112500 0.043487
27 0.858333 0.573148 0.097917 0.124074
9 0.379281 0.832015 0.223478 0.243346
77 0.379281 0.751024 0.142979 0.041382
75 0.378646 0.860185 0.190625 0.131481
37 0.459375 0.746296 0.027083 0.033333
16 0.612352 0.553927 0.220555 0.242225
77 0.576714 0.472085 0.124135 0.040741
9 0.608854 0.584259 0.192708 0.116667
10 0.371653 0.261110 0.216162 0.241412
77 0.371653 0.174912 0.112500 0.040741
77 0.371354 0.289815 0.167708 0.012963
46 0.377083 0.298148 0.072917 0.025926
20 0.131856 0.544351 0.218060 0.246087
77 0.131856 0.458618 0.150207 0.041518
59 0.131250 0.582407 0.189583 0.124074
11 0.617307 0.256678 0.216817 0.239550
77 0.624752 0.177843 0.140478 0.042541
14 0.614583 0.287963 0.187500 0.124074
63 0.686458 0.172222 0.022917 0.029630
14 0.130948 0.268719 0.220294 0.240232
77 0.130948 0.186568 0.156068 0.040741
57 0.129688 0.300926 0.194792 0.116667
13 0.374091 0.549836 0.224998 0.248505
77 0.374091 0.462347 0.123093 0.043718
82 0.373437 0.587963 0.198958 0.131481
40 0.393229 0.603704 0.134375 0.051852
