77 0.500000 0.065925 0.520000 0.072591
20 0.128649 0.547082 0.214763 0.241515
77 0.128649 0.463826 0.136804 0.040741
52 0.127604 0.577778 0.190625 0.140741
58 0.102083 0.551852 0.125000 0.074074
14 0.371693 0.549707 0.216424 0.241265
77 0.355797 0.465731 0.163798 0.040741
28 0.369792 0.583333 0.102083 0.129630
33 0.394792 0.617593 0.025000 0.031481
18 0.853519 0.546729 0.219534 0.242888
77 0.853519 0.461527 0.124079 0.040741
24 0.855208 0.581481 0.102083 0.129630
9 0.859375 0.573148 0.056250 0.072222
8 0.860182 0.269894 0.226217 0.241136
77 0.881713 0.183560 0.160004 0.040741
15 0.862500 0.306481 0.197917 0.124074
20 0.376886 0.257292 0.218188 0.238436
77 0.392619 0.178316 0.142150 0.040741
6 0.377604 0.293519 0.194792 0.112963
13 0.138133 0.272911 0.220264 0.254108
77 0.181598 0.183786 0.112500 0.046200
72 0.135417 0.303704 0.087500 0.111111
19 0.625619 0.272245 0.225747 0.240065
77 0.649265 0.189612 0.157620 0.047654
39 0.625521 0.303704 0.198958 0.111111
18 0.135129 0.827560 0.223265 0.252329
77 0.169318 0.738030 0.134054 0.041146
37 0.134896 0.861111 0.092708 0.118519
24 0.162500 0.837037 0.025000 0.033333
29 0.213021 0.737037 0.026042 0.033333
15 0.373915 0.832482 0.219993 0.244612
77 0.373915 0.745047 0.112500 0.040741
20 0.373958 0.863889 0.197917 0.142593
2 0.395313 0.854630 0.132292 0.075926
8 0.616507 0.553608 0.217642 0.241766
77 0.616507 0.474097 0.132974 0.044321
77 0.617188 0.591667 0.169792 0.012963
