77 0.743872 0.066229 0.330652 0.065792
11 0.376151 0.262823 0.215006 0.241113
77 0.366161 0.179912 0.112500 0.047529
40 0.377083 0.297222 0.179167 0.112963
78 0.354167 0.312037 0.108333 0.057407
7 0.619127 0.547290 0.226017 0.239592
77 0.638430 0.468548 0.112500 0.042701
39 0.620313 0.586111 0.190625 0.109259
23 0.685937 0.462963 0.026042 0.033333
17 0.623077 0.271962 0.223335 0.248501
77 0.623077 0.181272 0.143063 0.040741
75 0.626563 0.302778 0.194792 0.146296
12 0.372430 0.537753 0.223845 0.239517
77 0.352722 0.458124 0.130296 0.040741
57 0.374479 0.574074 0.190625 0.122222
14 0.372380 0.825129 0.217353 0.244283
77 0.330370 0.745143 0.112500 0.048070
63 0.369792 0.862963 0.081250 0.103704
31 0.434896 0.739815 0.028125 0.035185
15 0.856125 0.270279 0.218243 0.248850
77 0.856125 0.186259 0.153361 0.040741
7 0.854688 0.309259 0.186458 0.129630
15 0.817708 0.317593 0.054167 0.068519
7 0.861937 0.542858 0.222092 0.249860
77 0.861542 0.451740 0.152066 0.040741
82 0.862500 0.567593 0.193750 0.138889
8 0.134509 0.272145 0.217620 0.250535
77 0.134509 0.186370 0.164287 0.048752
10 0.133854 0.301852 0.182292 0.133333
17 0.137643 0.550393 0.218950 0.255322
77 0.180452 0.458655 0.112500 0.040741
56 0.138021 0.582407 0.186458 0.127778
76 0.205729 0.462037 0.030208 0.038889
20 0.131866 0.824271 0.217022 0.247088
77 0.142352 0.736698 0.161130 0.040741
25 0.129688 0.852778 0.109375 0.138889
31 0.148438 0.891667 0.028125 0.035185
