77 0.500000 0.065385 0.520000 0.071510
10 0.854119 0.663628 0.248242 0.180450
77 0.854119 0.607663 0.166196 0.040741
14 0.855208 0.691667 0.214583 0.079630
6 0.879167 0.695370 0.137500 0.046296
14 0.500000 0.447418 0.424544 0.591131
77 0.500000 0.199346 0.226130 0.062963
66 0.497917 0.513889 0.397917 0.401852
20 0.144255 0.868622 0.248543 0.185163
77 0.144255 0.812704 0.193258 0.040741
62 0.147396 0.898148 0.061458 0.077778
29 0.158854 0.898148 0.017708 0.022222
9 0.150141 0.452590 0.251549 0.178770
77 0.203145 0.400028 0.124708 0.040741
2 0.149479 0.484259 0.219792 0.068519
57 0.148958 0.481481 0.091667 0.033333
76 0.223438 0.400000 0.026042 0.033333
12 0.848582 0.869528 0.245656 0.175227
77 0.901633 0.817787 0.118721 0.040741
17 0.846875 0.895370 0.218750 0.064815
55 0.792708 0.901852 0.102083 0.033333
15 0.153420 0.239600 0.256005 0.177550
77 0.123052 0.189976 0.174435 0.040741
67 0.154167 0.274074 0.222917 0.066667
10 0.500947 0.861883 0.426438 0.184444
77 0.423618 0.809795 0.234949 0.040741
54 0.501042 0.895370 0.395833 0.068519
77 0.417187 0.894444 0.182292 0.014815
8 0.851806 0.447524 0.244397 0.184739
77 0.824702 0.389006 0.123484 0.040741
70 0.853646 0.472222 0.215625 0.077778
35 0.793750 0.478704 0.018750 0.024074
76 0.926562 0.385185 0.017708 0.022222
14 0.854311 0.248339 0.248098 0.188706
77 0.883469 0.188351 0.113231 0.040741
59 0.853125 0.276852 0.222917 0.087037
31 0.928125 0.184259 0.016667 0.020370
12 0.152554 0.657140 0.252901 0.175220
77 0.193859 0.603891 0.149458 0.040741
88 0.152083 0.693519 0.222917 0.064815
