77 0.500000 0.132420 0.640000 0.058421
20 0.858144 0.235403 0.224177 0.172695
77 0.858144 0.182864 0.112500 0.040741
79 0.857812 0.268519 0.194792 0.055556
12 0.821875 0.267593 0.018750 0.024074
63 0.938021 0.182407 0.021875 0.027778
12 0.855704 0.873642 0.227382 0.187889
77 0.855704 0.818985 0.140074 0.040741
16 0.852083 0.908333 0.197917 0.057407
6 0.825521 0.916667 0.132292 0.025926
7 0.136632 0.870020 0.226953 0.185400
77 0.100103 0.811815 0.133061 0.040741
63 0.133854 0.905556 0.055208 0.070370
11 0.141367 0.461274 0.235823 0.188768
77 0.141367 0.404741 0.177698 0.040741
45 0.143229 0.491667 0.048958 0.061111
38 0.144792 0.487963 0.022917 0.035185
18 0.865317 0.660154 0.237302 0.180844
77 0.892876 0.606072 0.161350 0.040741
38 0.869271 0.692593 0.209375 0.066667
85 0.820312 0.687963 0.103125 0.035185
28 0.943229 0.602778 0.021875 0.027778
9 0.500000 0.415784 0.464123 0.527865
77 0.604816 0.200454 0.233657 0.062963
75 0.500000 0.472222 0.437500 0.366667
16 0.503125 0.474074 0.114583 0.144444
32 0.673958 0.183333 0.020833 0.025926
15 0.139188 0.655338 0.238579 0.173385
77 0.183113 0.607823 0.129897 0.040741
83 0.140104 0.687963 0.207292 0.061111
18 0.134549 0.244619 0.226267 0.181002
77 0.134549 0.190814 0.130824 0.040741
5 0.133854 0.269444 0.203125 0.068519
17 0.498359 0.829512 0.460841 0.248907
77 0.504949 0.744413 0.292258 0.048105
84 0.500000 0.862037 0.431250 0.127778
50 0.605208 0.888889 0.208333 0.055556
12 0.858129 0.452630 0.230941 0.172931
77 0.859946 0.405183 0.115325 0.040741
65 0.854688 0.484259 0.201042 0.046296
28 0.934375 0.400000 0.020833 0.025926
