77 0.239508 0.068501 0.429016 0.070335
17 0.378596 0.547016 0.219091 0.251864
77 0.378596 0.461782 0.125861 0.041019
46 0.378646 0.579630 0.192708 0.148148
64 0.330729 0.539815 0.034375 0.042593
8 0.850352 0.275457 0.214620 0.250824
77 0.850352 0.192209 0.145026 0.048072
68 0.850000 0.313889 0.191667 0.120370
51 0.882292 0.295370 0.102083 0.075926
8 0.612157 0.273343 0.221355 0.250538
77 0.580926 0.182650 0.113263 0.040741
56 0.611979 0.310185 0.196875 0.135185
38 0.657813 0.330556 0.088542 0.079630
12 0.858073 0.555886 0.223599 0.248959
77 0.903206 0.470452 0.112500 0.040856
43 0.858854 0.587037 0.111458 0.140741
18 0.132501 0.541295 0.214276 0.243255
77 0.111768 0.456894 0.142909 0.042160
6 0.132292 0.570370 0.187500 0.118519
17 0.380988 0.824704 0.217579 0.241052
77 0.401546 0.742810 0.112500 0.045310
23 0.381771 0.857407 0.084375 0.107407
7 0.379080 0.257058 0.218837 0.241122
77 0.379080 0.170677 0.135047 0.040741
11 0.379167 0.284259 0.185417 0.135185
23 0.455208 0.168519 0.020833 0.025926
13 0.132559 0.260657 0.221138 0.243718
77 0.090299 0.178883 0.115785 0.041435
3 0.132292 0.292593 0.104167 0.103704
31 0.200000 0.175000 0.025000 0.031481
8 0.616624 0.542101 0.222316 0.240062
77 0.609620 0.457850 0.160173 0.040741
10 0.618229 0.569444 0.196875 0.120370
15 0.139044 0.830403 0.224996 0.252515
77 0.139044 0.740943 0.163087 0.046141
52 0.135417 0.859259 0.195833 0.129630
67 0.129688 0.860185 0.086458 0.057407
