77 0.500000 0.138946 0.640000 0.071089
18 0.165714 0.667176 0.283174 0.186146
77 0.154050 0.608440 0.133442 0.040741
45 0.164583 0.698148 0.052083 0.066667
14 0.500000 0.434892 0.373861 0.566081
77 0.500000 0.198439 0.250495 0.062963
50 0.500000 0.489815 0.339583 0.394444
19 0.413021 0.553704 0.140625 0.177778
15 0.164514 0.246530 0.281569 0.188135
77 0.164514 0.186437 0.193476 0.040741
55 0.163542 0.278704 0.250000 0.072222
40 0.220312 0.266667 0.115625 0.037037
12 0.499445 0.848659 0.372751 0.208281
77 0.499445 0.782989 0.201071 0.040741
33 0.501042 0.881481 0.058333 0.074074
18 0.835603 0.238580 0.269797 0.174796
77 0.835603 0.191842 0.148336 0.040741
83 0.835938 0.274074 0.236458 0.044444
58 0.840104 0.287037 0.115625 0.025926
63 0.934896 0.183333 0.019792 0.025926
20 0.841005 0.868318 0.269698 0.174552
77 0.841537 0.815322 0.145662 0.040741
79 0.836979 0.898148 0.240625 0.070370
24 0.832292 0.905556 0.020833 0.025926
23 0.938542 0.811111 0.016667 0.022222
13 0.836224 0.447090 0.272877 0.171360
77 0.836224 0.400420 0.140273 0.040741
39 0.837500 0.483333 0.243750 0.044444
13 0.837445 0.669543 0.273381 0.188040
77 0.893747 0.610287 0.139945 0.040741
53 0.837500 0.702778 0.050000 0.064815
20 0.157719 0.867075 0.272978 0.189809
77 0.201130 0.809123 0.165324 0.040741
75 0.156771 0.905556 0.246875 0.070370
19 0.158780 0.445331 0.269332 0.181316
77 0.194976 0.394145 0.176106 0.040741
42 0.159896 0.475000 0.051042 0.064815
7 0.150000 0.473148 0.018750 0.024074
