77 0.241443 0.071971 0.432886 0.077275
10 0.861019 0.264150 0.214808 0.242657
77 0.890223 0.182817 0.135568 0.043222
68 0.863021 0.296296 0.188542 0.114815
39 0.910937 0.309259 0.078125 0.044444
27 0.922917 0.176852 0.025000 0.031481
16 0.135178 0.264511 0.224637 0.242666
77 0.135178 0.181824 0.112500 0.040741
23 0.133854 0.295370 0.092708 0.116667
37 0.123958 0.262037 0.020833 0.027778
17 0.131695 0.825996 0.218199 0.240129
77 0.131695 0.745471 0.125302 0.040875
36 0.131250 0.857407 0.187500 0.125926
10 0.138782 0.543475 0.219304 0.249379
77 0.138782 0.457009 0.155611 0.040741
81 0.138542 0.571296 0.185417 0.142593
31 0.208854 0.450000 0.019792 0.025926
14 0.620226 0.545205 0.226230 0.252384
77 0.620226 0.461089 0.117958 0.048410
72 0.620313 0.584259 0.086458 0.109259
12 0.613940 0.266891 0.214652 0.245229
77 0.590228 0.181664 0.146324 0.047033
16 0.613021 0.294444 0.188542 0.122222
23 0.685937 0.182407 0.028125 0.035185
16 0.380709 0.264438 0.219645 0.246687
77 0.380709 0.180433 0.161016 0.040741
63 0.380729 0.301852 0.096875 0.122222
9 0.379772 0.832781 0.224099 0.239241
77 0.379971 0.752240 0.139268 0.040741
84 0.379167 0.870370 0.195833 0.125926
13 0.380700 0.541965 0.225125 0.247471
77 0.405718 0.453048 0.154254 0.040741
15 0.377083 0.568519 0.193750 0.129630
12 0.856964 0.546754 0.223272 0.240645
77 0.856964 0.466012 0.136183 0.040741
70 0.856771 0.578704 0.201042 0.135185
