77 0.785251 0.075524 0.371084 0.084381
10 0.376178 0.819990 0.221224 0.241235
77 0.367365 0.734511 0.129598 0.040741
70 0.375000 0.856481 0.189583 0.131481
20 0.140128 0.557552 0.220428 0.247897
77 0.141389 0.474500 0.161918 0.044954
54 0.141667 0.591667 0.193750 0.131481
33 0.079687 0.625926 0.032292 0.040741
13 0.131936 0.279977 0.220851 0.255289
77 0.129029 0.191317 0.136286 0.042943
87 0.131771 0.310185 0.190625 0.142593
17 0.135937 0.309259 0.057292 0.074074
18 0.377133 0.558064 0.221606 0.253642
77 0.377133 0.472155 0.123513 0.043113
7 0.378125 0.587963 0.189583 0.135185
20 0.337500 0.610185 0.014583 0.053704
63 0.449479 0.466667 0.026042 0.033333
15 0.133282 0.835533 0.214163 0.247428
77 0.133282 0.750616 0.138357 0.043487
88 0.132292 0.868519 0.185417 0.122222
18 0.613771 0.259802 0.218723 0.243069
77 0.605731 0.175542 0.112500 0.042019
73 0.614583 0.293519 0.091667 0.116667
8 0.373825 0.267372 0.221192 0.253297
77 0.417648 0.178029 0.112712 0.044210
21 0.373958 0.298148 0.189583 0.140741
17 0.854979 0.270929 0.223466 0.243280
77 0.854979 0.190516 0.164780 0.046499
75 0.855729 0.303704 0.196875 0.133333
0 0.829167 0.317593 0.116667 0.083333
17 0.616381 0.547667 0.220741 0.249885
77 0.595428 0.456123 0.142227 0.040741
26 0.616667 0.574074 0.197917 0.137037
77 0.584375 0.529630 0.106250 0.007407
19 0.856414 0.549884 0.217178 0.249514
77 0.898336 0.459827 0.112500 0.041415
36 0.855729 0.576852 0.190625 0.135185
22 0.833854 0.562963 0.126042 0.085185
