77 0.500000 0.065742 0.520000 0.072225
14 0.828527 0.871001 0.276515 0.177987
77 0.875063 0.817987 0.124369 0.040741
60 0.827604 0.901852 0.244792 0.059259
48 0.763021 0.907407 0.105208 0.037037
20 0.165741 0.865298 0.285263 0.176598
77 0.144004 0.816642 0.164969 0.040741
81 0.167708 0.902778 0.254167 0.061111
44 0.100000 0.903704 0.020833 0.025926
23 0.259896 0.811111 0.023958 0.029630
16 0.161941 0.452368 0.279414 0.172037
77 0.182566 0.400955 0.217331 0.040741
12 0.162500 0.477778 0.258333 0.059259
8 0.196354 0.481481 0.019792 0.025926
19 0.164162 0.234982 0.275074 0.175551
77 0.164162 0.182706 0.171142 0.040741
34 0.166146 0.269444 0.032292 0.064815
0 0.160938 0.260185 0.017708 0.038889
14 0.498579 0.824097 0.358230 0.269479
77 0.451559 0.725834 0.243357 0.040741
24 0.499479 0.850926 0.109375 0.138889
1 0.496354 0.855556 0.046875 0.066667
12 0.834970 0.451169 0.282525 0.174656
77 0.834970 0.400266 0.147739 0.040741
32 0.832292 0.477778 0.043750 0.055556
13 0.166457 0.670151 0.281948 0.191007
77 0.199066 0.611073 0.139127 0.040741
44 0.166146 0.706481 0.053125 0.068519
84 0.158854 0.696296 0.019792 0.040741
31 0.265104 0.608333 0.021875 0.027778
9 0.500000 0.405950 0.361072 0.508196
77 0.512432 0.197032 0.207215 0.062963
17 0.500000 0.453704 0.339583 0.366667
14 0.830249 0.251205 0.278442 0.187139
77 0.830249 0.192017 0.213902 0.040741
40 0.831250 0.281481 0.250000 0.085185
16 0.832911 0.664147 0.285724 0.188281
77 0.805924 0.607281 0.153408 0.040741
29 0.833333 0.700000 0.050000 0.062963
63 0.825521 0.701852 0.017708 0.022222
