77 0.500000 0.057300 0.380000 0.066343
16 0.137980 0.557911 0.221391 0.251764
77 0.137980 0.471085 0.160883 0.040741
87 0.135417 0.586111 0.191667 0.138889
28 0.211458 0.465741 0.025000 0.031481
16 0.381734 0.558405 0.223193 0.254561
77 0.388905 0.467137 0.121965 0.040741
49 0.377604 0.585185 0.194792 0.140741
9 0.620190 0.547906 0.215375 0.238886
77 0.620190 0.462457 0.119036 0.040741
25 0.618229 0.578704 0.080208 0.101852
40 0.626042 0.581481 0.050000 0.062963
19 0.866411 0.273559 0.225747 0.241691
77 0.866411 0.190649 0.163775 0.040741
37 0.866667 0.305556 0.108333 0.137037
30 0.939583 0.184259 0.018750 0.024074
20 0.379707 0.824180 0.218795 0.244906
77 0.385688 0.739320 0.112500 0.040741
68 0.378646 0.851852 0.192708 0.125926
76 0.348958 0.819444 0.025000 0.031481
10 0.136108 0.823216 0.224891 0.242555
77 0.114457 0.738372 0.124641 0.040741
11 0.134896 0.853704 0.192708 0.122222
29 0.209375 0.739815 0.027083 0.035185
19 0.132096 0.272105 0.215497 0.241752
77 0.168440 0.188844 0.121974 0.041808
74 0.134896 0.307407 0.092708 0.118519
15 0.625615 0.275458 0.224953 0.253854
77 0.607345 0.187385 0.153701 0.040741
46 0.625000 0.312963 0.197917 0.133333
88 0.624479 0.313889 0.111458 0.061111
13 0.373702 0.265457 0.216706 0.251977
77 0.373702 0.180148 0.124406 0.044662
88 0.373958 0.305556 0.193750 0.129630
55 0.376042 0.294444 0.110417 0.077778
18 0.856102 0.545267 0.220123 0.243893
77 0.856102 0.462147 0.132837 0.040741
84 0.853125 0.580556 0.191667 0.124074
57 0.898438 0.568519 0.088542 0.055556
