77 0.500000 0.075708 0.520000 0.092157
14 0.375330 0.549367 0.216089 0.245332
77 0.352485 0.462010 0.148765 0.043326
16 0.375521 0.587037 0.192708 0.125926
33 0.330729 0.572222 0.034375 0.044444
29 0.442188 0.463889 0.028125 0.035185
16 0.619124 0.537803 0.218532 0.238324
77 0.619124 0.459088 0.140715 0.040741
56 0.618750 0.578704 0.183333 0.120370
7 0.618750 0.588889 0.058333 0.074074
37 0.686458 0.455556 0.029167 0.037037
20 0.620887 0.264102 0.223817 0.240886
77 0.600629 0.182671 0.141245 0.041728
22 0.620313 0.299074 0.192708 0.124074
32 0.578646 0.325000 0.021875 0.027778
9 0.859976 0.548363 0.214923 0.251007
77 0.866618 0.459631 0.112500 0.040741
48 0.860938 0.579630 0.186458 0.129630
7 0.911458 0.600926 0.045833 0.057407
12 0.139852 0.834226 0.224801 0.252884
77 0.139852 0.741759 0.114101 0.040741
40 0.136979 0.861111 0.192708 0.140741
60 0.096354 0.883333 0.105208 0.081481
12 0.382561 0.820878 0.221262 0.237730
77 0.380783 0.741796 0.171697 0.040741
1 0.383333 0.853704 0.185417 0.125926
19 0.138559 0.550446 0.215189 0.249546
77 0.138559 0.468244 0.159382 0.048461
80 0.135417 0.591667 0.183333 0.124074
20 0.133309 0.263168 0.220751 0.246093
77 0.150847 0.180114 0.162703 0.040741
77 0.132292 0.288889 0.181250 0.014815
19 0.373867 0.266596 0.224237 0.253470
77 0.352722 0.179135 0.145072 0.049920
68 0.375521 0.306481 0.192708 0.131481
64 0.372396 0.301852 0.026042 0.033333
14 0.852839 0.272159 0.216353 0.246040
77 0.845392 0.183558 0.153893 0.040741
24 0.853125 0.306481 0.100000 0.127778
37 0.928646 0.187037 0.030208 0.037037
