77 0.500000 0.070155 0.380000 0.084905
14 0.861344 0.863832 0.247668 0.187155
77 0.876791 0.810862 0.165628 0.040741
86 0.860938 0.901852 0.211458 0.074074
20 0.809375 0.895370 0.010417 0.038889
8 0.498080 0.825972 0.432936 0.278060
77 0.421398 0.729460 0.258739 0.044557
64 0.496875 0.860185 0.120833 0.153704
20 0.145639 0.454982 0.235939 0.183488
77 0.145639 0.402154 0.143977 0.040741
42 0.148958 0.482407 0.047917 0.061111
1 0.154167 0.475000 0.022917 0.027778
27 0.225521 0.392593 0.017708 0.022222
8 0.147199 0.864642 0.239755 0.176101
77 0.147199 0.815392 0.171952 0.040741
66 0.145833 0.894444 0.214583 0.074074
77 0.149479 0.892593 0.086458 0.007407
18 0.500000 0.406421 0.436776 0.509138
77 0.568771 0.202651 0.278401 0.062963
90 0.498958 0.451852 0.406250 0.362963
38 0.498958 0.440741 0.235417 0.174074
12 0.848691 0.238582 0.236832 0.175433
77 0.856321 0.189405 0.184031 0.040741
14 0.849479 0.263889 0.205208 0.061111
81 0.852083 0.268519 0.127083 0.025926
8 0.146320 0.245827 0.238595 0.176833
77 0.146320 0.197891 0.151269 0.040741
80 0.145833 0.271296 0.210417 0.057407
7 0.150658 0.656119 0.246346 0.180008
77 0.111393 0.599822 0.141882 0.040741
26 0.153646 0.687037 0.217708 0.074074
19 0.860149 0.653175 0.252444 0.175506
77 0.860149 0.602947 0.147781 0.040741
71 0.859375 0.681481 0.218750 0.051852
15 0.850577 0.455753 0.245310 0.179129
77 0.850577 0.399875 0.138891 0.040741
9 0.852083 0.487037 0.214583 0.070370
88 0.802604 0.478704 0.088542 0.038889
