77 0.217796 0.074496 0.385591 0.082325
8 0.858758 0.649510 0.237068 0.173687
77 0.858758 0.598883 0.118608 0.040741
17 0.857292 0.678704 0.208333 0.061111
17 0.857464 0.445410 0.230219 0.174121
77 0.875760 0.393453 0.172795 0.040741
44 0.859896 0.479630 0.048958 0.062963
7 0.857435 0.254169 0.233006 0.192635
77 0.857435 0.195344 0.169360 0.040741
84 0.858854 0.284259 0.207292 0.075926
41 0.808854 0.301852 0.019792 0.025926
28 0.937500 0.191667 0.020833 0.027778
20 0.865618 0.857380 0.241277 0.170337
77 0.865618 0.808097 0.163100 0.040741
68 0.866667 0.884259 0.214583 0.053704
44 0.813021 0.885185 0.019792 0.025926
11 0.500000 0.441234 0.453288 0.578764
77 0.500000 0.202592 0.306980 0.062963
70 0.497917 0.504630 0.429167 0.401852
14 0.497960 0.859883 0.449208 0.204025
77 0.497960 0.798499 0.260334 0.040741
60 0.497917 0.889815 0.412500 0.083333
15 0.148483 0.663940 0.242277 0.184627
77 0.148483 0.608485 0.184216 0.040741
86 0.145313 0.695370 0.213542 0.075926
41 0.148438 0.700000 0.019792 0.025926
16 0.147156 0.864499 0.242261 0.179143
77 0.147156 0.812728 0.131942 0.040741
21 0.148958 0.891667 0.210417 0.061111
20 0.143449 0.240471 0.232145 0.183444
77 0.143449 0.184739 0.149137 0.040741
77 0.146875 0.268519 0.200000 0.014815
74 0.172396 0.268519 0.017708 0.022222
15 0.134654 0.452293 0.232850 0.175416
77 0.134654 0.397967 0.176711 0.040741
27 0.136979 0.478704 0.048958 0.061111
65 0.141146 0.477778 0.030208 0.025926
