77 0.221924 0.070869 0.393849 0.075070
16 0.840208 0.455643 0.260887 0.193078
77 0.836802 0.396655 0.141911 0.040741
29 0.840625 0.486111 0.066667 0.083333
51 0.845833 0.486111 0.031250 0.050000
20 0.161194 0.656626 0.275650 0.184077
77 0.218051 0.601760 0.141101 0.040741
71 0.160417 0.687963 0.250000 0.083333
20 0.498177 0.863047 0.383386 0.188655
77 0.498177 0.807845 0.257914 0.040741
2 0.497396 0.898148 0.351042 0.077778
31 0.640104 0.800926 0.019792 0.024074
8 0.157005 0.246697 0.268217 0.184855
77 0.157005 0.192284 0.169817 0.040741
70 0.155729 0.282407 0.242708 0.068519
28 0.244271 0.191667 0.028125 0.035185
7 0.846671 0.872739 0.270186 0.178095
77 0.846671 0.817863 0.126646 0.040741
12 0.847396 0.901852 0.242708 0.055556
69 0.848437 0.911111 0.142708 0.029630
19 0.838697 0.659294 0.265285 0.171365
77 0.884457 0.608941 0.152931 0.040741
49 0.839063 0.689815 0.230208 0.061111
14 0.500000 0.449356 0.387033 0.595008
77 0.500000 0.199967 0.286599 0.062963
51 0.500521 0.518519 0.363542 0.414815
14 0.843495 0.241318 0.261147 0.183506
77 0.851689 0.184048 0.140981 0.040741
72 0.841667 0.275000 0.056250 0.072222
19 0.155989 0.876945 0.265509 0.187133
77 0.094049 0.822560 0.120796 0.040741
69 0.153646 0.908333 0.238542 0.072222
19 0.106771 0.910185 0.021875 0.027778
27 0.250521 0.813889 0.015625 0.020370
10 0.164855 0.448420 0.277022 0.184691
77 0.164855 0.395256 0.196169 0.040741
84 0.167708 0.476852 0.247917 0.064815
31 0.248958 0.386111 0.016667 0.020370
