77 0.792804 0.065696 0.374137 0.064725
15 0.126248 0.823051 0.214585 0.247140
77 0.126248 0.735987 0.119174 0.040741
32 0.126042 0.850000 0.097917 0.125926
7 0.129688 0.857407 0.040625 0.051852
13 0.860102 0.550946 0.221788 0.254164
77 0.860102 0.460693 0.112500 0.040741
78 0.860417 0.583333 0.195833 0.140741
27 0.923958 0.462037 0.027083 0.035185
10 0.378232 0.832965 0.221443 0.251196
77 0.338698 0.747647 0.121541 0.043501
3 0.377604 0.863889 0.117708 0.116667
31 0.451042 0.740741 0.020833 0.025926
8 0.373094 0.271473 0.215955 0.250963
77 0.390296 0.186524 0.132388 0.040741
75 0.372396 0.301852 0.188542 0.137037
9 0.615320 0.261747 0.223891 0.249095
77 0.660599 0.179882 0.112500 0.048165
35 0.615104 0.294444 0.105208 0.133333
14 0.375710 0.549292 0.220821 0.238513
77 0.375710 0.467806 0.153845 0.047256
29 0.376563 0.581481 0.090625 0.114815
19 0.131239 0.551992 0.215370 0.243787
77 0.161541 0.471681 0.112500 0.046675
77 0.131771 0.589815 0.165625 0.012963
17 0.156771 0.612963 0.017708 0.022222
76 0.205729 0.464815 0.023958 0.029630
20 0.616902 0.542571 0.218436 0.247968
77 0.641310 0.461455 0.146666 0.046774
51 0.618229 0.579630 0.192708 0.122222
18 0.586458 0.558333 0.039583 0.050000
13 0.134428 0.258838 0.218902 0.241877
77 0.134428 0.174090 0.117825 0.040741
22 0.135417 0.285185 0.191667 0.125926
85 0.105729 0.306481 0.117708 0.050000
76 0.208333 0.176852 0.027083 0.035185
16 0.858071 0.265144 0.220692 0.247288
77 0.891447 0.181371 0.133107 0.040741
82 0.859375 0.302778 0.193750 0.131481
88 0.853125 0.313889 0.108333 0.064815
