77 0.765162 0.071079 0.369375 0.075492
7 0.846600 0.653751 0.268660 0.170584
77 0.791350 0.608006 0.137328 0.040741
35 0.844271 0.687037 0.034375 0.044444
72 0.849479 0.687037 0.015625 0.018519
13 0.163183 0.242099 0.275625 0.188480
77 0.098142 0.187105 0.124710 0.040741
38 0.163542 0.272222 0.239583 0.074074
20 0.206250 0.271296 0.010417 0.038889
8 0.155040 0.649860 0.271330 0.167795
77 0.173914 0.601858 0.188307 0.040741
15 0.153125 0.686111 0.241667 0.057407
69 0.216146 0.687037 0.105208 0.025926
20 0.501962 0.816237 0.391591 0.284005
77 0.567516 0.715502 0.183049 0.056198
60 0.501563 0.854630 0.359375 0.161111
65 0.404167 0.830556 0.156250 0.075926
76 0.634375 0.712963 0.029167 0.037037
7 0.500000 0.399656 0.387668 0.495609
77 0.418585 0.199050 0.204005 0.062963
40 0.497396 0.454630 0.357292 0.335185
74 0.392188 0.584259 0.044792 0.057407
13 0.158280 0.863724 0.268786 0.186400
77 0.158280 0.806146 0.187597 0.040741
34 0.159375 0.888889 0.035417 0.070370
35 0.153125 0.876852 0.016667 0.020370
28 0.244271 0.801852 0.017708 0.022222
17 0.843412 0.445562 0.270812 0.185376
77 0.794695 0.390604 0.124131 0.040741
52 0.846354 0.473148 0.242708 0.079630
90 0.783854 0.465741 0.094792 0.042593
20 0.840627 0.867368 0.260534 0.184176
77 0.784303 0.815699 0.127053 0.040741
72 0.839583 0.902778 0.050000 0.064815
8 0.839685 0.242718 0.261258 0.170330
77 0.839685 0.193567 0.146556 0.040741
71 0.840625 0.275926 0.233333 0.044444
33 0.909896 0.275926 0.019792 0.025926
19 0.161839 0.454262 0.267879 0.186825
77 0.161839 0.396714 0.143409 0.040741
82 0.163542 0.482407 0.239583 0.068519
54 0.227083 0.474074 0.106250 0.025926
