77 0.500000 0.125129 0.640000 0.077167
12 0.835910 0.654628 0.284500 0.178216
77 0.861830 0.602196 0.211826 0.040741
34 0.836979 0.683333 0.032292 0.066667
11 0.499410 0.822264 0.350058 0.243243
77 0.499410 0.737567 0.215101 0.040741
82 0.500000 0.859259 0.318750 0.125926
16 0.166210 0.461810 0.283515 0.190263
77 0.166210 0.407016 0.131056 0.040741
2 0.166667 0.500000 0.252083 0.070370
13 0.167376 0.241239 0.292426 0.179289
77 0.167376 0.186720 0.193085 0.040741
23 0.164583 0.265741 0.047917 0.061111
1 0.166146 0.268519 0.030208 0.037037
7 0.164369 0.868039 0.281351 0.184318
77 0.135768 0.810355 0.203315 0.040741
19 0.165104 0.895370 0.255208 0.068519
15 0.173726 0.654454 0.294956 0.178900
77 0.173726 0.603317 0.160868 0.040741
86 0.172917 0.686111 0.272917 0.064815
72 0.178125 0.687963 0.018750 0.024074
62 0.281250 0.598148 0.022917 0.029630
13 0.500000 0.416673 0.351237 0.529643
77 0.500000 0.202685 0.243017 0.062963
29 0.497917 0.477778 0.270833 0.344444
8 0.831473 0.250632 0.284985 0.190224
77 0.767085 0.192089 0.135376 0.040741
64 0.830208 0.281481 0.058333 0.074074
16 0.830208 0.287037 0.029167 0.037037
9 0.826552 0.865277 0.282586 0.177500
77 0.826552 0.812368 0.165497 0.040741
55 0.824479 0.892593 0.253125 0.070370
45 0.751563 0.877778 0.019792 0.025926
16 0.835178 0.456607 0.286779 0.187314
77 0.835178 0.397465 0.195851 0.040741
1 0.837500 0.486111 0.256250 0.072222
