77 0.725055 0.077029 0.353954 0.087391
20 0.140461 0.662053 0.239498 0.173814
77 0.114279 0.611302 0.148762 0.040741
3 0.141146 0.687963 0.053125 0.053704
73 0.134375 0.682407 0.018750 0.024074
7 0.144863 0.454750 0.243563 0.187706
77 0.195840 0.397693 0.120776 0.040741
10 0.146354 0.493519 0.213542 0.068519
46 0.106771 0.485185 0.105208 0.033333
19 0.852414 0.247865 0.236892 0.187902
77 0.904194 0.193703 0.112500 0.040741
15 0.852604 0.279630 0.213542 0.085185
36 0.807292 0.294444 0.114583 0.033333
32 0.921354 0.190741 0.028125 0.037037
13 0.855562 0.651381 0.252275 0.172332
77 0.855562 0.598662 0.190203 0.040741
58 0.853125 0.680556 0.222917 0.064815
0 0.850000 0.674074 0.118750 0.025926
31 0.942708 0.602778 0.027083 0.035185
11 0.145129 0.870613 0.243238 0.184983
77 0.144045 0.811675 0.131243 0.040741
80 0.145833 0.896296 0.212500 0.074074
14 0.850816 0.443701 0.240747 0.181460
77 0.863107 0.392892 0.178212 0.040741
27 0.851042 0.469444 0.047917 0.061111
74 0.846354 0.483333 0.019792 0.025926
11 0.500000 0.429311 0.434657 0.554919
77 0.580234 0.197266 0.207663 0.062963
6 0.500000 0.480556 0.400000 0.387037
76 0.596354 0.625926 0.055208 0.070370
9 0.850332 0.878735 0.242899 0.190136
77 0.850332 0.818009 0.134936 0.040741
24 0.848958 0.913889 0.054167 0.068519
89 0.836979 0.932407 0.015625 0.020370
12 0.141481 0.243795 0.238658 0.181923
77 0.141481 0.191983 0.148258 0.040741
49 0.143229 0.271296 0.205208 0.068519
32 0.179688 0.282407 0.017708 0.024074
20 0.500318 0.842707 0.435294 0.224168
77 0.500318 0.767337 0.243969 0.042561
76 0.501563 0.875000 0.065625 0.083333
