77 0.214240 0.075006 0.378480 0.083345
14 0.373880 0.271155 0.220740 0.240274
77 0.398387 0.188335 0.150891 0.040741
0 0.372396 0.302778 0.194792 0.124074
23 0.445312 0.188889 0.028125 0.037037
18 0.137165 0.275497 0.216099 0.249437
77 0.121375 0.184695 0.163687 0.040741
76 0.135417 0.311111 0.093750 0.118519
28 0.212500 0.182407 0.018750 0.024074
11 0.373185 0.829088 0.214160 0.240722
77 0.373185 0.746243 0.135341 0.045625
61 0.375000 0.861111 0.181250 0.122222
35 0.328125 0.887037 0.027083 0.033333
29 0.433333 0.745370 0.027083 0.035185
14 0.141604 0.537576 0.221371 0.238957
77 0.112811 0.453494 0.142951 0.040741
21 0.142187 0.568519 0.192708 0.118519
27 0.110417 0.536111 0.020833 0.027778
20 0.614736 0.557219 0.226231 0.251265
77 0.638315 0.470660 0.158239 0.042861
19 0.615104 0.588889 0.196875 0.137037
28 0.681771 0.468519 0.026042 0.033333
7 0.135699 0.835441 0.222023 0.255209
77 0.180044 0.745512 0.112500 0.040741
12 0.135937 0.868519 0.186458 0.133333
67 0.134375 0.858333 0.125000 0.072222
76 0.199479 0.741667 0.021875 0.027778
19 0.618854 0.262144 0.218103 0.246730
77 0.586812 0.181579 0.112500 0.046384
59 0.620833 0.293519 0.193750 0.124074
81 0.589063 0.259259 0.121875 0.044444
7 0.856910 0.554713 0.214305 0.248090
77 0.894021 0.470151 0.119249 0.040741
84 0.859375 0.587037 0.187500 0.133333
4 0.853125 0.587037 0.106250 0.055556
13 0.858624 0.265692 0.223731 0.253445
77 0.852387 0.175608 0.147842 0.042876
5 0.856771 0.296296 0.192708 0.144444
13 0.379500 0.550828 0.224805 0.249785
77 0.333764 0.467153 0.112500 0.043704
80 0.377604 0.578704 0.198958 0.131481
82 0.383333 0.583333 0.125000 0.077778
32 0.459896 0.462963 0.028125 0.037037
