77 0.500000 0.073556 0.520000 0.087853
13 0.860826 0.265673 0.223648 0.246461
77 0.860826 0.183020 0.160428 0.046787
4 0.860938 0.302778 0.188542 0.112963
12 0.912500 0.293519 0.047917 0.061111
7 0.613060 0.271664 0.220601 0.243071
77 0.608620 0.186319 0.167733 0.040741
73 0.615104 0.302778 0.094792 0.120370
12 0.130487 0.835104 0.215167 0.241065
77 0.141126 0.748145 0.112500 0.040741
0 0.130208 0.862037 0.179167 0.131481
68 0.086458 0.875000 0.072917 0.079630
17 0.376041 0.277644 0.218078 0.253053
77 0.376041 0.192052 0.119044 0.043141
80 0.374479 0.312963 0.186458 0.129630
23 0.452604 0.183333 0.019792 0.025926
14 0.380775 0.837115 0.220127 0.246382
77 0.380775 0.752336 0.146290 0.040741
68 0.381771 0.870370 0.194792 0.137037
37 0.451562 0.747222 0.021875 0.027778
10 0.133434 0.264932 0.223857 0.255155
77 0.136900 0.177715 0.131298 0.046721
88 0.134896 0.291667 0.196875 0.135185
8 0.623816 0.546252 0.225782 0.240991
77 0.640609 0.465781 0.112500 0.044220
56 0.623958 0.575000 0.195833 0.120370
3 0.680208 0.597222 0.039583 0.038889
9 0.866606 0.551480 0.224781 0.251118
77 0.866606 0.464990 0.114744 0.043269
18 0.865625 0.584259 0.195833 0.142593
20 0.835417 0.561111 0.018750 0.070370
19 0.369627 0.559301 0.217861 0.253828
77 0.342959 0.468858 0.122502 0.040741
62 0.369792 0.594444 0.108333 0.137037
20 0.134611 0.553450 0.218746 0.247228
77 0.134611 0.466678 0.129088 0.040741
20 0.134896 0.580556 0.192708 0.131481
10 0.083333 0.593519 0.062500 0.079630
