77 0.500000 0.077765 0.520000 0.096271
13 0.856847 0.261037 0.214356 0.240346
77 0.856847 0.177976 0.117921 0.043189
3 0.859896 0.293519 0.123958 0.124074
11 0.378825 0.545863 0.214960 0.238742
77 0.401301 0.468289 0.127993 0.045142
81 0.376563 0.582407 0.182292 0.109259
58 0.381771 0.583333 0.101042 0.055556
19 0.141032 0.834851 0.222163 0.243232
77 0.101352 0.751410 0.121969 0.041852
60 0.142187 0.875000 0.188542 0.124074
10 0.621759 0.536966 0.217069 0.237833
77 0.588303 0.455343 0.129324 0.043895
64 0.620313 0.569444 0.101042 0.127778
11 0.371365 0.255794 0.216138 0.238173
77 0.371365 0.172411 0.126975 0.040741
42 0.371875 0.283333 0.095833 0.122222
62 0.440104 0.166667 0.017708 0.022222
16 0.620725 0.269387 0.218886 0.245027
77 0.620725 0.190152 0.165999 0.047053
49 0.621354 0.312037 0.184375 0.124074
62 0.692708 0.180556 0.020833 0.027778
7 0.856492 0.543306 0.219578 0.240961
77 0.819688 0.464292 0.125136 0.042570
23 0.855208 0.575926 0.081250 0.103704
8 0.866667 0.550000 0.029167 0.037037
9 0.127019 0.553438 0.215636 0.244978
77 0.127019 0.470328 0.157512 0.048882
5 0.129167 0.587963 0.189583 0.120370
8 0.093229 0.578704 0.053125 0.068519
18 0.142907 0.259090 0.225184 0.245341
77 0.142907 0.178929 0.144340 0.046446
74 0.140104 0.294444 0.086458 0.111111
15 0.146354 0.276852 0.042708 0.053704
28 0.215104 0.175926 0.032292 0.040741
20 0.379540 0.834644 0.223085 0.242314
77 0.379540 0.751996 0.118042 0.040741
45 0.381250 0.865741 0.089583 0.112963
