77 0.739195 0.077706 0.351036 0.088744
7 0.863137 0.259558 0.223876 0.245543
77 0.851303 0.174533 0.171872 0.040741
25 0.863542 0.291667 0.091667 0.116667
42 0.859375 0.287037 0.022917 0.029630
13 0.379227 0.547730 0.224488 0.243196
77 0.379227 0.464891 0.157135 0.041402
29 0.380729 0.580556 0.103125 0.131481
25 0.358854 0.541667 0.028125 0.035185
17 0.133661 0.274066 0.220267 0.249311
77 0.154243 0.187547 0.158269 0.049810
50 0.130208 0.308333 0.189583 0.142593
22 0.157292 0.306481 0.127083 0.090741
76 0.198437 0.180556 0.019792 0.024074
20 0.133098 0.547941 0.223443 0.247232
77 0.133098 0.463215 0.166548 0.040741
18 0.133333 0.577778 0.191667 0.129630
70 0.113542 0.598148 0.127083 0.062963
14 0.373738 0.836463 0.225775 0.252195
77 0.340692 0.747063 0.138849 0.043586
37 0.372396 0.872222 0.092708 0.118519
8 0.355208 0.843519 0.031250 0.038889
12 0.136736 0.822340 0.217190 0.240280
77 0.136736 0.743286 0.125601 0.043879
8 0.136979 0.853704 0.182292 0.129630
9 0.107813 0.838889 0.055208 0.070370
12 0.376460 0.260088 0.222871 0.245617
77 0.376460 0.171599 0.173269 0.040741
54 0.375000 0.290741 0.191667 0.137037
13 0.619234 0.269691 0.217307 0.245488
77 0.619234 0.184488 0.156266 0.040741
20 0.617188 0.294444 0.192708 0.129630
30 0.684896 0.181481 0.026042 0.033333
15 0.862874 0.552380 0.216998 0.244456
77 0.862874 0.469967 0.124377 0.045973
42 0.863542 0.589815 0.085417 0.109259
24 0.864062 0.582407 0.030208 0.038889
11 0.614474 0.546912 0.220053 0.243301
77 0.641726 0.465034 0.144717 0.040741
14 0.614062 0.577778 0.190625 0.133333
87 0.579688 0.596296 0.096875 0.070370
