77 0.713399 0.077439 0.321493 0.088211
9 0.381379 0.268336 0.223482 0.244408
77 0.353813 0.187506 0.147515 0.048663
55 0.382292 0.302778 0.195833 0.112963
19 0.618588 0.557296 0.217943 0.252382
77 0.618588 0.470618 0.166933 0.045578
86 0.620833 0.592593 0.191667 0.125926
20 0.141348 0.824978 0.226059 0.245415
77 0.141348 0.737537 0.112551 0.040741
20 0.140104 0.851852 0.192708 0.140741
18 0.164583 0.855556 0.066667 0.085185
28 0.209896 0.737963 0.028125 0.035185
9 0.615137 0.271203 0.223356 0.250153
77 0.630448 0.190561 0.171901 0.049204
68 0.613542 0.311111 0.189583 0.125926
58 0.649479 0.276852 0.107292 0.046296
17 0.374206 0.543014 0.224807 0.248863
77 0.374206 0.457455 0.118801 0.040741
39 0.372917 0.575926 0.195833 0.118519
82 0.421354 0.604630 0.080208 0.050000
23 0.446875 0.449074 0.018750 0.024074
12 0.133745 0.267820 0.217473 0.246736
77 0.164839 0.177946 0.112500 0.040741
40 0.132812 0.298148 0.186458 0.125926
16 0.855792 0.267546 0.215422 0.246700
77 0.863822 0.178669 0.165115 0.042701
66 0.853646 0.299074 0.184375 0.120370
28 0.802604 0.338889 0.023958 0.029630
63 0.921354 0.182407 0.028125 0.035185
13 0.131092 0.540363 0.224281 0.244573
77 0.131092 0.457336 0.122761 0.044289
35 0.131250 0.575926 0.097917 0.125926
50 0.145313 0.557407 0.044792 0.044444
8 0.375758 0.820521 0.225620 0.238909
77 0.375758 0.736438 0.143332 0.040741
27 0.377604 0.853704 0.090625 0.114815
62 0.451562 0.739815 0.030208 0.038889
20 0.856167 0.544402 0.222467 0.243039
77 0.854348 0.463225 0.160550 0.040741
51 0.853125 0.578704 0.193750 0.112963
45 0.804688 0.541667 0.021875 0.027778
