77 0.753368 0.065738 0.284471 0.064810
20 0.863195 0.665453 0.239772 0.188331
77 0.863195 0.608072 0.131633 0.040741
46 0.864583 0.703704 0.208333 0.070370
30 0.860417 0.713889 0.018750 0.024074
30 0.934896 0.607407 0.023958 0.029630
13 0.145403 0.437686 0.238594 0.167740
77 0.145403 0.388727 0.112500 0.040741
42 0.146354 0.471296 0.036458 0.046296
11 0.500000 0.440259 0.453714 0.576814
77 0.489350 0.200191 0.351386 0.062963
66 0.496354 0.494444 0.423958 0.425926
19 0.855955 0.244893 0.233315 0.185879
77 0.839159 0.186668 0.178890 0.040741
47 0.859375 0.275926 0.204167 0.074074
2 0.884896 0.283333 0.130208 0.037037
8 0.856746 0.450744 0.229365 0.177149
77 0.869095 0.398354 0.171399 0.040741
53 0.857292 0.485185 0.045833 0.059259
73 0.865625 0.492593 0.016667 0.022222
8 0.138981 0.872842 0.235235 0.184007
77 0.112259 0.817733 0.155789 0.040741
71 0.139063 0.903704 0.207292 0.062963
27 0.218229 0.813889 0.021875 0.027778
16 0.139816 0.249525 0.233619 0.191922
77 0.139816 0.190780 0.156799 0.040741
85 0.139063 0.279630 0.207292 0.070370
10 0.142187 0.288889 0.023958 0.029630
12 0.139719 0.660034 0.228003 0.169120
77 0.108850 0.615704 0.145433 0.040741
8 0.141146 0.694444 0.201042 0.059259
43 0.188021 0.687963 0.019792 0.024074
7 0.501077 0.849277 0.455868 0.197334
77 0.559761 0.788180 0.288038 0.040741
15 0.498958 0.880556 0.425000 0.075926
62 0.675521 0.781481 0.017708 0.022222
10 0.864363 0.867016 0.238321 0.178524
77 0.859538 0.814520 0.182247 0.040741
9 0.863021 0.898148 0.205208 0.070370
2 0.823958 0.887037 0.102083 0.025926
