77 0.236610 0.076701 0.423220 0.086736
9 0.163666 0.447716 0.279571 0.167926
77 0.113512 0.403848 0.158430 0.040741
43 0.160417 0.483333 0.031250 0.040741
0 0.165625 0.488889 0.016667 0.025926
7 0.161027 0.866834 0.266635 0.179656
77 0.161027 0.816116 0.134516 0.040741
33 0.162500 0.904630 0.050000 0.064815
8 0.500000 0.402137 0.382099 0.500570
77 0.500000 0.202655 0.201933 0.062963
26 0.500000 0.456481 0.356250 0.350000
23 0.633854 0.183333 0.017708 0.022222
20 0.499414 0.816428 0.380927 0.283141
77 0.484916 0.714863 0.195990 0.043675
5 0.501563 0.848148 0.348958 0.162963
63 0.618229 0.711111 0.026042 0.033333
10 0.164869 0.656672 0.278992 0.185001
77 0.164869 0.602011 0.147024 0.040741
76 0.165104 0.691667 0.051042 0.064815
3 0.166146 0.702778 0.017708 0.016667
15 0.847729 0.650562 0.275579 0.171467
77 0.830565 0.601953 0.188370 0.040741
7 0.848437 0.681481 0.240625 0.048148
16 0.838712 0.240192 0.273674 0.178228
77 0.789330 0.185999 0.154076 0.040741
30 0.836979 0.275926 0.046875 0.059259
7 0.152392 0.243511 0.265913 0.192284
77 0.184211 0.181579 0.156544 0.040741
13 0.150521 0.267593 0.240625 0.087037
42 0.206771 0.288889 0.019792 0.025926
14 0.836656 0.863704 0.266390 0.176026
77 0.890370 0.810099 0.130240 0.040741
56 0.839583 0.891667 0.235417 0.064815
37 0.922917 0.812037 0.025000 0.031481
17 0.840733 0.459211 0.268422 0.189653
77 0.867624 0.404881 0.142539 0.040741
73 0.839583 0.490741 0.052083 0.066667
64 0.829167 0.495370 0.018750 0.024074
