77 0.500000 0.121053 0.640000 0.070969
12 0.162661 0.446426 0.279909 0.183879
77 0.226771 0.389267 0.130855 0.040741
20 0.165104 0.479630 0.246875 0.070370
12 0.203646 0.492593 0.026042 0.033333
20 0.838324 0.867266 0.267065 0.185030
77 0.838324 0.812201 0.195539 0.040741
72 0.842708 0.896296 0.050000 0.062963
14 0.158615 0.248184 0.265983 0.181978
77 0.158615 0.193290 0.164008 0.040741
59 0.157812 0.282407 0.240625 0.075926
85 0.205729 0.293519 0.123958 0.038889
37 0.247917 0.189815 0.018750 0.024074
16 0.500000 0.401146 0.377242 0.498589
77 0.560661 0.200388 0.235087 0.062963
21 0.501042 0.451852 0.352083 0.344444
7 0.500418 0.811002 0.378078 0.279417
77 0.423051 0.713388 0.186678 0.044023
76 0.501042 0.846296 0.110417 0.140741
62 0.489583 0.884259 0.025000 0.031481
20 0.839082 0.657404 0.266791 0.178782
77 0.839082 0.603248 0.127683 0.040741
25 0.840625 0.684259 0.045833 0.057407
18 0.845313 0.679630 0.017708 0.022222
18 0.835897 0.455901 0.269170 0.185441
77 0.835897 0.396539 0.163658 0.040741
37 0.836458 0.485185 0.058333 0.074074
32 0.925521 0.400926 0.030208 0.038889
19 0.162539 0.863732 0.271115 0.186973
77 0.162539 0.803666 0.131322 0.040741
46 0.163542 0.900000 0.241667 0.074074
29 0.256250 0.800926 0.018750 0.024074
11 0.162403 0.665618 0.275543 0.181238
77 0.149290 0.610466 0.207151 0.040741
57 0.159896 0.692593 0.242708 0.070370
43 0.221354 0.699074 0.019792 0.024074
9 0.841582 0.235518 0.270813 0.171158
77 0.811751 0.190327 0.190317 0.040741
78 0.840625 0.272222 0.241667 0.044444
