77 0.747699 0.071425 0.305634 0.076182
12 0.615732 0.558149 0.221282 0.252855
77 0.637317 0.469839 0.157279 0.042565
4 0.613542 0.595370 0.195833 0.131481
71 0.665625 0.612037 0.081250 0.064815
62 0.680729 0.462963 0.017708 0.022222
18 0.851267 0.262464 0.214714 0.244754
77 0.851267 0.177570 0.112500 0.040741
63 0.852604 0.296296 0.092708 0.118519
63 0.913021 0.170370 0.017708 0.022222
11 0.372066 0.832365 0.219240 0.252940
77 0.372066 0.741307 0.117588 0.040741
23 0.373437 0.861111 0.098958 0.125926
10 0.346354 0.869444 0.038542 0.050000
13 0.142125 0.554108 0.222227 0.249706
77 0.142125 0.467760 0.141015 0.040741
33 0.142708 0.589815 0.108333 0.138889
48 0.158333 0.611111 0.047917 0.074074
31 0.215625 0.467593 0.031250 0.038889
7 0.371877 0.275446 0.214525 0.251965
77 0.371877 0.186635 0.146839 0.047750
77 0.372396 0.309259 0.182292 0.014815
20 0.375000 0.310185 0.006250 0.024074
13 0.621771 0.262873 0.226229 0.243656
77 0.667231 0.177785 0.113476 0.047165
88 0.618229 0.299074 0.196875 0.116667
89 0.674479 0.278704 0.028125 0.035185
76 0.697396 0.177778 0.026042 0.033333
16 0.864191 0.556986 0.226382 0.248373
77 0.864191 0.470597 0.112913 0.040741
34 0.863021 0.586111 0.063542 0.127778
37 0.944271 0.465741 0.021875 0.027778
14 0.135181 0.261713 0.225168 0.242738
77 0.130332 0.179834 0.170663 0.040741
42 0.133854 0.292593 0.090625 0.114815
36 0.154167 0.284259 0.037500 0.068519
10 0.135999 0.824546 0.217545 0.246875
77 0.135999 0.738835 0.112500 0.041939
81 0.133333 0.854630 0.191667 0.142593
37 0.207292 0.735185 0.022917 0.029630
19 0.381568 0.546300 0.222889 0.247158
77 0.363162 0.464571 0.165244 0.043067
11 0.380208 0.582407 0.189583 0.112963
1 0.338542 0.604630 0.079167 0.042593
27 0.448437 0.454630 0.019792 0.024074
