77 0.500000 0.117973 0.640000 0.062721
14 0.137044 0.548617 0.218617 0.255457
77 0.128902 0.459396 0.112500 0.040741
18 0.135417 0.582407 0.187500 0.150000
84 0.133854 0.587037 0.071875 0.062963
62 0.200000 0.457407 0.029167 0.037037
8 0.137227 0.819459 0.216418 0.238901
77 0.097932 0.734765 0.116994 0.040741
63 0.136979 0.845370 0.094792 0.120370
28 0.207292 0.734259 0.020833 0.027778
16 0.372173 0.551094 0.222894 0.248179
77 0.372173 0.464650 0.112500 0.040741
40 0.375000 0.578704 0.195833 0.135185
50 0.397396 0.587037 0.128125 0.066667
27 0.438542 0.461111 0.020833 0.025926
10 0.861597 0.551924 0.216861 0.247189
77 0.861597 0.465578 0.128093 0.040741
74 0.863542 0.578704 0.104167 0.131481
58 0.855208 0.567593 0.062500 0.079630
30 0.928125 0.458333 0.018750 0.024074
10 0.130620 0.267432 0.214680 0.240547
77 0.137248 0.185364 0.117215 0.047049
90 0.130208 0.300000 0.181250 0.125926
18 0.610918 0.550382 0.215578 0.250556
77 0.610918 0.460811 0.139472 0.040741
76 0.610417 0.587963 0.100000 0.127778
84 0.614583 0.580556 0.064583 0.068519
15 0.376666 0.271409 0.215067 0.245426
77 0.376666 0.190362 0.155886 0.045003
77 0.376563 0.300926 0.167708 0.012963
3 0.417708 0.300000 0.022917 0.022222
8 0.858241 0.264761 0.216950 0.243927
77 0.893012 0.184741 0.126574 0.045052
10 0.857812 0.304630 0.182292 0.116667
15 0.616325 0.270501 0.220172 0.248585
77 0.638460 0.185290 0.155069 0.040741
62 0.617188 0.304630 0.096875 0.124074
43 0.632292 0.335185 0.022917 0.029630
17 0.375267 0.831241 0.219177 0.247215
77 0.385871 0.746336 0.163515 0.045543
23 0.373958 0.864815 0.087500 0.111111
67 0.362500 0.888889 0.052083 0.051852
30 0.451042 0.741667 0.025000 0.031481
