77 0.500000 0.118119 0.640000 0.064234
9 0.135661 0.823111 0.225642 0.244735
77 0.169380 0.739109 0.137370 0.040741
77 0.136458 0.850926 0.168750 0.012963
55 0.168750 0.881481 0.079167 0.025926
19 0.379237 0.277104 0.217295 0.249118
77 0.379237 0.191855 0.141609 0.040741
53 0.377604 0.310185 0.094792 0.120370
10 0.855436 0.552411 0.220720 0.244687
77 0.855436 0.469815 0.112500 0.041489
33 0.858333 0.585185 0.079167 0.100000
73 0.872917 0.610185 0.018750 0.024074
8 0.137185 0.255654 0.225327 0.237380
77 0.137185 0.177489 0.151378 0.040741
65 0.137500 0.286111 0.202083 0.116667
71 0.110417 0.301852 0.120833 0.055556
11 0.615412 0.272207 0.218081 0.254492
77 0.593137 0.181601 0.152696 0.043586
28 0.616667 0.304630 0.097917 0.124074
9 0.136437 0.552217 0.217772 0.243603
77 0.136437 0.469319 0.142374 0.040741
48 0.135417 0.587037 0.183333 0.137037
16 0.086458 0.597222 0.060417 0.075926
29 0.207292 0.464815 0.022917 0.029630
12 0.860312 0.264258 0.223759 0.247292
77 0.872243 0.178137 0.124196 0.040741
72 0.860417 0.298148 0.089583 0.114815
66 0.870313 0.316667 0.053125 0.040741
18 0.617074 0.550431 0.218712 0.244417
77 0.617074 0.466715 0.131905 0.047796
26 0.617708 0.589815 0.193750 0.116667
12 0.369375 0.835542 0.218080 0.242183
77 0.369375 0.748101 0.138509 0.040741
69 0.370312 0.860185 0.194792 0.127778
35 0.427083 0.884259 0.027083 0.035185
18 0.378488 0.548152 0.224162 0.241304
77 0.378488 0.464410 0.165993 0.042049
78 0.379688 0.583333 0.190625 0.129630
