77 0.500000 0.136994 0.640000 0.060150
13 0.158690 0.664552 0.266786 0.191797
77 0.142955 0.609346 0.135681 0.040741
61 0.159375 0.695370 0.237500 0.075926
29 0.243750 0.602778 0.025000 0.031481
13 0.840922 0.244012 0.252331 0.181622
77 0.840922 0.188813 0.113678 0.040741
24 0.840104 0.279630 0.046875 0.059259
76 0.917188 0.182407 0.015625 0.020370
14 0.156760 0.447341 0.262583 0.172201
77 0.200424 0.399063 0.154422 0.040741
30 0.158333 0.479630 0.037500 0.048148
63 0.248438 0.398148 0.026042 0.033333
10 0.840653 0.860757 0.256930 0.179258
77 0.852136 0.810434 0.189298 0.040741
21 0.839583 0.899074 0.231250 0.061111
34 0.839063 0.901852 0.011458 0.022222
17 0.144417 0.246468 0.252649 0.178953
77 0.172239 0.192675 0.176172 0.040741
84 0.144271 0.281481 0.230208 0.062963
16 0.500000 0.421799 0.403878 0.539894
77 0.568275 0.200527 0.246494 0.062963
83 0.501563 0.476852 0.378125 0.379630
28 0.565104 0.628704 0.051042 0.064815
17 0.850147 0.653744 0.265293 0.174616
77 0.806731 0.600742 0.120349 0.040741
8 0.848437 0.677778 0.232292 0.062963
59 0.817708 0.676852 0.152083 0.038889
14 0.846247 0.448576 0.266050 0.168499
77 0.846247 0.399717 0.139760 0.040741
51 0.847917 0.485185 0.239583 0.051852
83 0.795833 0.474074 0.118750 0.033333
17 0.153009 0.860988 0.264448 0.176637
77 0.162476 0.806597 0.155280 0.040741
90 0.151042 0.890741 0.231250 0.077778
3 0.210417 0.900000 0.027083 0.025926
11 0.498115 0.839248 0.400108 0.241858
77 0.570545 0.759955 0.206941 0.043926
32 0.496875 0.872222 0.095833 0.122222
