77 0.500000 0.133415 0.640000 0.065693
14 0.860846 0.265682 0.221748 0.245659
77 0.838526 0.183574 0.140328 0.048423
64 0.859896 0.306481 0.082292 0.105556
11 0.135026 0.833087 0.220291 0.238255
77 0.105475 0.750539 0.112500 0.040741
4 0.132812 0.867593 0.192708 0.124074
61 0.085938 0.881481 0.092708 0.044444
10 0.617273 0.549681 0.223899 0.254970
77 0.641064 0.459186 0.155485 0.040741
89 0.618229 0.578704 0.109375 0.138889
24 0.642188 0.606481 0.028125 0.035185
8 0.127879 0.545072 0.216959 0.240059
77 0.127879 0.458713 0.153408 0.040741
31 0.126042 0.577778 0.093750 0.118519
82 0.136458 0.580556 0.056250 0.064815
14 0.373810 0.842436 0.223322 0.254180
77 0.373810 0.750031 0.121944 0.041566
50 0.373437 0.877778 0.201042 0.137037
56 0.373958 0.879630 0.116667 0.048148
20 0.860196 0.553630 0.216318 0.247545
77 0.881466 0.464734 0.152946 0.040741
39 0.859375 0.581481 0.185417 0.137037
16 0.831771 0.614815 0.038542 0.048148
62 0.926562 0.461111 0.017708 0.022222
9 0.374614 0.270178 0.215142 0.246002
77 0.386174 0.182744 0.120941 0.040741
73 0.372396 0.298148 0.105208 0.133333
40 0.387500 0.329630 0.054167 0.048148
31 0.448958 0.181481 0.022917 0.029630
15 0.622958 0.274279 0.222951 0.243195
77 0.588614 0.190473 0.133431 0.045075
28 0.622396 0.307407 0.084375 0.107407
20 0.375511 0.558871 0.221266 0.251878
77 0.373881 0.470489 0.128433 0.040741
74 0.376563 0.590741 0.105208 0.133333
16 0.138219 0.266644 0.216533 0.255397
77 0.138219 0.181630 0.138110 0.048752
0 0.137500 0.300000 0.187500 0.137037
28 0.215625 0.175926 0.029167 0.037037
