77 0.500000 0.121477 0.640000 0.056899
18 0.136531 0.263956 0.216917 0.253375
77 0.136531 0.177157 0.133989 0.040741
75 0.137500 0.295370 0.187500 0.127778
45 0.110417 0.320370 0.022917 0.029630
14 0.382873 0.271651 0.223048 0.244861
77 0.382873 0.183978 0.119778 0.040741
56 0.381771 0.300000 0.194792 0.129630
31 0.459375 0.187037 0.029167 0.037037
7 0.861488 0.274975 0.214797 0.252896
77 0.861488 0.184972 0.117787 0.042545
70 0.863542 0.304630 0.185417 0.131481
40 0.894792 0.282407 0.110417 0.053704
62 0.926042 0.181481 0.020833 0.025926
17 0.615725 0.267099 0.214364 0.254267
77 0.625563 0.178613 0.165515 0.040741
36 0.616146 0.301852 0.190625 0.133333
9 0.648438 0.325926 0.034375 0.044444
8 0.134292 0.552336 0.214406 0.244570
77 0.134292 0.469523 0.149870 0.040741
5 0.135417 0.591667 0.181250 0.127778
13 0.161458 0.621296 0.037500 0.046296
8 0.135639 0.839299 0.215018 0.250674
77 0.127570 0.754376 0.134506 0.042280
37 0.136458 0.870370 0.095833 0.122222
22 0.130208 0.862963 0.056250 0.044444
15 0.379332 0.553164 0.221410 0.251584
77 0.360990 0.472130 0.163892 0.049766
27 0.377604 0.587963 0.094792 0.120370
7 0.617573 0.536562 0.224775 0.237448
77 0.571852 0.452951 0.112500 0.040741
13 0.617708 0.562963 0.202083 0.118519
28 0.692187 0.453704 0.023958 0.029630
15 0.859008 0.543389 0.225622 0.249440
77 0.843489 0.463248 0.115054 0.048590
43 0.856250 0.586111 0.091667 0.116667
7 0.373475 0.839486 0.224114 0.251985
77 0.388425 0.752105 0.173380 0.044997
49 0.372917 0.875000 0.195833 0.142593
