77 0.500000 0.146242 0.640000 0.063691
19 0.135104 0.546426 0.223568 0.240067
77 0.105337 0.465884 0.124410 0.045410
51 0.136458 0.583333 0.193750 0.114815
9 0.132294 0.270027 0.217825 0.244906
77 0.132294 0.187376 0.156274 0.040741
86 0.132292 0.303704 0.181250 0.114815
12 0.373746 0.260089 0.214671 0.240356
77 0.367942 0.177297 0.159381 0.047858
68 0.371875 0.299074 0.185417 0.120370
5 0.421354 0.286111 0.076042 0.075926
27 0.445312 0.173148 0.019792 0.024074
19 0.614423 0.273772 0.220004 0.252964
77 0.614423 0.186025 0.171131 0.046116
60 0.614062 0.310185 0.196875 0.120370
12 0.375368 0.837995 0.214576 0.252792
77 0.415661 0.753381 0.113157 0.044033
81 0.377604 0.864815 0.186458 0.133333
33 0.323958 0.827778 0.031250 0.040741
17 0.620163 0.548788 0.217877 0.255151
77 0.623860 0.462100 0.145578 0.050680
18 0.621875 0.588889 0.191667 0.137037
76 0.584896 0.620370 0.026042 0.033333
29 0.682292 0.453704 0.020833 0.025926
20 0.861982 0.543139 0.214718 0.248420
77 0.877060 0.458486 0.147945 0.045718
77 0.862500 0.575000 0.175000 0.012963
50 0.860938 0.592593 0.105208 0.025926
13 0.129296 0.827637 0.215740 0.254410
77 0.123667 0.739281 0.119629 0.042012
59 0.127083 0.860185 0.187500 0.138889
52 0.167708 0.847222 0.095833 0.064815
76 0.205208 0.732407 0.018750 0.024074
18 0.380213 0.543890 0.218709 0.246781
77 0.383914 0.462239 0.146986 0.044588
54 0.378125 0.577778 0.191667 0.114815
11 0.865130 0.273229 0.224914 0.245519
77 0.865130 0.188075 0.132974 0.044284
6 0.867188 0.300000 0.196875 0.133333
