77 0.500000 0.075783 0.520000 0.092307
14 0.375697 0.550613 0.217693 0.253376
77 0.371964 0.465903 0.131701 0.046387
87 0.377083 0.581481 0.185417 0.129630
7 0.616371 0.271182 0.215121 0.237983
77 0.601886 0.190205 0.154229 0.040741
74 0.614062 0.302778 0.082292 0.105556
14 0.371265 0.258188 0.216878 0.237484
77 0.348377 0.176853 0.150268 0.046184
70 0.370312 0.284259 0.192708 0.124074
86 0.403646 0.260185 0.111458 0.053704
20 0.136960 0.271472 0.223546 0.252122
77 0.136960 0.182450 0.169079 0.047396
29 0.140625 0.304630 0.091667 0.116667
78 0.156771 0.326852 0.042708 0.061111
30 0.202083 0.180556 0.025000 0.031481
13 0.622260 0.545394 0.218836 0.249757
77 0.622260 0.459840 0.122376 0.043223
31 0.623958 0.583333 0.095833 0.122222
12 0.633854 0.577778 0.046875 0.059259
12 0.860322 0.273580 0.216187 0.242099
77 0.901749 0.189785 0.112500 0.043377
50 0.859896 0.302778 0.184375 0.120370
26 0.836458 0.272222 0.125000 0.040741
9 0.378744 0.830965 0.222776 0.249952
77 0.370808 0.746563 0.163605 0.040741
61 0.377604 0.864815 0.196875 0.129630
14 0.861483 0.556590 0.214173 0.252697
77 0.861483 0.468034 0.152334 0.048964
14 0.861458 0.585185 0.187500 0.137037
34 0.811979 0.599074 0.028125 0.057407
20 0.133593 0.832939 0.224877 0.241278
77 0.133593 0.750154 0.133758 0.040741
19 0.134375 0.871296 0.191667 0.120370
17 0.131888 0.538038 0.220903 0.237519
77 0.137349 0.458657 0.143156 0.042705
16 0.130729 0.570370 0.196875 0.111111
10 0.131250 0.575000 0.033333 0.042593
