77 0.500000 0.070124 0.520000 0.080988
12 0.845751 0.236031 0.268929 0.173928
77 0.845751 0.185439 0.136094 0.040741
82 0.841667 0.270370 0.239583 0.066667
20 0.788542 0.267593 0.008333 0.031481
7 0.846482 0.869987 0.273499 0.182327
77 0.817224 0.812867 0.143336 0.040741
77 0.844271 0.898148 0.246875 0.018519
18 0.160340 0.450656 0.276645 0.189538
77 0.114031 0.390130 0.163194 0.040741
2 0.161458 0.483333 0.247917 0.074074
61 0.190625 0.476852 0.160417 0.035185
16 0.155587 0.245090 0.266039 0.193464
77 0.155587 0.187934 0.135539 0.040741
32 0.157292 0.279630 0.058333 0.074074
13 0.159048 0.862749 0.267547 0.180196
77 0.214369 0.808432 0.136072 0.040741
4 0.159375 0.893519 0.239583 0.057407
77 0.155729 0.892593 0.094792 0.007407
32 0.237500 0.811111 0.029167 0.037037
17 0.836968 0.453290 0.263548 0.175341
77 0.836968 0.403830 0.132586 0.040741
5 0.840104 0.486111 0.234375 0.064815
10 0.500000 0.390994 0.385766 0.478285
77 0.500000 0.197451 0.224877 0.062963
6 0.499479 0.435185 0.351042 0.337037
76 0.493750 0.437037 0.043750 0.055556
17 0.501917 0.797495 0.389600 0.295629
77 0.546255 0.689348 0.246130 0.052502
59 0.502604 0.831481 0.361458 0.170370
13 0.166363 0.659243 0.277372 0.186265
77 0.166363 0.603113 0.189339 0.040741
54 0.168229 0.693519 0.246875 0.064815
20 0.844434 0.664726 0.268384 0.181638
77 0.844434 0.608978 0.186234 0.040741
83 0.844271 0.692593 0.238542 0.074074
18 0.873437 0.681481 0.023958 0.029630
