77 0.500000 0.082001 0.380000 0.073350
8 0.858517 0.258866 0.218604 0.240435
77 0.858517 0.180067 0.112848 0.042421
65 0.857812 0.294444 0.194792 0.125926
53 0.803646 0.263889 0.032292 0.042593
23 0.928125 0.175000 0.025000 0.031481
8 0.860675 0.557838 0.214947 0.251666
77 0.860675 0.466457 0.162825 0.041588
0 0.860417 0.586111 0.191667 0.131481
19 0.620885 0.547828 0.218354 0.251747
77 0.642104 0.460132 0.155083 0.040741
49 0.620313 0.580556 0.188542 0.146296
7 0.373833 0.821188 0.214906 0.244060
77 0.373833 0.733393 0.112500 0.040741
3 0.373437 0.844444 0.126042 0.125926
76 0.444271 0.735185 0.026042 0.033333
19 0.620047 0.265593 0.219562 0.255455
77 0.620785 0.172449 0.120679 0.040755
36 0.619792 0.297222 0.195833 0.142593
80 0.592708 0.271296 0.125000 0.050000
17 0.379607 0.264909 0.220823 0.244239
77 0.377283 0.180609 0.123675 0.040741
53 0.378646 0.298148 0.096875 0.122222
68 0.359375 0.330556 0.045833 0.050000
23 0.448958 0.178704 0.027083 0.035185
13 0.137426 0.831054 0.216867 0.251260
77 0.118630 0.740348 0.157404 0.042472
83 0.137500 0.865741 0.195833 0.138889
23 0.208854 0.743519 0.028125 0.035185
15 0.135399 0.550010 0.223257 0.255445
77 0.108079 0.459253 0.147783 0.047215
44 0.134896 0.587037 0.105208 0.133333
72 0.126562 0.557407 0.023958 0.029630
10 0.140039 0.263468 0.218592 0.253240
77 0.140039 0.176484 0.135589 0.043291
8 0.143750 0.299074 0.189583 0.124074
62 0.207292 0.172222 0.022917 0.029630
9 0.376944 0.546841 0.218232 0.246120
77 0.344926 0.460670 0.133363 0.044507
24 0.377083 0.573148 0.097917 0.124074
