77 0.500000 0.090962 0.380000 0.085096
9 0.380236 0.549975 0.220374 0.250199
77 0.401453 0.465479 0.141414 0.043939
71 0.380729 0.582407 0.186458 0.124074
61 0.346354 0.566667 0.105208 0.051852
27 0.446875 0.456481 0.018750 0.024074
16 0.382442 0.264513 0.220866 0.249540
77 0.382442 0.177283 0.138210 0.040741
12 0.378646 0.300000 0.190625 0.129630
30 0.409375 0.343519 0.025000 0.031481
19 0.127702 0.837763 0.215726 0.249535
77 0.127702 0.748730 0.125300 0.044468
32 0.129167 0.865741 0.089583 0.112963
40 0.131771 0.874074 0.034375 0.044444
13 0.860938 0.273475 0.216539 0.243465
77 0.860938 0.190355 0.112500 0.040741
83 0.858854 0.306481 0.184375 0.131481
67 0.832812 0.286111 0.109375 0.064815
31 0.922917 0.183333 0.020833 0.025926
18 0.136557 0.268848 0.225339 0.238986
77 0.136557 0.190918 0.141600 0.043099
16 0.136979 0.300000 0.190625 0.125926
35 0.134896 0.304630 0.034375 0.042593
32 0.203125 0.180556 0.018750 0.024074
13 0.371981 0.834109 0.214666 0.242640
77 0.371981 0.751104 0.162597 0.043738
23 0.371875 0.862963 0.087500 0.111111
15 0.354687 0.894444 0.032292 0.040741
13 0.620634 0.256189 0.216245 0.238324
77 0.620634 0.174732 0.112500 0.046755
6 0.622917 0.286111 0.185417 0.120370
65 0.597396 0.296296 0.107292 0.055556
27 0.693750 0.170370 0.022917 0.029630
18 0.621471 0.542528 0.220936 0.244937
77 0.607871 0.459508 0.131025 0.044223
59 0.618229 0.575926 0.190625 0.129630
12 0.861755 0.548741 0.215069 0.239004
77 0.861755 0.468656 0.139389 0.040741
89 0.860938 0.580556 0.080208 0.101852
30 0.869792 0.611111 0.020833 0.025926
23 0.936979 0.467593 0.028125 0.035185
13 0.136804 0.543043 0.223881 0.241576
77 0.091531 0.460189 0.112500 0.040741
52 0.139063 0.582407 0.194792 0.124074
31 0.138542 0.583333 0.022917 0.029630
32 0.208854 0.453704 0.017708 0.022222
