77 0.500000 0.066068 0.520000 0.072877
8 0.135755 0.548409 0.216181 0.252193
77 0.111762 0.459569 0.124856 0.040741
33 0.134375 0.577778 0.110417 0.140741
4 0.117708 0.606481 0.064583 0.050000
32 0.200521 0.454630 0.019792 0.024074
16 0.377395 0.558309 0.223855 0.253003
77 0.377395 0.473514 0.136773 0.044038
49 0.379688 0.589815 0.196875 0.131481
63 0.457292 0.465741 0.022917 0.027778
14 0.376269 0.823985 0.225015 0.245716
77 0.376269 0.736482 0.116271 0.040741
77 0.373958 0.853704 0.183333 0.014815
53 0.319271 0.848148 0.019792 0.025926
8 0.370394 0.266021 0.214319 0.252194
77 0.351462 0.175303 0.112500 0.040741
47 0.369792 0.293519 0.187500 0.131481
38 0.343750 0.327778 0.114583 0.048148
11 0.855989 0.270123 0.215766 0.239562
77 0.892228 0.190733 0.112500 0.040741
61 0.858854 0.305556 0.184375 0.129630
30 0.921354 0.184259 0.021875 0.027778
19 0.862496 0.550315 0.219243 0.241810
77 0.862496 0.467127 0.169437 0.040741
58 0.860938 0.584259 0.194792 0.124074
37 0.928646 0.461111 0.019792 0.025926
11 0.619927 0.272442 0.217584 0.247156
77 0.662052 0.190189 0.112500 0.044864
1 0.621354 0.304630 0.188542 0.135185
14 0.137595 0.829689 0.217856 0.247523
77 0.115751 0.748023 0.153335 0.044148
66 0.134375 0.859259 0.189583 0.129630
19 0.619752 0.545123 0.215507 0.240914
77 0.603684 0.459538 0.162020 0.040741
54 0.621875 0.572222 0.181250 0.129630
58 0.583333 0.552778 0.085417 0.057407
23 0.696875 0.456481 0.018750 0.024074
20 0.130374 0.261237 0.219445 0.248270
77 0.157903 0.178030 0.112500 0.045058
31 0.127604 0.292593 0.098958 0.125926
