77 0.218914 0.068169 0.387827 0.069672
14 0.622458 0.263747 0.218842 0.240204
77 0.622458 0.180177 0.169348 0.042172
49 0.621354 0.295370 0.184375 0.112963
88 0.663021 0.282407 0.080208 0.061111
62 0.687500 0.178704 0.025000 0.031481
20 0.370625 0.834614 0.219507 0.243804
77 0.366300 0.747589 0.156704 0.040741
61 0.369792 0.860185 0.185417 0.127778
60 0.328125 0.882407 0.097917 0.053704
10 0.857762 0.541113 0.223596 0.239045
77 0.857762 0.458325 0.136825 0.040741
25 0.858333 0.572222 0.089583 0.114815
59 0.848437 0.577778 0.059375 0.066667
16 0.128317 0.840179 0.215850 0.254927
77 0.167680 0.747769 0.116291 0.040741
11 0.126042 0.876852 0.183333 0.142593
7 0.375797 0.541513 0.220674 0.242978
77 0.375797 0.454575 0.165948 0.042243
47 0.378646 0.574074 0.188542 0.114815
10 0.423438 0.568519 0.040625 0.051852
19 0.131129 0.543983 0.220052 0.248804
77 0.129602 0.458459 0.139478 0.048285
19 0.128125 0.583333 0.191667 0.118519
9 0.154688 0.563889 0.034375 0.042593
11 0.141153 0.264861 0.221145 0.253123
77 0.141153 0.179030 0.152963 0.048706
42 0.144271 0.302778 0.080208 0.101852
75 0.129688 0.294444 0.032292 0.048148
23 0.211458 0.168519 0.016667 0.022222
14 0.619947 0.553335 0.221761 0.241131
77 0.619947 0.470354 0.127543 0.045375
41 0.620313 0.585185 0.092708 0.118519
60 0.618750 0.590741 0.041667 0.066667
19 0.856253 0.272222 0.221092 0.247688
77 0.856253 0.185319 0.171252 0.041694
68 0.854688 0.309259 0.194792 0.137037
30 0.891146 0.355556 0.026042 0.033333
8 0.378274 0.273988 0.216367 0.254523
77 0.378274 0.186746 0.128168 0.048263
45 0.380729 0.314815 0.092708 0.118519
62 0.446354 0.176852 0.015625 0.020370
