77 0.500000 0.069388 0.520000 0.079517
18 0.375380 0.267306 0.219025 0.250056
77 0.355259 0.181589 0.152049 0.047842
64 0.377604 0.300000 0.098958 0.125926
7 0.134137 0.266051 0.224822 0.244216
77 0.134137 0.182164 0.112500 0.047469
84 0.135417 0.294444 0.193750 0.125926
15 0.379000 0.824889 0.224387 0.240136
77 0.335098 0.743714 0.115750 0.044797
25 0.380208 0.851852 0.095833 0.122222
40 0.393750 0.870370 0.047917 0.048148
20 0.131087 0.551822 0.222736 0.247013
77 0.131087 0.462301 0.168998 0.040741
61 0.135417 0.581481 0.193750 0.137037
17 0.623185 0.556985 0.221063 0.246136
77 0.614740 0.473947 0.169176 0.049021
54 0.625000 0.596296 0.187500 0.118519
73 0.629167 0.588889 0.020833 0.025926
8 0.380596 0.542897 0.218315 0.248146
77 0.362201 0.452400 0.145266 0.040741
62 0.377083 0.570370 0.100000 0.125926
7 0.858747 0.546339 0.224976 0.239452
77 0.900047 0.460946 0.114010 0.041891
34 0.857812 0.573148 0.059375 0.120370
17 0.861568 0.259204 0.224914 0.240215
77 0.861568 0.178617 0.136149 0.040741
9 0.860938 0.288889 0.192708 0.133333
5 0.909375 0.272222 0.079167 0.077778
20 0.612812 0.269424 0.219623 0.252802
77 0.612812 0.184539 0.143330 0.044535
43 0.616667 0.297222 0.093750 0.120370
13 0.131622 0.834991 0.222124 0.254247
77 0.174653 0.745700 0.115229 0.041802
69 0.134896 0.862963 0.192708 0.140741
89 0.091146 0.901852 0.034375 0.044444
