77 0.500000 0.132198 0.640000 0.075466
19 0.126822 0.269136 0.214594 0.239682
77 0.125103 0.186201 0.166753 0.040741
40 0.126042 0.303704 0.185417 0.118519
37 0.193750 0.185185 0.022917 0.029630
7 0.619940 0.265066 0.224214 0.245953
77 0.613153 0.178504 0.112500 0.046701
84 0.618750 0.290741 0.195833 0.129630
15 0.137596 0.840097 0.226058 0.250087
77 0.137596 0.753365 0.163016 0.049112
52 0.133854 0.874074 0.196875 0.122222
9 0.093750 0.889815 0.047917 0.061111
17 0.374355 0.275787 0.222820 0.249564
77 0.374355 0.191432 0.112500 0.040741
16 0.371875 0.312037 0.193750 0.131481
62 0.335417 0.356481 0.025000 0.031481
17 0.615800 0.541462 0.223515 0.246231
77 0.615800 0.452145 0.168375 0.040741
53 0.617708 0.574074 0.087500 0.111111
64 0.592708 0.549074 0.027083 0.035185
15 0.373707 0.824880 0.214952 0.250805
77 0.362276 0.739979 0.151461 0.043671
15 0.370833 0.858333 0.185417 0.146296
11 0.853676 0.262087 0.221558 0.245454
77 0.853676 0.181887 0.147291 0.047612
38 0.851562 0.295370 0.194792 0.120370
14 0.370330 0.556947 0.214278 0.245385
77 0.370330 0.470857 0.132495 0.046541
33 0.369792 0.587963 0.097917 0.124074
7 0.358854 0.569444 0.038542 0.050000
62 0.433333 0.465741 0.018750 0.024074
15 0.855154 0.545585 0.225704 0.240265
77 0.831536 0.462211 0.157634 0.040741
50 0.852083 0.575000 0.197917 0.124074
16 0.881250 0.575000 0.056250 0.072222
11 0.137333 0.552826 0.214805 0.242702
77 0.096597 0.467360 0.112500 0.044340
58 0.139063 0.585185 0.182292 0.129630
70 0.180208 0.567593 0.087500 0.064815
