77 0.500000 0.073280 0.520000 0.087301
13 0.145366 0.865031 0.236927 0.178929
77 0.173994 0.812694 0.147335 0.040741
61 0.145313 0.896296 0.211458 0.066667
57 0.181771 0.903704 0.117708 0.033333
27 0.230208 0.808333 0.018750 0.024074
9 0.856815 0.235101 0.223588 0.180650
77 0.856815 0.184214 0.139973 0.040741
20 0.852604 0.268519 0.194792 0.062963
28 0.930208 0.183333 0.029167 0.037037
11 0.140171 0.239505 0.224246 0.183531
77 0.177587 0.183168 0.128581 0.040741
32 0.139583 0.268519 0.052083 0.066667
78 0.147917 0.275000 0.027083 0.035185
14 0.862043 0.456409 0.230424 0.187586
77 0.862043 0.403254 0.148457 0.040741
43 0.860417 0.484259 0.047917 0.061111
47 0.863542 0.496296 0.027083 0.025926
31 0.937500 0.392593 0.016667 0.022222
19 0.500000 0.421814 0.461183 0.539925
77 0.500000 0.198304 0.235538 0.062963
34 0.503646 0.474074 0.159375 0.322222
18 0.539062 0.416667 0.063542 0.081481
16 0.860111 0.859542 0.236338 0.168421
77 0.864477 0.813309 0.179973 0.040741
1 0.862500 0.895370 0.210417 0.053704
16 0.500954 0.837147 0.463090 0.246526
77 0.510711 0.749001 0.314274 0.042392
55 0.501042 0.862963 0.433333 0.133333
19 0.410938 0.865741 0.063542 0.079630
10 0.142764 0.443683 0.233216 0.174601
77 0.142764 0.393273 0.112500 0.040741
6 0.144271 0.477778 0.203125 0.048148
88 0.197396 0.492593 0.088542 0.029630
30 0.222917 0.387963 0.018750 0.024074
19 0.134633 0.662724 0.228943 0.181382
77 0.106429 0.610628 0.151701 0.040741
2 0.133854 0.696296 0.205208 0.066667
65 0.091146 0.685185 0.096875 0.040741
32 0.200000 0.604630 0.020833 0.027778
12 0.866788 0.658522 0.238413 0.174947
77 0.866788 0.607435 0.174707 0.040741
38 0.869271 0.690741 0.211458 0.048148
