77 0.500000 0.077323 0.380000 0.068014
9 0.859583 0.864172 0.249143 0.184989
77 0.859583 0.812256 0.190818 0.040741
78 0.856250 0.898148 0.220833 0.066667
87 0.890625 0.894444 0.145833 0.029630
11 0.501817 0.858598 0.434689 0.208927
77 0.501817 0.788561 0.305361 0.040741
30 0.502604 0.892593 0.069792 0.088889
32 0.652604 0.787963 0.021875 0.027778
12 0.853303 0.455401 0.254584 0.178270
77 0.853303 0.406357 0.120073 0.040741
7 0.852083 0.487963 0.220833 0.075926
14 0.147018 0.455412 0.249147 0.178107
77 0.187364 0.404578 0.139903 0.040741
15 0.147396 0.491667 0.226042 0.053704
37 0.228646 0.403704 0.026042 0.033333
13 0.500000 0.437381 0.431055 0.571058
77 0.500000 0.199103 0.335838 0.062963
26 0.498437 0.500000 0.401042 0.392593
11 0.147744 0.651368 0.253649 0.175658
77 0.158237 0.600320 0.180569 0.040741
33 0.147396 0.679630 0.048958 0.062963
29 0.235417 0.595370 0.018750 0.024074
7 0.142483 0.240697 0.247063 0.177255
77 0.103663 0.188494 0.117719 0.040741
52 0.143750 0.272222 0.220833 0.048148
8 0.117708 0.268519 0.020833 0.025926
27 0.226042 0.181481 0.016667 0.022222
16 0.852428 0.250763 0.254548 0.186517
77 0.885703 0.192825 0.167165 0.040741
1 0.851042 0.286111 0.227083 0.064815
20 0.860662 0.670426 0.254333 0.189721
77 0.860662 0.613402 0.165906 0.040741
9 0.859375 0.704630 0.220833 0.064815
65 0.881250 0.712963 0.150000 0.033333
11 0.140746 0.873821 0.243418 0.179308
77 0.140746 0.823418 0.122114 0.040741
76 0.143229 0.902778 0.044792 0.057407
65 0.138021 0.900000 0.026042 0.025926
