77 0.500000 0.076785 0.520000 0.094310
9 0.500000 0.404951 0.387591 0.506199
77 0.547143 0.198993 0.181035 0.062963
24 0.501042 0.459259 0.241667 0.307407
67 0.564063 0.520370 0.094792 0.174074
28 0.638542 0.184259 0.018750 0.024074
8 0.153414 0.648081 0.262505 0.168190
77 0.197630 0.604234 0.153240 0.040741
11 0.155208 0.687963 0.235417 0.046296
32 0.245312 0.600926 0.030208 0.038889
19 0.849289 0.447184 0.276956 0.181127
77 0.849289 0.392238 0.142560 0.040741
88 0.851042 0.484259 0.243750 0.064815
4 0.885417 0.474074 0.147917 0.029630
29 0.953125 0.393519 0.027083 0.035185
12 0.839706 0.651037 0.267728 0.170280
77 0.803454 0.601111 0.167492 0.040741
12 0.841667 0.679630 0.239583 0.070370
89 0.907813 0.674074 0.019792 0.025926
28 0.935417 0.601852 0.022917 0.029630
15 0.164842 0.864517 0.274667 0.179462
77 0.164842 0.811100 0.182965 0.040741
40 0.164062 0.896296 0.244792 0.066667
76 0.254167 0.809259 0.022917 0.029630
20 0.843274 0.241992 0.274603 0.189643
77 0.810914 0.184571 0.142230 0.040741
16 0.842708 0.271296 0.247917 0.075926
20 0.158825 0.445985 0.272773 0.179004
77 0.158825 0.392596 0.139734 0.040741
2 0.158854 0.479630 0.240625 0.062963
47 0.207813 0.482407 0.134375 0.031481
16 0.842771 0.866923 0.272102 0.175200
77 0.834673 0.819280 0.159265 0.040741
4 0.840625 0.898148 0.243750 0.070370
9 0.151700 0.248074 0.267429 0.191080
77 0.194303 0.193105 0.141893 0.040741
14 0.153125 0.279630 0.241667 0.070370
7 0.501777 0.831433 0.391145 0.280632
77 0.478681 0.731940 0.294317 0.047596
1 0.501042 0.866667 0.360417 0.144444
32 0.636979 0.720370 0.017708 0.022222
