77 0.500000 0.078809 0.380000 0.064689
19 0.862705 0.277148 0.218915 0.254605
77 0.819914 0.190601 0.112500 0.041541
42 0.862500 0.309259 0.089583 0.114815
7 0.862249 0.556507 0.225349 0.251680
77 0.896626 0.466033 0.122566 0.040741
72 0.859896 0.584259 0.101042 0.127778
16 0.376436 0.270948 0.222366 0.249363
77 0.358419 0.183182 0.155544 0.040741
65 0.379167 0.300000 0.193750 0.137037
80 0.339062 0.271296 0.086458 0.057407
11 0.130836 0.553464 0.222940 0.244953
77 0.126533 0.468402 0.150590 0.047696
46 0.127083 0.587963 0.193750 0.116667
17 0.141955 0.837346 0.223935 0.245205
77 0.182207 0.754742 0.122598 0.048867
71 0.143229 0.875926 0.198958 0.122222
5 0.172396 0.888889 0.115625 0.074074
32 0.207813 0.748148 0.023958 0.029630
18 0.621854 0.538407 0.224818 0.240668
77 0.591074 0.455874 0.130404 0.045146
12 0.621875 0.572222 0.195833 0.111111
32 0.651563 0.539815 0.021875 0.027778
13 0.378978 0.542748 0.225888 0.245582
77 0.425255 0.459452 0.112500 0.041735
29 0.380729 0.575000 0.088542 0.112963
30 0.454167 0.450926 0.018750 0.024074
20 0.375883 0.834905 0.225142 0.243528
77 0.375883 0.748140 0.145223 0.040741
62 0.374479 0.862037 0.101042 0.127778
27 0.442708 0.751852 0.029167 0.037037
17 0.616665 0.276599 0.225766 0.254318
77 0.570449 0.191207 0.112500 0.044471
10 0.615625 0.313889 0.191667 0.131481
53 0.618750 0.322222 0.029167 0.037037
16 0.139537 0.274332 0.225571 0.244135
77 0.139537 0.190025 0.112500 0.040741
49 0.141667 0.309259 0.193750 0.122222
65 0.110937 0.322222 0.126042 0.044444
