77 0.244085 0.077728 0.438171 0.088790
7 0.858871 0.271639 0.224003 0.243194
77 0.829288 0.190504 0.143444 0.044451
56 0.856771 0.302778 0.190625 0.135185
67 0.810937 0.272222 0.080208 0.055556
15 0.377981 0.261512 0.225994 0.245774
77 0.377981 0.173700 0.172027 0.040741
33 0.381250 0.287037 0.095833 0.122222
61 0.396875 0.304630 0.056250 0.057407
14 0.138967 0.551144 0.220932 0.243338
77 0.138967 0.469252 0.152885 0.046244
90 0.137500 0.586111 0.193750 0.131481
24 0.096875 0.612963 0.041667 0.051852
37 0.210417 0.467593 0.031250 0.038889
17 0.862156 0.550924 0.223909 0.253556
77 0.892314 0.463541 0.132416 0.048768
40 0.859896 0.579630 0.196875 0.133333
10 0.618569 0.258914 0.218036 0.238419
77 0.589487 0.178158 0.118989 0.045940
85 0.620833 0.287037 0.185417 0.122222
7 0.619563 0.541499 0.215071 0.237548
77 0.619563 0.461523 0.119649 0.046916
7 0.618229 0.576852 0.188542 0.127778
9 0.371515 0.837908 0.221520 0.255534
77 0.346226 0.747617 0.136160 0.044686
0 0.372396 0.876852 0.192708 0.138889
28 0.444271 0.747222 0.028125 0.035185
14 0.128707 0.825807 0.216506 0.241339
77 0.150320 0.742148 0.152447 0.040741
53 0.125521 0.859259 0.090625 0.114815
56 0.115625 0.842593 0.056250 0.051852
16 0.135976 0.271597 0.215546 0.242463
77 0.135976 0.187481 0.164236 0.040741
55 0.136979 0.305556 0.190625 0.125926
69 0.136979 0.312037 0.101042 0.072222
15 0.379966 0.544196 0.226186 0.249034
77 0.379966 0.457679 0.122076 0.040741
70 0.382812 0.577778 0.194792 0.118519
81 0.421354 0.549074 0.105208 0.042593
