77 0.500000 0.135898 0.640000 0.064535
18 0.138791 0.868668 0.236414 0.185203
77 0.138791 0.816646 0.167678 0.040741
52 0.139063 0.902778 0.213542 0.068519
44 0.200000 0.897222 0.018750 0.024074
12 0.138181 0.238651 0.240526 0.174862
77 0.138181 0.187886 0.151261 0.040741
26 0.138021 0.271296 0.211458 0.057407
8 0.139868 0.662471 0.244186 0.180690
77 0.147642 0.607182 0.174853 0.040741
83 0.141667 0.692593 0.212500 0.077778
29 0.091667 0.689815 0.018750 0.024074
13 0.500468 0.852867 0.451090 0.208756
77 0.500468 0.788376 0.274730 0.040741
56 0.497917 0.880556 0.425000 0.098148
17 0.855357 0.661916 0.232904 0.184721
77 0.855378 0.608082 0.117917 0.040741
85 0.854167 0.693519 0.206250 0.057407
17 0.500000 0.437874 0.450153 0.572044
77 0.457591 0.200083 0.344502 0.062963
24 0.497396 0.490741 0.290625 0.370370
50 0.422396 0.413889 0.117708 0.172222
23 0.666146 0.189815 0.028125 0.035185
13 0.859766 0.458276 0.230711 0.192237
77 0.869144 0.396902 0.135253 0.040741
28 0.858854 0.491667 0.057292 0.072222
47 0.861458 0.500000 0.027083 0.040741
18 0.862428 0.242583 0.236630 0.184246
77 0.810779 0.190261 0.112500 0.040741
47 0.862500 0.271296 0.210417 0.072222
64 0.857292 0.269444 0.018750 0.024074
13 0.139789 0.441482 0.240255 0.175029
77 0.139789 0.392760 0.137662 0.040741
5 0.141667 0.474074 0.214583 0.055556
10 0.852385 0.873066 0.229194 0.185196
77 0.852385 0.815475 0.150612 0.040741
76 0.853646 0.904630 0.059375 0.075926
44 0.854688 0.905556 0.017708 0.022222
