77 0.500000 0.126324 0.640000 0.069705
17 0.855859 0.261874 0.218181 0.251506
77 0.891391 0.172612 0.126284 0.040741
11 0.857812 0.291667 0.188542 0.138889
18 0.371481 0.555325 0.222025 0.243623
77 0.327135 0.470476 0.112500 0.041853
82 0.370312 0.582407 0.188542 0.124074
1 0.336458 0.585185 0.112500 0.077778
16 0.129292 0.266475 0.217736 0.240730
77 0.123478 0.184085 0.121282 0.040741
37 0.129167 0.289815 0.095833 0.120370
11 0.375798 0.267999 0.223473 0.251294
77 0.335748 0.184121 0.112500 0.048286
63 0.377604 0.311111 0.090625 0.114815
42 0.394792 0.277778 0.022917 0.029630
8 0.618350 0.559107 0.219219 0.250505
77 0.630335 0.474561 0.123640 0.042833
78 0.618229 0.587963 0.194792 0.127778
60 0.647396 0.605556 0.119792 0.048148
62 0.691146 0.466667 0.019792 0.025926
20 0.373995 0.822019 0.215550 0.239258
77 0.409366 0.745671 0.123973 0.046542
89 0.371354 0.853704 0.084375 0.107407
14 0.861217 0.540753 0.216062 0.239183
77 0.821857 0.459949 0.116509 0.040741
18 0.859375 0.571296 0.185417 0.112963
54 0.826562 0.567593 0.101042 0.068519
28 0.930208 0.453704 0.020833 0.025926
8 0.613199 0.276123 0.224260 0.254466
77 0.615862 0.185703 0.132845 0.040741
23 0.611458 0.308333 0.104167 0.131481
35 0.585938 0.284259 0.028125 0.035185
13 0.130592 0.557224 0.217709 0.248397
77 0.143597 0.473469 0.112500 0.048722
31 0.129167 0.591667 0.083333 0.105556
22 0.123958 0.588889 0.035417 0.044444
32 0.201042 0.466667 0.022917 0.029630
9 0.129924 0.821565 0.218072 0.244287
77 0.129924 0.739028 0.131670 0.043483
40 0.133333 0.858333 0.189583 0.124074
34 0.085938 0.829630 0.023958 0.048148
