77 0.500000 0.133085 0.640000 0.074877
18 0.852536 0.238847 0.246667 0.183346
77 0.843571 0.186635 0.182523 0.040741
32 0.853646 0.274074 0.040625 0.051852
65 0.859896 0.272222 0.023958 0.025926
15 0.500000 0.396960 0.423831 0.490217
77 0.500000 0.200453 0.190910 0.062963
88 0.501563 0.450000 0.398958 0.325926
27 0.661458 0.182407 0.018750 0.024074
8 0.845517 0.864145 0.247265 0.176702
77 0.845517 0.815063 0.152091 0.040741
59 0.843750 0.895370 0.222917 0.046296
57 0.881771 0.883333 0.132292 0.025926
14 0.851285 0.448198 0.250451 0.167800
77 0.851285 0.398910 0.117794 0.040741
72 0.852604 0.486111 0.036458 0.046296
14 0.148123 0.871731 0.255902 0.189993
77 0.148123 0.812475 0.194951 0.040741
80 0.149479 0.901852 0.232292 0.081481
39 0.122917 0.915741 0.154167 0.038889
29 0.228646 0.812037 0.023958 0.031481
15 0.155961 0.655838 0.257746 0.175021
77 0.155961 0.606807 0.175411 0.040741
79 0.156771 0.690741 0.230208 0.048148
32 0.232813 0.600000 0.017708 0.022222
17 0.856539 0.656227 0.252002 0.177009
77 0.812625 0.607769 0.114628 0.040741
36 0.856771 0.684259 0.215625 0.057407
20 0.500477 0.809206 0.424785 0.294997
77 0.410553 0.702985 0.222222 0.052794
58 0.497917 0.844444 0.397917 0.177778
45 0.492188 0.852778 0.030208 0.038889
20 0.148831 0.254482 0.246766 0.192511
77 0.156319 0.198168 0.188230 0.040741
75 0.148438 0.286111 0.219792 0.068519
83 0.195312 0.296296 0.119792 0.029630
13 0.140738 0.460042 0.243298 0.190417
77 0.190037 0.404109 0.123866 0.040741
63 0.138542 0.495370 0.054167 0.068519
35 0.133854 0.503704 0.017708 0.022222
