77 0.783277 0.071520 0.375378 0.076374
14 0.136694 0.240072 0.235583 0.191173
77 0.094477 0.178075 0.130315 0.040741
71 0.138021 0.267593 0.205208 0.087037
3 0.183854 0.282407 0.028125 0.027778
31 0.219271 0.182407 0.030208 0.038889
12 0.864341 0.653515 0.238883 0.175649
77 0.901536 0.600709 0.143660 0.040741
23 0.864062 0.686111 0.036458 0.046296
37 0.863542 0.692593 0.014583 0.018519
8 0.139156 0.863259 0.228771 0.184134
77 0.139156 0.807088 0.159987 0.040741
54 0.136979 0.888889 0.196875 0.074074
9 0.859980 0.250657 0.236207 0.188639
77 0.859980 0.194809 0.163132 0.040741
80 0.860938 0.286111 0.211458 0.072222
27 0.943229 0.187037 0.017708 0.022222
11 0.142562 0.659186 0.230883 0.169724
77 0.142562 0.609143 0.155760 0.040741
50 0.141667 0.688889 0.195833 0.051852
67 0.176042 0.687037 0.114583 0.025926
32 0.221354 0.604630 0.019792 0.024074
17 0.138858 0.438099 0.234138 0.168583
77 0.136980 0.392753 0.172720 0.040741
15 0.140625 0.468519 0.208333 0.044444
17 0.499439 0.848579 0.462217 0.229815
77 0.499439 0.774406 0.353937 0.040741
9 0.500000 0.877778 0.439583 0.107407
77 0.371354 0.849074 0.163542 0.012963
14 0.869375 0.879622 0.236437 0.191752
77 0.869375 0.822514 0.164973 0.040741
83 0.870833 0.906481 0.210417 0.075926
4 0.835938 0.908333 0.134375 0.038889
14 0.864741 0.447626 0.236301 0.169286
77 0.864741 0.402716 0.137174 0.040741
55 0.863542 0.475000 0.206250 0.050000
17 0.500000 0.430775 0.463340 0.557846
77 0.500000 0.201505 0.254242 0.062963
27 0.498958 0.489815 0.289583 0.368519
