77 0.216806 0.067180 0.383611 0.067694
18 0.159468 0.878036 0.279153 0.193099
77 0.159468 0.816970 0.180669 0.040741
20 0.156250 0.909259 0.252083 0.074074
8 0.835148 0.659064 0.295084 0.192923
77 0.837562 0.601580 0.165962 0.040741
29 0.836979 0.690741 0.044792 0.055556
62 0.939583 0.599074 0.027083 0.035185
19 0.165653 0.241131 0.283664 0.173029
77 0.118472 0.188868 0.148497 0.040741
63 0.169271 0.270370 0.055208 0.070370
14 0.499206 0.840319 0.349582 0.226457
77 0.507888 0.766272 0.241226 0.041808
2 0.501042 0.867593 0.320833 0.112963
15 0.548958 0.898148 0.029167 0.037037
14 0.161600 0.462893 0.285281 0.193366
77 0.161600 0.401369 0.202539 0.040741
37 0.161979 0.489815 0.065625 0.083333
19 0.165104 0.499074 0.036458 0.046296
10 0.167808 0.655778 0.281668 0.180848
77 0.167808 0.605489 0.190661 0.040741
32 0.167187 0.687037 0.040625 0.051852
64 0.164062 0.686111 0.015625 0.020370
28 0.259896 0.599074 0.021875 0.027778
9 0.500000 0.429193 0.351171 0.554683
77 0.500000 0.201998 0.179794 0.062963
36 0.498958 0.487037 0.325000 0.381481
31 0.633333 0.187963 0.025000 0.031481
16 0.840436 0.861836 0.294374 0.178316
77 0.779815 0.808130 0.147815 0.040741
28 0.843750 0.892593 0.050000 0.062963
7 0.833975 0.246143 0.286094 0.174847
77 0.833975 0.195631 0.153659 0.040741
23 0.831771 0.281481 0.040625 0.051852
15 0.836001 0.460394 0.287243 0.189280
77 0.862764 0.400190 0.212884 0.040741
84 0.834896 0.488889 0.257292 0.088889
18 0.905208 0.499074 0.033333 0.042593
