77 0.500000 0.067686 0.520000 0.076113
12 0.148638 0.242827 0.250116 0.184869
77 0.148638 0.183744 0.184791 0.040741
65 0.147917 0.272222 0.222917 0.062963
42 0.142187 0.275926 0.019792 0.025926
7 0.854276 0.655056 0.250155 0.181815
77 0.854276 0.603369 0.176995 0.040741
80 0.854167 0.687037 0.218750 0.077778
71 0.910937 0.677778 0.101042 0.040741
28 0.941146 0.595370 0.019792 0.024074
10 0.145988 0.662393 0.247234 0.190055
77 0.145988 0.605435 0.122438 0.040741
6 0.146875 0.691667 0.216667 0.072222
76 0.231771 0.604630 0.028125 0.035185
18 0.149076 0.862540 0.253672 0.183029
77 0.193067 0.805296 0.115067 0.040741
75 0.150000 0.891667 0.229167 0.079630
42 0.186979 0.881481 0.017708 0.022222
17 0.141103 0.461817 0.243186 0.192546
77 0.150326 0.404617 0.157930 0.040741
66 0.143229 0.488889 0.211458 0.074074
31 0.095312 0.468519 0.017708 0.022222
23 0.217188 0.400926 0.023958 0.031481
12 0.852575 0.460480 0.257750 0.190654
77 0.862824 0.402779 0.169514 0.040741
81 0.853125 0.495370 0.231250 0.068519
71 0.910937 0.500926 0.090625 0.038889
23 0.946354 0.400926 0.028125 0.035185
11 0.853318 0.857617 0.248061 0.171723
77 0.804233 0.811509 0.129056 0.040741
61 0.855729 0.887963 0.221875 0.064815
27 0.812500 0.875000 0.018750 0.024074
63 0.939063 0.806481 0.023958 0.031481
7 0.852929 0.241341 0.253939 0.172162
77 0.852929 0.194244 0.156060 0.040741
5 0.852083 0.270370 0.220833 0.048148
19 0.801042 0.273148 0.018750 0.024074
12 0.498283 0.863338 0.418858 0.207065
77 0.498283 0.796200 0.306744 0.040996
17 0.498958 0.893519 0.383333 0.094444
17 0.500000 0.439603 0.422292 0.575503
77 0.500000 0.198732 0.241574 0.062963
14 0.499479 0.499074 0.398958 0.394444
10 0.574479 0.437037 0.171875 0.218519
23 0.635938 0.183333 0.017708 0.022222
