77 0.226592 0.064911 0.403184 0.063155
9 0.617685 0.268297 0.220586 0.249265
77 0.617685 0.185139 0.112500 0.046956
62 0.616146 0.303704 0.090625 0.114815
16 0.616093 0.541959 0.218565 0.248079
77 0.600418 0.462133 0.112500 0.047891
4 0.617188 0.575926 0.192708 0.122222
30 0.665104 0.612963 0.023958 0.029630
16 0.141214 0.550375 0.223790 0.241205
77 0.171969 0.466943 0.141447 0.040741
74 0.140625 0.576852 0.091667 0.116667
19 0.861551 0.263261 0.224857 0.247693
77 0.861551 0.175276 0.148681 0.044948
7 0.861458 0.298148 0.197917 0.137037
6 0.837500 0.318519 0.122917 0.062963
7 0.852374 0.546291 0.216944 0.248085
77 0.831727 0.464821 0.131058 0.046710
6 0.850521 0.583333 0.190625 0.133333
41 0.801562 0.606481 0.023958 0.031481
20 0.139263 0.263802 0.223388 0.241003
77 0.159975 0.182580 0.123075 0.044707
68 0.136979 0.295370 0.194792 0.116667
7 0.374854 0.265642 0.222268 0.238505
77 0.394673 0.185406 0.154507 0.040741
72 0.375000 0.296296 0.089583 0.114815
76 0.438021 0.176852 0.015625 0.020370
17 0.374319 0.556721 0.220814 0.252383
77 0.374420 0.468552 0.122032 0.043178
47 0.377083 0.590741 0.193750 0.122222
85 0.376042 0.591667 0.112500 0.064815
18 0.373875 0.836157 0.225950 0.251779
77 0.379220 0.744606 0.146758 0.040741
9 0.370833 0.860185 0.197917 0.142593
9 0.131225 0.836265 0.220074 0.246103
77 0.104784 0.752441 0.146360 0.040741
75 0.133333 0.866667 0.187500 0.140741
89 0.134896 0.855556 0.034375 0.044444
