77 0.500000 0.065151 0.520000 0.071042
19 0.853795 0.235075 0.244001 0.169105
77 0.803377 0.185731 0.116734 0.040741
7 0.853125 0.262037 0.210417 0.064815
8 0.145830 0.871468 0.237389 0.182503
77 0.140211 0.820911 0.122600 0.040741
0 0.143229 0.904630 0.205208 0.075926
8 0.107813 0.899074 0.030208 0.038889
11 0.150903 0.652673 0.246399 0.169007
77 0.100053 0.608494 0.123865 0.040741
86 0.150000 0.687963 0.222917 0.050000
17 0.145886 0.450149 0.250415 0.179412
77 0.088091 0.400444 0.113992 0.040741
37 0.146354 0.477778 0.044792 0.055556
30 0.144792 0.478704 0.018750 0.024074
14 0.858907 0.646776 0.243488 0.170335
77 0.858907 0.596578 0.142408 0.040741
41 0.857812 0.679630 0.040625 0.051852
4 0.855208 0.695370 0.027083 0.031481
15 0.500000 0.391722 0.440728 0.479740
77 0.500000 0.197943 0.334150 0.062963
22 0.499479 0.442593 0.407292 0.314815
33 0.611458 0.540741 0.075000 0.096296
17 0.145353 0.248724 0.240675 0.183813
77 0.163264 0.195088 0.166503 0.040741
70 0.145313 0.281481 0.207292 0.051852
23 0.232292 0.192593 0.027083 0.033333
9 0.859335 0.872811 0.247138 0.192035
77 0.859335 0.814416 0.144471 0.040741
59 0.859375 0.904630 0.212500 0.061111
26 0.823438 0.901852 0.115625 0.033333
13 0.501674 0.818170 0.444076 0.306617
77 0.551328 0.706836 0.312056 0.056912
34 0.501042 0.857407 0.087500 0.177778
25 0.480208 0.817593 0.025000 0.031481
19 0.854660 0.447471 0.243662 0.173466
77 0.892429 0.394978 0.147291 0.040741
21 0.856771 0.470370 0.211458 0.062963
63 0.908854 0.462963 0.017708 0.022222
