77 0.500000 0.074771 0.380000 0.080120
7 0.857786 0.555839 0.215426 0.250796
77 0.857786 0.471746 0.145954 0.049376
87 0.854167 0.590741 0.185417 0.140741
80 0.815625 0.571296 0.091667 0.068519
62 0.928646 0.468519 0.026042 0.033333
8 0.134182 0.835960 0.224986 0.253625
77 0.134182 0.748440 0.112500 0.040741
36 0.135417 0.867593 0.191667 0.127778
67 0.160938 0.881481 0.130208 0.066667
20 0.857517 0.274859 0.225243 0.249938
77 0.823778 0.190833 0.136931 0.045939
11 0.855729 0.310185 0.196875 0.127778
83 0.886979 0.337037 0.128125 0.051852
10 0.374337 0.555261 0.226226 0.247903
77 0.374337 0.469440 0.112500 0.040741
28 0.376563 0.589815 0.092708 0.116667
46 0.361458 0.619444 0.037500 0.042593
7 0.129700 0.546397 0.216558 0.252571
77 0.129700 0.454554 0.154599 0.041804
33 0.129167 0.579630 0.097917 0.125926
89 0.151562 0.610185 0.028125 0.035185
27 0.203125 0.455556 0.022917 0.029630
10 0.618848 0.274147 0.216028 0.252518
77 0.618848 0.187052 0.138607 0.046417
82 0.619792 0.310185 0.191667 0.142593
8 0.611909 0.557036 0.216767 0.247602
77 0.649574 0.475137 0.120602 0.047649
58 0.612500 0.592593 0.185417 0.137037
19 0.128246 0.255890 0.217318 0.238482
77 0.125429 0.171103 0.135305 0.040741
22 0.128125 0.289815 0.191667 0.127778
27 0.200521 0.166667 0.017708 0.022222
14 0.381039 0.261832 0.222552 0.240252
77 0.364976 0.175039 0.169593 0.040741
43 0.382812 0.293519 0.094792 0.120370
76 0.459896 0.180556 0.028125 0.035185
9 0.375910 0.825449 0.214109 0.241615
77 0.375910 0.738207 0.120678 0.040741
20 0.375000 0.852778 0.183333 0.131481
