77 0.500000 0.083256 0.380000 0.083219
15 0.615780 0.272998 0.217752 0.253347
77 0.615780 0.187064 0.166321 0.048430
45 0.617708 0.309259 0.087500 0.111111
5 0.629687 0.306481 0.057292 0.061111
10 0.855913 0.269279 0.224337 0.239663
77 0.855913 0.190104 0.132676 0.041133
2 0.855729 0.300926 0.188542 0.116667
4 0.876042 0.284259 0.122917 0.050000
15 0.135130 0.549982 0.221854 0.244765
77 0.135130 0.467674 0.167009 0.040741
8 0.134375 0.583333 0.187500 0.125926
31 0.078646 0.622222 0.026042 0.033333
18 0.378477 0.544343 0.220054 0.245392
77 0.375943 0.456300 0.112500 0.040741
53 0.377604 0.574074 0.096875 0.122222
28 0.445312 0.456481 0.023958 0.031481
20 0.864446 0.546700 0.222099 0.244369
77 0.842878 0.462632 0.158130 0.040741
3 0.864583 0.582407 0.110417 0.109259
23 0.850000 0.607407 0.020833 0.025926
16 0.133597 0.823721 0.215651 0.237974
77 0.133597 0.739249 0.153557 0.042932
29 0.130729 0.852778 0.092708 0.116667
30 0.203125 0.741667 0.027083 0.035185
20 0.133634 0.259377 0.223795 0.239670
77 0.171184 0.173161 0.127861 0.040741
44 0.132292 0.289815 0.100000 0.127778
35 0.112500 0.269444 0.025000 0.031481
14 0.381594 0.270176 0.222582 0.248543
77 0.381594 0.190681 0.112500 0.049349
21 0.382812 0.309259 0.190625 0.118519
20 0.373234 0.828248 0.218704 0.244192
77 0.385259 0.739669 0.168263 0.041043
75 0.371875 0.859259 0.185417 0.129630
10 0.612014 0.559727 0.218342 0.252707
77 0.594652 0.471667 0.120477 0.050033
30 0.610417 0.596296 0.085417 0.107407
15 0.626042 0.589815 0.041667 0.053704
