77 0.500000 0.074460 0.520000 0.089661
7 0.372124 0.551152 0.223685 0.252540
77 0.356372 0.464450 0.171346 0.040741
33 0.369792 0.578704 0.100000 0.127778
11 0.616641 0.544922 0.218238 0.247202
77 0.658723 0.462142 0.113239 0.044253
58 0.619792 0.574074 0.187500 0.125926
88 0.644792 0.601852 0.118750 0.055556
9 0.382173 0.266995 0.221479 0.242887
77 0.382177 0.184228 0.144262 0.042355
71 0.380729 0.301852 0.190625 0.122222
84 0.358333 0.307407 0.129167 0.059259
16 0.128956 0.559156 0.218843 0.254166
77 0.112977 0.475102 0.166051 0.049675
73 0.128646 0.595370 0.090625 0.116667
16 0.372180 0.822335 0.221528 0.241596
77 0.370860 0.741412 0.144430 0.040741
15 0.372917 0.851852 0.193750 0.133333
67 0.326042 0.837963 0.077083 0.083333
23 0.441667 0.735185 0.020833 0.025926
20 0.860761 0.273496 0.216359 0.248290
77 0.860761 0.191803 0.117841 0.048717
6 0.859375 0.311111 0.185417 0.125926
19 0.138018 0.266948 0.225938 0.250734
77 0.104382 0.176534 0.137832 0.040741
61 0.139063 0.299074 0.201042 0.131481
12 0.858929 0.554090 0.220635 0.250305
77 0.843494 0.469335 0.168930 0.040741
18 0.856250 0.586111 0.191667 0.146296
9 0.142647 0.838138 0.226368 0.249668
77 0.142647 0.750983 0.154004 0.048222
51 0.143229 0.875000 0.196875 0.131481
60 0.141667 0.881481 0.112500 0.048148
18 0.619567 0.272542 0.221379 0.248564
77 0.599647 0.188730 0.146598 0.040741
77 0.616146 0.303704 0.184375 0.014815
