77 0.756227 0.072734 0.355811 0.078801
8 0.377271 0.824497 0.214119 0.238790
77 0.402974 0.744473 0.141879 0.040741
39 0.373958 0.861111 0.185417 0.122222
47 0.411458 0.845370 0.089583 0.053704
27 0.451042 0.736111 0.016667 0.020370
11 0.137851 0.838887 0.223794 0.247334
77 0.146553 0.755318 0.113507 0.043945
80 0.138021 0.873148 0.201042 0.112963
43 0.167708 0.853704 0.020833 0.025926
11 0.133118 0.275058 0.221281 0.251997
77 0.133118 0.187339 0.119495 0.040741
21 0.133333 0.302778 0.191667 0.142593
10 0.618938 0.257582 0.221049 0.240167
77 0.635642 0.172815 0.144890 0.041333
38 0.616146 0.283333 0.190625 0.125926
16 0.374533 0.547599 0.218661 0.244957
77 0.374533 0.459425 0.120462 0.041257
52 0.373958 0.575926 0.183333 0.129630
20 0.857219 0.273438 0.224569 0.248504
77 0.857219 0.191585 0.172084 0.048683
59 0.857812 0.310185 0.203125 0.135185
72 0.908854 0.275926 0.026042 0.033333
12 0.130977 0.541951 0.221635 0.242443
77 0.130977 0.460107 0.114048 0.040741
82 0.130729 0.567593 0.196875 0.127778
20 0.859534 0.558906 0.219620 0.249401
77 0.837149 0.473553 0.122459 0.046399
51 0.859896 0.590741 0.196875 0.133333
85 0.864062 0.593519 0.078125 0.057407
17 0.613852 0.555859 0.214687 0.246083
77 0.613852 0.471201 0.162213 0.040741
86 0.615625 0.586111 0.183333 0.120370
29 0.689063 0.464815 0.019792 0.025926
11 0.374900 0.269454 0.223108 0.243176
77 0.374900 0.189929 0.114719 0.044995
4 0.378125 0.299074 0.195833 0.124074
59 0.409896 0.315741 0.107292 0.046296
