77 0.210134 0.070148 0.370267 0.073629
19 0.612002 0.555410 0.219923 0.247861
77 0.612002 0.465935 0.112500 0.040741
19 0.613542 0.586111 0.191667 0.146296
20 0.856179 0.275606 0.216751 0.253668
77 0.822913 0.182970 0.129385 0.040741
78 0.854167 0.310185 0.185417 0.142593
19 0.621535 0.256331 0.221084 0.237985
77 0.626512 0.177024 0.125176 0.040977
3 0.621875 0.294444 0.108333 0.107407
72 0.626563 0.304630 0.021875 0.027778
32 0.696354 0.176852 0.030208 0.038889
7 0.372935 0.546979 0.222412 0.248796
77 0.328396 0.459486 0.112500 0.042627
26 0.372917 0.573148 0.191667 0.135185
0 0.402604 0.596296 0.117708 0.074074
17 0.376727 0.831178 0.220706 0.241368
77 0.376727 0.745164 0.164512 0.040741
50 0.376042 0.862963 0.185417 0.114815
70 0.396875 0.854630 0.122917 0.057407
10 0.131777 0.548197 0.223447 0.240433
77 0.116765 0.465654 0.172589 0.043768
24 0.133854 0.574074 0.090625 0.114815
17 0.850844 0.538179 0.217058 0.238733
77 0.892706 0.457888 0.112500 0.040741
55 0.849479 0.572222 0.184375 0.111111
32 0.913021 0.452778 0.021875 0.027778
7 0.135086 0.830173 0.224639 0.248269
77 0.143510 0.742485 0.139242 0.040741
42 0.135417 0.867593 0.097917 0.124074
51 0.140625 0.862963 0.060417 0.077778
76 0.201042 0.743519 0.027083 0.035185
8 0.137671 0.273998 0.222279 0.248760
77 0.155101 0.190977 0.166585 0.043115
73 0.134896 0.308333 0.096875 0.124074
11 0.378067 0.273657 0.214718 0.254656
77 0.378067 0.182399 0.145317 0.040741
51 0.378125 0.303704 0.185417 0.140741
62 0.451562 0.179630 0.019792 0.025926
