77 0.500000 0.133141 0.640000 0.065163
8 0.138896 0.838762 0.220521 0.252610
77 0.138896 0.750355 0.120893 0.048226
80 0.138021 0.869444 0.192708 0.127778
4 0.096354 0.877778 0.086458 0.070370
63 0.205729 0.747222 0.021875 0.027778
9 0.134880 0.274949 0.221657 0.245466
77 0.106749 0.190131 0.144562 0.045810
25 0.135417 0.312037 0.083333 0.105556
37 0.118750 0.281481 0.020833 0.025926
28 0.202083 0.191667 0.031250 0.038889
17 0.624252 0.257990 0.222121 0.240868
77 0.624252 0.176828 0.120966 0.040741
5 0.625521 0.293519 0.198958 0.112963
13 0.380266 0.831624 0.220848 0.246614
77 0.380266 0.744962 0.167034 0.040741
88 0.380208 0.866667 0.185417 0.125926
64 0.330729 0.843519 0.023958 0.031481
11 0.864945 0.549280 0.225596 0.242545
77 0.824574 0.462747 0.124021 0.040741
62 0.867708 0.579630 0.095833 0.122222
65 0.888021 0.612963 0.038542 0.048148
20 0.615793 0.547586 0.223454 0.237305
77 0.634177 0.463662 0.165854 0.040741
20 0.613021 0.577778 0.194792 0.118519
7 0.134118 0.553800 0.223660 0.252272
77 0.134118 0.463655 0.122118 0.040741
42 0.135417 0.585185 0.110417 0.140741
22 0.158854 0.566667 0.051042 0.081481
27 0.210938 0.457407 0.017708 0.022222
11 0.369313 0.540510 0.216040 0.237256
77 0.339575 0.457037 0.135730 0.040741
37 0.369271 0.565741 0.096875 0.124074
37 0.436979 0.456481 0.021875 0.027778
15 0.863284 0.272662 0.222363 0.252510
77 0.818769 0.183838 0.112500 0.040741
10 0.864583 0.308333 0.189583 0.135185
13 0.375148 0.264613 0.215780 0.241141
77 0.394582 0.179490 0.151480 0.043536
27 0.375521 0.295370 0.086458 0.109259
26 0.363542 0.295370 0.047917 0.057407
