77 0.231565 0.067614 0.413130 0.068562
14 0.163184 0.232051 0.289167 0.171359
77 0.202894 0.184286 0.188913 0.040741
75 0.164583 0.262037 0.262500 0.064815
21 0.237500 0.251852 0.100000 0.025926
15 0.830623 0.249285 0.289646 0.185588
77 0.830623 0.191187 0.185239 0.040741
84 0.830208 0.281481 0.258333 0.066667
14 0.171440 0.880268 0.294531 0.193493
77 0.227692 0.822446 0.161194 0.040741
29 0.174479 0.909259 0.055208 0.070370
63 0.277083 0.813889 0.016667 0.020370
17 0.499645 0.874248 0.347889 0.188665
77 0.499645 0.819337 0.193577 0.040741
89 0.500000 0.908333 0.047917 0.061111
58 0.502083 0.914815 0.018750 0.025926
10 0.168252 0.664093 0.294812 0.190395
77 0.168252 0.602836 0.196004 0.040741
50 0.165625 0.696296 0.264583 0.077778
76 0.272396 0.602778 0.021875 0.027778
16 0.831549 0.668285 0.286466 0.188364
77 0.872340 0.611421 0.184052 0.040741
4 0.833333 0.698148 0.254167 0.085185
5 0.866667 0.687963 0.170833 0.035185
14 0.828859 0.863517 0.284558 0.170106
77 0.828859 0.814747 0.137504 0.040741
23 0.828646 0.891667 0.044792 0.057407
15 0.500000 0.450241 0.348599 0.596779
77 0.500000 0.201003 0.201460 0.062963
90 0.498437 0.504630 0.321875 0.438889
14 0.836031 0.462908 0.294233 0.193379
77 0.861295 0.399708 0.209412 0.040741
68 0.838542 0.497222 0.266667 0.075926
3 0.769271 0.496296 0.026042 0.025926
63 0.939583 0.400000 0.020833 0.025926
18 0.172515 0.437509 0.295771 0.168455
77 0.147697 0.390260 0.175719 0.040741
83 0.173958 0.470370 0.266667 0.055556
64 0.241146 0.470370 0.017708 0.022222
