77 0.248140 0.071898 0.446280 0.077128
18 0.863426 0.548983 0.224446 0.244053
77 0.863426 0.465255 0.144600 0.046249
79 0.864062 0.587963 0.190625 0.124074
19 0.131878 0.542295 0.215548 0.244425
77 0.131878 0.460720 0.159594 0.040741
71 0.133333 0.574074 0.185417 0.133333
18 0.375630 0.830586 0.217272 0.244560
77 0.375630 0.742398 0.146868 0.040741
56 0.375521 0.855556 0.188542 0.129630
12 0.614486 0.553310 0.221768 0.251605
77 0.614486 0.467447 0.112500 0.044777
16 0.614583 0.583333 0.193750 0.144444
9 0.135712 0.823153 0.224602 0.237210
77 0.135712 0.742762 0.160426 0.041038
65 0.136458 0.858333 0.191667 0.124074
50 0.163542 0.873148 0.120833 0.053704
30 0.200000 0.736111 0.018750 0.024074
11 0.380161 0.552501 0.222983 0.252412
77 0.390663 0.462089 0.123513 0.040741
17 0.383333 0.582407 0.195833 0.142593
44 0.382292 0.578704 0.027083 0.035185
8 0.866135 0.275939 0.225811 0.246941
77 0.866135 0.191174 0.112500 0.043666
54 0.868229 0.314815 0.194792 0.125926
36 0.830208 0.302778 0.104167 0.061111
20 0.373096 0.263762 0.217975 0.239520
77 0.373096 0.186497 0.112500 0.047840
58 0.374479 0.299074 0.188542 0.120370
15 0.139412 0.277375 0.219763 0.250401
77 0.096197 0.194126 0.112500 0.045489
47 0.136979 0.310185 0.194792 0.127778
32 0.201563 0.187037 0.023958 0.029630
8 0.615649 0.264496 0.219205 0.238654
77 0.615649 0.186655 0.112500 0.047311
45 0.616146 0.300926 0.080208 0.101852
22 0.626563 0.300000 0.036458 0.062963
