77 0.694593 0.077597 0.315996 0.088527
15 0.152581 0.446420 0.253469 0.170903
77 0.182267 0.400316 0.173265 0.040741
27 0.150521 0.480556 0.042708 0.053704
53 0.151562 0.475000 0.015625 0.020370
37 0.242708 0.396296 0.022917 0.029630
16 0.858499 0.451666 0.262064 0.170706
77 0.858499 0.406907 0.194841 0.040741
62 0.860938 0.485185 0.042708 0.055556
68 0.864583 0.491667 0.027083 0.027778
7 0.149864 0.246023 0.259620 0.190544
77 0.209180 0.190170 0.120155 0.040741
1 0.149479 0.276852 0.228125 0.072222
9 0.502440 0.843074 0.421382 0.227758
77 0.557856 0.769261 0.289717 0.044382
25 0.504167 0.880556 0.077083 0.098148
33 0.492188 0.856481 0.021875 0.027778
8 0.147101 0.647213 0.257055 0.169796
77 0.101894 0.599090 0.145806 0.040741
72 0.149479 0.675000 0.036458 0.046296
15 0.845709 0.658073 0.254461 0.168848
77 0.792514 0.612180 0.127237 0.040741
0 0.842708 0.688889 0.225000 0.051852
70 0.843229 0.683333 0.128125 0.025926
19 0.155611 0.858811 0.262242 0.175355
77 0.135955 0.810374 0.200883 0.040741
2 0.156250 0.893519 0.237500 0.053704
47 0.118229 0.903704 0.134375 0.033333
19 0.850284 0.868953 0.247916 0.192050
77 0.850284 0.809897 0.167325 0.040741
51 0.849479 0.904630 0.217708 0.072222
28 0.934375 0.809259 0.027083 0.033333
12 0.845553 0.239198 0.254796 0.181922
77 0.821961 0.182286 0.186779 0.040741
68 0.847917 0.264815 0.222917 0.074074
66 0.803646 0.276852 0.121875 0.042593
31 0.936979 0.179630 0.019792 0.025926
18 0.500000 0.428402 0.416502 0.553101
77 0.500000 0.200388 0.189053 0.062963
43 0.500000 0.487963 0.258333 0.327778
20 0.561458 0.545370 0.052083 0.198148
