77 0.500000 0.077255 0.520000 0.095251
17 0.378408 0.265968 0.218160 0.252701
77 0.378408 0.174222 0.152429 0.040741
49 0.378125 0.296296 0.189583 0.129630
37 0.381771 0.287037 0.023958 0.029630
8 0.137518 0.268923 0.226461 0.244812
77 0.175357 0.182347 0.129949 0.040741
40 0.135937 0.298148 0.201042 0.129630
23 0.211458 0.182407 0.025000 0.031481
11 0.133402 0.560118 0.217656 0.252820
77 0.107823 0.469234 0.144462 0.040741
10 0.131250 0.591667 0.193750 0.124074
57 0.163542 0.577778 0.108333 0.074074
13 0.856615 0.539883 0.226179 0.237523
77 0.836704 0.454624 0.165525 0.040741
22 0.857292 0.566667 0.197917 0.129630
53 0.900000 0.594444 0.031250 0.040741
16 0.377692 0.545859 0.225881 0.245775
77 0.377692 0.457547 0.134870 0.041548
29 0.376042 0.573148 0.104167 0.131481
20 0.353125 0.587037 0.018750 0.070370
19 0.133098 0.828920 0.223163 0.255095
77 0.107470 0.737933 0.151075 0.040741
73 0.132292 0.859259 0.089583 0.114815
9 0.154167 0.846296 0.037500 0.048148
11 0.621236 0.275057 0.225706 0.246553
77 0.639864 0.192475 0.163020 0.040741
52 0.619792 0.308333 0.197917 0.135185
90 0.576562 0.325926 0.096875 0.066667
37 0.692187 0.183333 0.017708 0.022222
8 0.854214 0.278168 0.216651 0.252828
77 0.854214 0.190939 0.133852 0.043731
68 0.851562 0.312963 0.184375 0.125926
9 0.383885 0.822325 0.226285 0.240082
77 0.383885 0.740827 0.169178 0.042551
50 0.384375 0.852778 0.204167 0.116667
27 0.463542 0.740741 0.029167 0.037037
19 0.620110 0.547245 0.215904 0.244999
77 0.626487 0.462274 0.162787 0.040884
69 0.618229 0.576852 0.188542 0.127778
72 0.578646 0.606481 0.023958 0.031481
