77 0.500000 0.127807 0.640000 0.069912
17 0.138355 0.659243 0.238825 0.179830
77 0.142000 0.605815 0.169944 0.040741
77 0.138021 0.683333 0.196875 0.014815
41 0.181771 0.677778 0.019792 0.025926
17 0.857707 0.237894 0.230526 0.167753
77 0.857707 0.187870 0.132286 0.040741
38 0.860417 0.264815 0.202083 0.051852
11 0.857921 0.654393 0.235287 0.181293
77 0.857921 0.602223 0.148628 0.040741
53 0.857292 0.687963 0.039583 0.050000
10 0.146064 0.454756 0.238971 0.190346
77 0.165571 0.400308 0.156702 0.040741
69 0.143229 0.487037 0.209375 0.062963
38 0.101042 0.485185 0.116667 0.037037
9 0.500000 0.432966 0.451242 0.562229
77 0.521120 0.203007 0.297038 0.062963
76 0.500521 0.485185 0.273958 0.348148
19 0.857682 0.862373 0.229653 0.179480
77 0.888252 0.808251 0.118010 0.040741
19 0.855729 0.888889 0.198958 0.074074
38 0.857292 0.893519 0.131250 0.031481
14 0.497802 0.844817 0.446847 0.220836
77 0.556196 0.775267 0.213258 0.043672
45 0.498437 0.881481 0.076042 0.096296
17 0.857494 0.451411 0.243890 0.177359
77 0.874587 0.401784 0.164197 0.040741
78 0.858854 0.486111 0.217708 0.061111
70 0.816667 0.490741 0.118750 0.025926
17 0.149868 0.857625 0.244231 0.175652
77 0.098732 0.805054 0.121127 0.040741
30 0.146354 0.887963 0.053125 0.068519
4 0.141146 0.891667 0.021875 0.031481
8 0.139158 0.236131 0.234354 0.173651
77 0.119990 0.183640 0.115912 0.040741
27 0.139583 0.271296 0.037500 0.046296
