77 0.701212 0.065230 0.299649 0.063794
13 0.862922 0.546985 0.220882 0.243937
77 0.862922 0.463094 0.149106 0.040741
58 0.864583 0.586111 0.195833 0.127778
27 0.819271 0.546296 0.026042 0.033333
19 0.139223 0.541704 0.217568 0.243696
77 0.122578 0.461332 0.162333 0.043637
72 0.138542 0.577778 0.102083 0.129630
70 0.140104 0.566667 0.042708 0.044444
12 0.612156 0.275506 0.214945 0.249722
77 0.612156 0.184717 0.162916 0.041443
9 0.612500 0.307407 0.179167 0.140741
0 0.638542 0.320370 0.120833 0.066667
15 0.376501 0.826374 0.219108 0.243686
77 0.415397 0.738674 0.120483 0.040741
54 0.376563 0.852778 0.194792 0.135185
30 0.341146 0.812963 0.026042 0.033333
62 0.445312 0.735185 0.017708 0.022222
13 0.130396 0.271283 0.220409 0.239855
77 0.103174 0.190826 0.114735 0.040741
4 0.128646 0.302778 0.194792 0.131481
69 0.179688 0.274074 0.084375 0.048148
32 0.194792 0.189815 0.031250 0.038889
17 0.377537 0.556122 0.221463 0.251738
77 0.351776 0.471309 0.149108 0.050315
50 0.375521 0.588889 0.192708 0.137037
7 0.346354 0.594444 0.063542 0.081481
7 0.611151 0.546959 0.219031 0.254900
77 0.611151 0.464128 0.156662 0.050958
85 0.610417 0.582407 0.195833 0.120370
40 0.614583 0.590741 0.120833 0.070370
10 0.376029 0.273922 0.221587 0.244332
77 0.376029 0.188447 0.117646 0.040741
45 0.376042 0.300926 0.097917 0.124074
10 0.855875 0.273054 0.225180 0.249586
77 0.856286 0.187895 0.149156 0.040741
35 0.858854 0.304630 0.101042 0.127778
19 0.134962 0.819120 0.214919 0.239766
77 0.134962 0.737951 0.112500 0.040741
20 0.134896 0.856481 0.184375 0.127778
16 0.129167 0.857407 0.056250 0.070370
