77 0.500000 0.142837 0.640000 0.066051
8 0.865706 0.276781 0.225130 0.255003
77 0.854260 0.184194 0.169285 0.040741
46 0.865625 0.307407 0.193750 0.155556
3 0.928125 0.284259 0.054167 0.053704
17 0.128941 0.544516 0.214794 0.241086
77 0.128941 0.460192 0.148818 0.045149
47 0.128646 0.575000 0.184375 0.124074
31 0.205729 0.455556 0.019792 0.025926
13 0.620000 0.264297 0.221799 0.254863
77 0.620000 0.170665 0.115311 0.040741
65 0.618229 0.293519 0.192708 0.150000
8 0.854665 0.545479 0.222225 0.246034
77 0.854665 0.457127 0.165260 0.040741
53 0.857292 0.574074 0.102083 0.129630
50 0.841146 0.587037 0.046875 0.062963
11 0.132359 0.833310 0.214534 0.240673
77 0.132359 0.756363 0.166074 0.047241
20 0.132292 0.869444 0.191667 0.112963
12 0.381494 0.825667 0.224086 0.248835
77 0.378052 0.735759 0.116170 0.040741
48 0.379167 0.850000 0.197917 0.140741
31 0.456250 0.737037 0.022917 0.029630
13 0.371358 0.260520 0.222446 0.248042
77 0.371358 0.175497 0.159298 0.041350
80 0.370833 0.296296 0.193750 0.118519
70 0.324479 0.319444 0.092708 0.053704
12 0.133177 0.268967 0.214257 0.242078
77 0.133177 0.188825 0.166439 0.045232
4 0.136979 0.301852 0.184375 0.114815
53 0.134896 0.294444 0.032292 0.040741
76 0.196875 0.180556 0.020833 0.027778
9 0.620101 0.553756 0.216013 0.246711
77 0.641497 0.466193 0.146455 0.040741
55 0.619792 0.583333 0.187500 0.122222
29 0.684896 0.467593 0.028125 0.035185
17 0.380568 0.551420 0.217341 0.254688
77 0.338564 0.466184 0.112500 0.044738
13 0.380729 0.585185 0.186458 0.133333
