77 0.500000 0.069233 0.520000 0.079207
12 0.828906 0.240778 0.287034 0.183812
77 0.871421 0.187072 0.181170 0.040741
89 0.828646 0.279630 0.046875 0.059259
27 0.927604 0.180556 0.019792 0.024074
20 0.835054 0.451716 0.289949 0.169762
77 0.883541 0.403569 0.172142 0.040741
58 0.836458 0.479630 0.258333 0.048148
13 0.163706 0.865193 0.284776 0.183407
77 0.158018 0.811982 0.216999 0.040741
67 0.163021 0.900000 0.261458 0.074074
2 0.209375 0.904630 0.152083 0.042593
17 0.825566 0.865710 0.282495 0.168430
77 0.767316 0.821870 0.145161 0.040741
2 0.825000 0.898148 0.260417 0.051852
64 0.887500 0.904630 0.018750 0.024074
18 0.173951 0.455595 0.294500 0.191416
77 0.153967 0.398022 0.198912 0.040741
48 0.175000 0.484259 0.264583 0.072222
53 0.103125 0.492593 0.020833 0.025926
12 0.165679 0.247442 0.289733 0.189659
77 0.133235 0.187562 0.204011 0.040741
26 0.166146 0.280556 0.257292 0.079630
83 0.164062 0.275000 0.144792 0.031481
29 0.266146 0.184259 0.019792 0.024074
16 0.833239 0.658863 0.296466 0.172525
77 0.833239 0.609230 0.137583 0.040741
65 0.831771 0.691667 0.267708 0.053704
12 0.500000 0.421340 0.345371 0.538977
77 0.500000 0.198645 0.168222 0.062963
46 0.498958 0.478704 0.314583 0.375926
9 0.504687 0.475000 0.096875 0.124074
12 0.164337 0.649373 0.285382 0.172698
77 0.151378 0.603005 0.211398 0.040741
31 0.166146 0.679630 0.038542 0.048148
13 0.498761 0.836649 0.342892 0.248249
77 0.458439 0.751585 0.226213 0.049454
22 0.497396 0.873148 0.309375 0.131481
63 0.619792 0.750000 0.027083 0.033333
