77 0.500000 0.144111 0.640000 0.062358
17 0.130962 0.829085 0.222696 0.238607
77 0.143331 0.749991 0.169351 0.040741
40 0.134896 0.862963 0.192708 0.129630
59 0.175000 0.866667 0.087500 0.070370
30 0.208854 0.740741 0.017708 0.022222
9 0.371049 0.545429 0.215535 0.247903
77 0.354192 0.462020 0.160988 0.040741
90 0.374479 0.583333 0.186458 0.122222
15 0.614659 0.274030 0.215616 0.252790
77 0.633060 0.185933 0.156155 0.041991
6 0.617708 0.306481 0.187500 0.131481
30 0.679167 0.177778 0.016667 0.022222
7 0.379451 0.833591 0.216902 0.242196
77 0.379451 0.756585 0.115917 0.047797
80 0.380208 0.871296 0.185417 0.112963
90 0.410417 0.841667 0.102083 0.042593
19 0.140226 0.273511 0.220490 0.244927
77 0.140226 0.193235 0.148528 0.047048
74 0.139583 0.308333 0.085417 0.109259
18 0.610947 0.549966 0.216739 0.248253
77 0.633388 0.460529 0.137102 0.040741
38 0.614583 0.581481 0.187500 0.125926
74 0.581250 0.620370 0.022917 0.029630
12 0.136445 0.554154 0.221588 0.251934
77 0.092895 0.463009 0.113656 0.040741
77 0.135937 0.580556 0.169792 0.012963
64 0.094271 0.572222 0.019792 0.025926
76 0.205729 0.462037 0.021875 0.027778
9 0.373949 0.273766 0.224129 0.246273
77 0.409453 0.184448 0.132288 0.040741
67 0.373437 0.302778 0.192708 0.142593
74 0.405729 0.333333 0.026042 0.033333
62 0.444271 0.179630 0.017708 0.022222
18 0.850411 0.268360 0.214515 0.253541
77 0.850411 0.185878 0.149056 0.050705
3 0.849479 0.309259 0.126042 0.125926
4 0.834896 0.288889 0.078125 0.051852
62 0.917708 0.178704 0.027083 0.035185
8 0.861035 0.541171 0.222012 0.244004
77 0.861035 0.455952 0.166435 0.040741
2 0.857292 0.573148 0.193750 0.120370
38 0.903646 0.555556 0.096875 0.066667
