77 0.200631 0.071758 0.351263 0.076850
19 0.380954 0.828486 0.219698 0.241721
77 0.364694 0.747512 0.140148 0.046286
3 0.382812 0.861111 0.121875 0.122222
20 0.620547 0.544951 0.219423 0.252734
77 0.577502 0.454275 0.112500 0.040741
82 0.622396 0.576852 0.192708 0.146296
43 0.563542 0.537037 0.029167 0.037037
11 0.862822 0.551506 0.217144 0.239031
77 0.820917 0.470447 0.112500 0.042856
28 0.860938 0.588889 0.084375 0.107407
19 0.613880 0.269585 0.222940 0.238448
77 0.613880 0.186801 0.112500 0.040741
53 0.613021 0.307407 0.082292 0.103704
11 0.137095 0.552001 0.219295 0.241385
77 0.137095 0.474435 0.112500 0.046634
81 0.135937 0.588889 0.194792 0.103704
6 0.163542 0.564815 0.125000 0.044444
11 0.132301 0.267099 0.220887 0.249042
77 0.132301 0.178504 0.148599 0.040741
4 0.133854 0.300000 0.196875 0.125926
55 0.089583 0.276852 0.083333 0.057407
27 0.202604 0.180556 0.030208 0.038889
19 0.864557 0.273767 0.222537 0.247559
77 0.864557 0.190327 0.168500 0.040741
7 0.861979 0.304630 0.196875 0.124074
35 0.918229 0.338889 0.032292 0.040741
29 0.934375 0.182407 0.020833 0.027778
13 0.136985 0.824768 0.223962 0.242434
77 0.176780 0.745177 0.123539 0.048410
87 0.136979 0.852778 0.198958 0.120370
27 0.202083 0.735185 0.020833 0.025926
9 0.377463 0.541099 0.225436 0.243616
77 0.377463 0.458931 0.116686 0.040741
45 0.378125 0.576852 0.089583 0.112963
16 0.373623 0.262667 0.216496 0.238457
77 0.370860 0.178404 0.168155 0.040741
84 0.373437 0.289815 0.192708 0.135185
8 0.410417 0.280556 0.052083 0.064815
37 0.447396 0.182407 0.028125 0.035185
