77 0.231274 0.066704 0.412547 0.066740
14 0.826861 0.662870 0.284741 0.193319
77 0.826861 0.606638 0.174666 0.040741
1 0.828646 0.700000 0.253125 0.074074
6 0.825521 0.698148 0.161458 0.037037
9 0.165472 0.448633 0.288591 0.172168
77 0.117168 0.397644 0.171149 0.040741
88 0.163021 0.477778 0.261458 0.066667
33 0.231250 0.484259 0.018750 0.024074
15 0.838412 0.250160 0.291676 0.184656
77 0.795918 0.197366 0.185856 0.040741
27 0.840104 0.287963 0.044792 0.057407
14 0.160120 0.667910 0.284637 0.190469
77 0.121995 0.612978 0.128949 0.040741
65 0.159896 0.702778 0.251042 0.079630
11 0.164062 0.713889 0.021875 0.027778
19 0.830863 0.441704 0.293399 0.177206
77 0.891771 0.390204 0.150750 0.040741
20 0.832292 0.468519 0.260417 0.062963
14 0.169466 0.874009 0.283989 0.191682
77 0.216063 0.818825 0.160019 0.040741
44 0.171354 0.904630 0.063542 0.079630
62 0.178646 0.898148 0.019792 0.025926
7 0.500000 0.439642 0.348818 0.575580
77 0.500000 0.198547 0.204814 0.062963
26 0.501563 0.493519 0.321875 0.427778
23 0.615625 0.184259 0.018750 0.024074
19 0.835390 0.857785 0.287211 0.171670
77 0.835390 0.809641 0.167023 0.040741
12 0.838542 0.886111 0.256250 0.053704
8 0.171877 0.237049 0.291903 0.168514
77 0.171877 0.190488 0.193000 0.040741
2 0.171354 0.272222 0.261458 0.044444
44 0.100521 0.290741 0.017708 0.022222
17 0.501434 0.848722 0.351685 0.199157
77 0.465789 0.782827 0.259562 0.040741
4 0.504167 0.878704 0.322917 0.075926
33 0.398438 0.889815 0.017708 0.024074
