77 0.500000 0.134566 0.640000 0.071101
14 0.858979 0.443332 0.240406 0.179137
77 0.813353 0.389921 0.128320 0.040741
72 0.861979 0.477778 0.038542 0.048148
5 0.866146 0.492593 0.021875 0.025926
11 0.140347 0.244732 0.236882 0.177078
77 0.163402 0.190706 0.154686 0.040741
45 0.139063 0.277778 0.048958 0.062963
25 0.128646 0.279630 0.017708 0.022222
62 0.218229 0.192593 0.026042 0.033333
16 0.140993 0.447940 0.242428 0.186492
77 0.140993 0.392889 0.182415 0.040741
27 0.143229 0.479630 0.055208 0.070370
6 0.142187 0.462963 0.032292 0.029630
7 0.497987 0.865231 0.437004 0.201167
77 0.495701 0.801199 0.329444 0.040741
12 0.497917 0.897222 0.414583 0.098148
45 0.600521 0.885185 0.017708 0.022222
11 0.848316 0.665777 0.235124 0.189553
77 0.836143 0.608316 0.180420 0.040741
87 0.845833 0.695370 0.208333 0.064815
11 0.858061 0.867201 0.247928 0.191983
77 0.858061 0.809497 0.121003 0.040741
11 0.860417 0.902778 0.216667 0.083333
52 0.900000 0.893519 0.108333 0.050000
11 0.142192 0.657673 0.248805 0.192892
77 0.099043 0.601837 0.141674 0.040741
90 0.142187 0.683333 0.213542 0.077778
14 0.856042 0.245367 0.238728 0.179051
77 0.900083 0.195459 0.129681 0.040741
56 0.855208 0.277778 0.212500 0.066667
90 0.816667 0.280556 0.127083 0.027778
18 0.500000 0.443088 0.441029 0.582472
77 0.500000 0.200131 0.304710 0.062963
19 0.501563 0.502778 0.415625 0.420370
3 0.621875 0.375000 0.112500 0.112963
19 0.137949 0.868597 0.236755 0.193389
77 0.107183 0.809403 0.154390 0.040741
4 0.136979 0.898148 0.205208 0.066667
13 0.179688 0.908333 0.028125 0.035185
31 0.224479 0.801852 0.017708 0.022222
