77 0.500000 0.087855 0.380000 0.076366
7 0.377217 0.835780 0.225699 0.246073
77 0.405271 0.752732 0.148758 0.044815
28 0.375521 0.870370 0.096875 0.122222
10 0.618003 0.272861 0.220404 0.253757
77 0.618003 0.184564 0.112500 0.048069
34 0.614583 0.312963 0.062500 0.125926
63 0.696354 0.180556 0.021875 0.027778
7 0.860834 0.265357 0.222219 0.237810
77 0.860834 0.184977 0.165264 0.040741
53 0.864062 0.289815 0.094792 0.120370
14 0.866667 0.292593 0.037500 0.048148
15 0.855720 0.547653 0.219302 0.241871
77 0.888988 0.465067 0.112500 0.044884
43 0.856250 0.577778 0.087500 0.111111
11 0.623397 0.548601 0.220970 0.240943
77 0.622453 0.468123 0.167830 0.042332
38 0.622917 0.583333 0.191667 0.114815
14 0.138157 0.272702 0.223255 0.242358
77 0.135082 0.187985 0.167182 0.041967
52 0.138542 0.308333 0.191667 0.127778
17 0.138542 0.302778 0.045833 0.057407
8 0.132233 0.836366 0.224605 0.243762
77 0.132233 0.750645 0.162048 0.040741
59 0.132292 0.867593 0.200000 0.124074
5 0.165625 0.845370 0.116667 0.064815
18 0.380013 0.541672 0.223272 0.242801
77 0.424762 0.463127 0.112939 0.047511
18 0.378646 0.577778 0.194792 0.125926
80 0.413542 0.601852 0.110417 0.048148
8 0.128632 0.550878 0.216414 0.243499
77 0.128632 0.463577 0.162568 0.040741
77 0.125000 0.576852 0.166667 0.012963
48 0.081250 0.605556 0.072917 0.025926
27 0.198958 0.461111 0.020833 0.025926
14 0.381620 0.279286 0.225128 0.254960
77 0.381620 0.193714 0.149528 0.043257
41 0.380729 0.316667 0.098958 0.125926
72 0.390104 0.342593 0.026042 0.033333
