77 0.204206 0.070403 0.358413 0.074138
10 0.373419 0.828278 0.223185 0.250354
77 0.328493 0.742856 0.112500 0.041417
2 0.371875 0.858333 0.195833 0.135185
10 0.347917 0.885185 0.043750 0.055556
12 0.131976 0.541851 0.215660 0.246642
77 0.169119 0.459654 0.120542 0.044058
14 0.132812 0.574074 0.192708 0.137037
8 0.134583 0.263278 0.221772 0.248697
77 0.168532 0.179893 0.123939 0.048002
65 0.137500 0.298148 0.193750 0.118519
20 0.374691 0.549657 0.215098 0.245467
77 0.374691 0.470381 0.135413 0.047785
82 0.373958 0.584259 0.191667 0.135185
12 0.129800 0.828050 0.214764 0.244973
77 0.118398 0.744786 0.122961 0.044883
13 0.130208 0.862963 0.191667 0.129630
36 0.125521 0.867593 0.098958 0.068519
9 0.859423 0.275539 0.218820 0.246701
77 0.885200 0.187669 0.146432 0.042004
78 0.860938 0.303704 0.192708 0.133333
18 0.614570 0.262021 0.216136 0.239025
77 0.602461 0.179096 0.126910 0.040741
54 0.614583 0.287037 0.193750 0.129630
56 0.662500 0.265741 0.075000 0.079630
29 0.679688 0.177778 0.026042 0.033333
12 0.854113 0.555945 0.218266 0.253547
77 0.825687 0.469216 0.140582 0.040741
16 0.855208 0.590741 0.185417 0.129630
65 0.851042 0.592593 0.070833 0.051852
18 0.372079 0.264081 0.215281 0.253241
77 0.372079 0.177779 0.112500 0.043107
52 0.373437 0.300000 0.184375 0.129630
8 0.615740 0.542958 0.225725 0.243697
77 0.633764 0.461018 0.142717 0.043831
72 0.617708 0.577778 0.087500 0.111111
