77 0.500000 0.065181 0.520000 0.071103
17 0.136091 0.453232 0.234685 0.172498
77 0.136091 0.405968 0.112500 0.040741
65 0.136458 0.479630 0.200000 0.059259
76 0.172396 0.470370 0.019792 0.025926
14 0.132261 0.656822 0.226127 0.185402
77 0.132261 0.599723 0.174679 0.040741
19 0.134896 0.689815 0.194792 0.068519
21 0.100000 0.690741 0.106250 0.033333
12 0.500289 0.813781 0.464526 0.278558
77 0.461618 0.714470 0.261844 0.047275
77 0.500521 0.848148 0.388542 0.029630
8 0.861733 0.459882 0.233051 0.190405
77 0.861452 0.404625 0.139962 0.040741
84 0.861979 0.498148 0.203125 0.066667
17 0.135599 0.240752 0.226471 0.186652
77 0.114177 0.187342 0.147426 0.040741
4 0.134896 0.277778 0.194792 0.066667
69 0.175521 0.280556 0.103125 0.038889
62 0.216146 0.179630 0.017708 0.022222
15 0.862694 0.241462 0.222894 0.193353
77 0.828801 0.182704 0.128880 0.040741
42 0.864062 0.275000 0.051042 0.064815
19 0.865625 0.273148 0.027083 0.035185
18 0.500000 0.402529 0.463947 0.501355
77 0.438830 0.199653 0.320774 0.062963
51 0.500000 0.453704 0.441667 0.351852
17 0.610417 0.383333 0.145833 0.185185
11 0.861633 0.860201 0.225226 0.180004
77 0.881469 0.805124 0.164721 0.040741
22 0.859375 0.887037 0.197917 0.070370
61 0.895312 0.880556 0.111458 0.038889
18 0.860499 0.658130 0.227318 0.172358
77 0.860499 0.608568 0.120911 0.040741
5 0.858333 0.688889 0.197917 0.055556
7 0.142668 0.870267 0.232610 0.185935
77 0.150397 0.815540 0.149505 0.040741
59 0.145313 0.909259 0.201042 0.070370
82 0.121354 0.898148 0.128125 0.033333
