77 0.500000 0.138410 0.640000 0.064370
16 0.610778 0.271630 0.215745 0.242410
77 0.610778 0.191797 0.157499 0.047954
15 0.611979 0.306481 0.182292 0.116667
18 0.638542 0.311111 0.043750 0.055556
17 0.855024 0.261136 0.218377 0.241818
77 0.857151 0.176763 0.160625 0.040741
5 0.856771 0.292593 0.184375 0.118519
58 0.897917 0.282407 0.075000 0.064815
29 0.929688 0.175926 0.023958 0.029630
9 0.856987 0.557546 0.215374 0.251172
77 0.856987 0.469912 0.112814 0.042241
25 0.856771 0.594444 0.098958 0.125926
10 0.835417 0.582407 0.033333 0.042593
19 0.378979 0.831948 0.224707 0.251572
77 0.378979 0.744134 0.112500 0.044802
0 0.377604 0.868519 0.194792 0.137037
12 0.137780 0.259604 0.224405 0.240852
77 0.137780 0.176674 0.113250 0.040741
20 0.139063 0.292593 0.194792 0.111111
21 0.133854 0.295370 0.121875 0.064815
16 0.623045 0.547458 0.223218 0.246389
77 0.578103 0.464394 0.112500 0.047924
74 0.622396 0.583333 0.084375 0.107407
86 0.633854 0.601852 0.055208 0.062963
28 0.696875 0.456481 0.018750 0.024074
18 0.141842 0.545521 0.223274 0.238630
77 0.146524 0.466457 0.124236 0.040741
46 0.142708 0.573148 0.187500 0.120370
27 0.104688 0.598148 0.023958 0.029630
27 0.206771 0.462963 0.028125 0.037037
8 0.132323 0.824139 0.219605 0.237263
77 0.175459 0.738948 0.112500 0.040741
18 0.130208 0.849074 0.187500 0.127778
14 0.156250 0.814815 0.037500 0.048148
20 0.375610 0.553220 0.215399 0.245396
77 0.344263 0.470638 0.112500 0.046099
9 0.373437 0.581481 0.182292 0.129630
10 0.382742 0.267235 0.221084 0.248141
77 0.379520 0.184008 0.135974 0.048686
70 0.382812 0.307407 0.198958 0.125926
