77 0.232851 0.071396 0.415703 0.076126
8 0.618381 0.550600 0.224556 0.238516
77 0.618381 0.469601 0.122790 0.040741
38 0.618229 0.586111 0.192708 0.112963
78 0.648958 0.603704 0.122917 0.051852
7 0.864246 0.267206 0.225936 0.252749
77 0.864246 0.181203 0.124046 0.040741
32 0.863542 0.295370 0.106250 0.135185
37 0.843229 0.336111 0.023958 0.031481
15 0.384078 0.544126 0.226195 0.251743
77 0.384078 0.454366 0.129396 0.040741
90 0.383854 0.574074 0.190625 0.140741
7 0.371752 0.833041 0.220427 0.253349
77 0.391518 0.741969 0.153007 0.040809
68 0.370833 0.870370 0.189583 0.137037
8 0.854467 0.547464 0.221940 0.250552
77 0.836207 0.459471 0.164586 0.040741
37 0.853646 0.575000 0.111458 0.142593
90 0.840625 0.579630 0.060417 0.085185
12 0.142588 0.830057 0.222750 0.248971
77 0.164013 0.743285 0.159065 0.047867
28 0.142187 0.871296 0.094792 0.120370
75 0.119271 0.852778 0.038542 0.061111
10 0.380411 0.273504 0.224228 0.252485
77 0.380411 0.188606 0.157527 0.045258
44 0.381250 0.304630 0.089583 0.112963
89 0.357292 0.318519 0.022917 0.029630
14 0.131525 0.554495 0.225473 0.241415
77 0.131525 0.470188 0.130753 0.046402
58 0.130729 0.593519 0.192708 0.120370
29 0.095312 0.566667 0.023958 0.029630
19 0.134051 0.268931 0.219736 0.247313
77 0.126412 0.181612 0.167305 0.046595
15 0.133854 0.302778 0.196875 0.124074
19 0.619400 0.261834 0.214120 0.247245
77 0.619400 0.178127 0.112500 0.048782
71 0.616146 0.300926 0.186458 0.124074
43 0.651563 0.273148 0.023958 0.031481
29 0.692708 0.169444 0.020833 0.027778
