77 0.212124 0.073105 0.374247 0.079543
10 0.370791 0.546714 0.216385 0.242653
77 0.329265 0.462923 0.112500 0.040741
63 0.367708 0.580556 0.100000 0.127778
20 0.859923 0.264184 0.217247 0.251642
77 0.859923 0.172153 0.119455 0.040741
90 0.860938 0.300926 0.190625 0.138889
8 0.380303 0.823422 0.222520 0.242877
77 0.342840 0.742981 0.112500 0.047315
46 0.378125 0.858333 0.193750 0.116667
37 0.444271 0.737963 0.023958 0.031481
16 0.134534 0.265678 0.219825 0.244156
77 0.134534 0.177464 0.146262 0.040741
56 0.134375 0.301852 0.185417 0.129630
16 0.096354 0.277778 0.038542 0.048148
28 0.213021 0.175926 0.019792 0.025926
20 0.133445 0.823495 0.220493 0.237210
77 0.133445 0.741719 0.112500 0.041630
11 0.136458 0.854630 0.189583 0.112963
41 0.178646 0.825926 0.019792 0.025926
13 0.383826 0.258830 0.223195 0.241281
77 0.390337 0.179373 0.149134 0.047644
35 0.382812 0.294444 0.090625 0.114815
80 0.372396 0.291667 0.046875 0.072222
27 0.448437 0.168519 0.017708 0.022222
14 0.613641 0.539953 0.223807 0.244000
77 0.621551 0.460202 0.171481 0.047547
74 0.613021 0.577778 0.092708 0.118519
11 0.620833 0.550000 0.029167 0.037037
14 0.125867 0.551948 0.214134 0.252338
77 0.118551 0.459897 0.146769 0.040741
60 0.123958 0.579630 0.183333 0.155556
13 0.850293 0.551357 0.214922 0.253932
77 0.850293 0.462700 0.162915 0.041890
6 0.852604 0.581481 0.188542 0.129630
87 0.808854 0.598148 0.076042 0.081481
63 0.911458 0.458333 0.022917 0.027778
10 0.613564 0.270655 0.221552 0.243198
77 0.650130 0.186405 0.112500 0.040741
14 0.617188 0.300926 0.192708 0.120370
20 0.589583 0.287037 0.016667 0.062963
