77 0.219790 0.073367 0.389579 0.080067
16 0.377257 0.834350 0.220417 0.248100
77 0.419239 0.746305 0.115620 0.040741
76 0.379688 0.866667 0.105208 0.133333
9 0.371016 0.544717 0.221662 0.250009
77 0.415181 0.460897 0.112500 0.043460
51 0.372396 0.580556 0.196875 0.120370
63 0.437500 0.452778 0.020833 0.027778
18 0.133168 0.543838 0.225645 0.251207
77 0.124223 0.455978 0.143753 0.046954
8 0.134896 0.575000 0.201042 0.131481
20 0.616065 0.544308 0.224872 0.248343
77 0.589876 0.459837 0.151660 0.044779
57 0.617708 0.576852 0.195833 0.116667
41 0.582812 0.543519 0.021875 0.027778
9 0.130074 0.261138 0.216501 0.245626
77 0.088491 0.176656 0.112500 0.040741
25 0.133333 0.296296 0.102083 0.129630
18 0.133988 0.835307 0.222612 0.249677
77 0.133988 0.754002 0.112500 0.046640
14 0.132292 0.868519 0.189583 0.125926
9 0.859835 0.270724 0.224286 0.253085
77 0.872297 0.184990 0.148813 0.050230
60 0.859896 0.305556 0.196875 0.118519
87 0.863542 0.307407 0.081250 0.055556
8 0.852475 0.548013 0.217811 0.253064
77 0.871434 0.456858 0.141159 0.040741
12 0.853125 0.583333 0.193750 0.137037
15 0.612369 0.277009 0.219338 0.253401
77 0.612369 0.186863 0.161272 0.040947
87 0.613542 0.308333 0.185417 0.146296
34 0.611458 0.312963 0.020833 0.040741
7 0.376425 0.268454 0.225960 0.254034
77 0.400797 0.177992 0.124910 0.041078
0 0.374479 0.295370 0.192708 0.135185
79 0.376563 0.288889 0.126042 0.070370
