77 0.500000 0.070557 0.520000 0.081854
15 0.130972 0.262620 0.222193 0.239891
77 0.147923 0.179620 0.167459 0.044162
46 0.131250 0.297222 0.191667 0.116667
12 0.374619 0.548704 0.214710 0.246323
77 0.397785 0.462037 0.128886 0.040741
37 0.373437 0.577778 0.090625 0.114815
8 0.859927 0.559396 0.226075 0.255184
77 0.886994 0.470972 0.151108 0.042759
60 0.860938 0.593519 0.198958 0.146296
67 0.836979 0.607407 0.130208 0.088889
9 0.623897 0.276929 0.224208 0.249385
77 0.647923 0.188197 0.153437 0.040741
31 0.623958 0.306481 0.089583 0.112963
80 0.625521 0.303704 0.038542 0.040741
17 0.623702 0.558192 0.222932 0.248434
77 0.649926 0.471075 0.149651 0.040741
21 0.620313 0.588889 0.192708 0.137037
18 0.128373 0.541093 0.218961 0.240971
77 0.092805 0.455265 0.112500 0.040741
88 0.127604 0.566667 0.188542 0.133333
19 0.384620 0.272155 0.224471 0.242937
77 0.384620 0.184606 0.112500 0.040741
55 0.387500 0.295370 0.195833 0.131481
84 0.425521 0.315741 0.103125 0.072222
9 0.372744 0.825668 0.220869 0.248836
77 0.354798 0.740580 0.164143 0.040741
33 0.370312 0.856481 0.094792 0.120370
20 0.130916 0.833868 0.222980 0.252673
77 0.130916 0.747112 0.151749 0.040741
39 0.130208 0.871296 0.200000 0.127778
84 0.187500 0.887963 0.079167 0.079630
10 0.859622 0.261867 0.221683 0.245449
77 0.825313 0.178889 0.132231 0.040741
36 0.858333 0.300926 0.187500 0.124074
