77 0.500000 0.055059 0.380000 0.070633
9 0.379416 0.828333 0.222174 0.237169
77 0.379416 0.745820 0.112500 0.040749
64 0.378125 0.857407 0.087500 0.111111
62 0.366667 0.827778 0.020833 0.025926
8 0.139113 0.550358 0.224250 0.253235
77 0.139113 0.458766 0.159460 0.041388
54 0.137500 0.584259 0.191667 0.146296
15 0.860651 0.259245 0.217615 0.241253
77 0.842022 0.175584 0.157646 0.040741
24 0.859896 0.296296 0.092708 0.118519
2 0.870833 0.269444 0.054167 0.046296
13 0.136945 0.265710 0.215646 0.250147
77 0.112679 0.178631 0.146280 0.042071
31 0.136458 0.297222 0.106250 0.135185
18 0.140229 0.819603 0.220864 0.238097
77 0.140229 0.736196 0.112500 0.042491
42 0.140625 0.855556 0.095833 0.122222
16 0.371513 0.546600 0.214067 0.245779
77 0.371513 0.464668 0.164276 0.045007
62 0.369792 0.581481 0.093750 0.118519
18 0.857424 0.550604 0.216586 0.238779
77 0.857424 0.465632 0.153747 0.040741
37 0.857812 0.585185 0.098958 0.125926
19 0.375793 0.272744 0.222052 0.243649
77 0.375793 0.185616 0.112500 0.043230
52 0.378646 0.308333 0.190625 0.124074
27 0.442708 0.182407 0.018750 0.024074
19 0.621799 0.271142 0.221532 0.251550
77 0.621799 0.182403 0.157861 0.040741
2 0.626042 0.309259 0.191667 0.133333
44 0.655208 0.267593 0.025000 0.031481
27 0.691667 0.176852 0.018750 0.024074
11 0.617448 0.538922 0.224838 0.240820
77 0.617448 0.457124 0.119198 0.040741
82 0.614062 0.567593 0.196875 0.124074
37 0.615104 0.576852 0.021875 0.027778
