77 0.748964 0.073183 0.323440 0.079700
12 0.620411 0.272338 0.218497 0.250581
77 0.608029 0.185932 0.151407 0.048214
69 0.618229 0.309259 0.184375 0.125926
14 0.379081 0.264254 0.226333 0.245274
77 0.379081 0.177748 0.132607 0.040741
87 0.380208 0.292593 0.195833 0.125926
23 0.455729 0.180556 0.030208 0.038889
9 0.372353 0.837115 0.217006 0.251606
77 0.372353 0.747352 0.130900 0.045770
13 0.372917 0.870370 0.189583 0.133333
18 0.414062 0.883333 0.046875 0.059259
20 0.134307 0.833727 0.221703 0.247103
77 0.134307 0.749113 0.132768 0.040741
53 0.134896 0.872222 0.098958 0.125926
0 0.117708 0.898148 0.045833 0.055556
19 0.133150 0.544245 0.220137 0.237094
77 0.141099 0.462721 0.143528 0.040741
85 0.135417 0.575926 0.187500 0.137037
23 0.166667 0.602778 0.025000 0.031481
76 0.203125 0.462963 0.029167 0.037037
13 0.375187 0.557417 0.222153 0.252848
77 0.375187 0.471368 0.151583 0.041708
42 0.372396 0.594444 0.092708 0.118519
83 0.357292 0.616667 0.050000 0.048148
10 0.618741 0.551204 0.215182 0.253720
77 0.654111 0.461172 0.116557 0.044036
16 0.619271 0.587037 0.188542 0.140741
5 0.651563 0.615741 0.111458 0.050000
11 0.856859 0.278343 0.218200 0.254452
77 0.878783 0.188606 0.122489 0.047768
3 0.860417 0.311111 0.133333 0.133333
14 0.133375 0.268462 0.221966 0.249546
77 0.146996 0.185135 0.122385 0.048799
43 0.136979 0.300000 0.092708 0.118519
86 0.143229 0.314815 0.059375 0.055556
37 0.212500 0.183333 0.031250 0.040741
17 0.865775 0.547533 0.225630 0.241800
77 0.865775 0.463182 0.146511 0.041914
73 0.863542 0.572222 0.095833 0.122222
15 0.873437 0.550926 0.044792 0.057407
63 0.945312 0.459259 0.019792 0.025926
