77 0.199105 0.066162 0.348210 0.065657
16 0.162893 0.448082 0.279705 0.183357
77 0.162893 0.390181 0.142955 0.040741
29 0.164583 0.478704 0.047917 0.061111
9 0.500000 0.403512 0.362659 0.503321
77 0.500000 0.197206 0.185618 0.062963
85 0.497917 0.458333 0.337500 0.331481
63 0.582812 0.566667 0.048958 0.062963
15 0.837339 0.868331 0.286490 0.174182
77 0.837339 0.819298 0.219796 0.040741
15 0.838542 0.900926 0.256250 0.046296
69 0.888542 0.904630 0.131250 0.027778
17 0.165024 0.869224 0.279866 0.193286
77 0.165024 0.812215 0.167160 0.040741
66 0.166146 0.900000 0.248958 0.077778
56 0.168750 0.892593 0.118750 0.040741
27 0.266146 0.806481 0.021875 0.027778
8 0.155550 0.235280 0.274860 0.169215
77 0.206673 0.184386 0.134904 0.040741
82 0.155729 0.265741 0.248958 0.068519
35 0.218229 0.274074 0.019792 0.025926
15 0.164468 0.667544 0.274098 0.192789
77 0.164468 0.610159 0.205920 0.040741
57 0.164583 0.697222 0.237500 0.079630
34 0.233333 0.687037 0.012500 0.025926
10 0.501468 0.820916 0.365595 0.281935
77 0.532946 0.720099 0.281806 0.047709
27 0.500521 0.854630 0.109375 0.138889
63 0.622396 0.713889 0.021875 0.027778
18 0.831271 0.656173 0.280994 0.174848
77 0.838364 0.603380 0.179174 0.040741
25 0.830729 0.691667 0.044792 0.057407
63 0.918229 0.604630 0.028125 0.035185
20 0.841326 0.249546 0.286302 0.191498
77 0.841326 0.189836 0.194000 0.040741
71 0.839583 0.277778 0.256250 0.081481
33 0.761979 0.264815 0.019792 0.025926
23 0.942708 0.184259 0.016667 0.020370
18 0.836948 0.447075 0.283847 0.181607
77 0.773682 0.390005 0.136483 0.040741
54 0.835938 0.478704 0.253125 0.079630
2 0.773438 0.484259 0.103125 0.035185
