77 0.729936 0.074168 0.293944 0.081670
19 0.616933 0.546571 0.225817 0.240285
77 0.647542 0.460915 0.117247 0.040741
71 0.613542 0.579630 0.197917 0.137037
27 0.688542 0.458333 0.018750 0.024074
8 0.380472 0.544680 0.219938 0.237219
77 0.346410 0.466299 0.130981 0.040741
53 0.380208 0.583333 0.081250 0.103704
86 0.391667 0.587963 0.045833 0.064815
76 0.448958 0.462963 0.029167 0.037037
18 0.858096 0.550583 0.219938 0.244016
77 0.858096 0.468316 0.129318 0.040741
64 0.858333 0.581481 0.087500 0.111111
63 0.881250 0.611111 0.020833 0.025926
19 0.131295 0.545756 0.219562 0.238348
77 0.131295 0.464602 0.123183 0.040741
78 0.129688 0.580556 0.192708 0.116667
37 0.199479 0.457407 0.017708 0.022222
14 0.858523 0.269167 0.224266 0.244521
77 0.858523 0.187375 0.112500 0.043779
1 0.859375 0.300000 0.200000 0.122222
21 0.833854 0.306481 0.130208 0.061111
11 0.139788 0.824984 0.218383 0.242465
77 0.139788 0.740225 0.166250 0.040741
35 0.141146 0.858333 0.088542 0.112963
19 0.615688 0.264235 0.218946 0.240824
77 0.634866 0.184586 0.158189 0.047713
67 0.615625 0.299074 0.185417 0.105556
85 0.658333 0.323148 0.085417 0.046296
10 0.369968 0.273740 0.217267 0.245693
77 0.369968 0.189927 0.138551 0.040741
89 0.371875 0.304630 0.083333 0.105556
13 0.127265 0.258401 0.214546 0.239970
77 0.127265 0.174603 0.112500 0.042865
73 0.128125 0.286111 0.083333 0.105556
71 0.123958 0.293519 0.047917 0.057407
20 0.379887 0.827491 0.223523 0.248635
77 0.393356 0.742474 0.142700 0.046681
59 0.380729 0.862037 0.188542 0.127778
54 0.336458 0.848148 0.081250 0.081481
