77 0.786758 0.073237 0.372874 0.079806
8 0.137320 0.541261 0.222016 0.238614
77 0.167581 0.456157 0.140661 0.040741
74 0.136458 0.571296 0.104167 0.131481
75 0.121875 0.574074 0.058333 0.077778
18 0.855294 0.541775 0.219806 0.240309
77 0.855294 0.458304 0.112500 0.045704
1 0.856771 0.574074 0.188542 0.114815
66 0.876563 0.580556 0.121875 0.072222
23 0.922917 0.452778 0.018750 0.024074
18 0.381920 0.272974 0.224076 0.244814
77 0.403937 0.188552 0.159209 0.047317
3 0.382812 0.312037 0.117708 0.116667
8 0.138173 0.269489 0.215802 0.238294
77 0.143524 0.186518 0.151476 0.041159
44 0.140625 0.301852 0.095833 0.122222
4 0.144271 0.312963 0.044792 0.055556
7 0.623282 0.551887 0.224269 0.241661
77 0.615087 0.467671 0.157253 0.040741
57 0.625521 0.580556 0.192708 0.124074
32 0.687500 0.469444 0.027083 0.035185
11 0.861005 0.271801 0.214219 0.251152
77 0.861005 0.183768 0.123701 0.047315
81 0.860417 0.304630 0.185417 0.146296
0 0.886979 0.325000 0.105208 0.083333
9 0.621816 0.265902 0.226245 0.253729
77 0.601360 0.174360 0.121161 0.040741
40 0.625000 0.298148 0.195833 0.140741
51 0.569792 0.261111 0.077083 0.055556
14 0.368596 0.547876 0.214321 0.240187
77 0.368596 0.466950 0.122952 0.040741
49 0.367188 0.579630 0.188542 0.137037
69 0.331250 0.595370 0.100000 0.072222
13 0.379539 0.834296 0.215060 0.238058
77 0.362193 0.749030 0.152505 0.040809
71 0.380208 0.862963 0.179167 0.122222
16 0.416146 0.849074 0.053125 0.068519
7 0.132005 0.829656 0.217364 0.243574
77 0.109491 0.744825 0.130888 0.047306
35 0.130208 0.867593 0.083333 0.105556
32 0.204167 0.738889 0.016667 0.022222
