77 0.500000 0.133494 0.640000 0.069231
13 0.853859 0.659121 0.239431 0.171427
77 0.853859 0.611360 0.155010 0.040741
54 0.855208 0.690741 0.210417 0.062963
12 0.500000 0.442624 0.441140 0.581545
77 0.449021 0.202224 0.274689 0.062963
58 0.503125 0.506481 0.410417 0.398148
16 0.859331 0.866004 0.240751 0.172210
77 0.837854 0.816704 0.160000 0.040741
76 0.861979 0.894444 0.040625 0.051852
1 0.857812 0.896296 0.026042 0.029630
31 0.941667 0.817593 0.025000 0.031481
15 0.862473 0.449029 0.249734 0.189185
77 0.816729 0.393341 0.137413 0.040741
80 0.863021 0.476852 0.215625 0.072222
12 0.141121 0.858797 0.245960 0.168661
77 0.123300 0.811656 0.122803 0.040741
23 0.141146 0.892593 0.038542 0.048148
10 0.146685 0.444699 0.248891 0.170429
77 0.121887 0.399959 0.157900 0.040741
86 0.147396 0.473148 0.226042 0.053704
72 0.194271 0.485185 0.017708 0.022222
32 0.226562 0.397222 0.030208 0.038889
20 0.143820 0.657026 0.238604 0.191358
77 0.139544 0.601206 0.115546 0.040741
70 0.141667 0.688889 0.210417 0.081481
31 0.223438 0.591667 0.015625 0.020370
20 0.851253 0.242243 0.238178 0.178910
77 0.864135 0.188795 0.126926 0.040741
22 0.850521 0.272222 0.213542 0.051852
11 0.141519 0.239936 0.237335 0.174665
77 0.141519 0.191717 0.148145 0.040741
42 0.142708 0.270370 0.050000 0.062963
8 0.501398 0.860753 0.443937 0.190785
77 0.526773 0.805093 0.305786 0.040741
40 0.503125 0.890741 0.412500 0.066667
