77 0.500000 0.140543 0.640000 0.064532
15 0.862827 0.547837 0.221459 0.245934
77 0.862827 0.460066 0.139267 0.043245
15 0.863542 0.578704 0.187500 0.127778
18 0.898958 0.587037 0.052083 0.066667
14 0.856666 0.259993 0.218693 0.239056
77 0.867100 0.177625 0.112500 0.040741
34 0.859896 0.288889 0.055208 0.111111
10 0.621738 0.273538 0.221693 0.249992
77 0.597560 0.190345 0.152504 0.045901
80 0.621875 0.312037 0.197917 0.124074
30 0.660937 0.286111 0.021875 0.027778
19 0.382819 0.275119 0.224987 0.253258
77 0.382819 0.183883 0.112500 0.040741
70 0.382292 0.305556 0.189583 0.151852
11 0.139046 0.544664 0.225025 0.247211
77 0.139046 0.457504 0.158100 0.045196
50 0.139583 0.579630 0.195833 0.122222
31 0.139583 0.572222 0.022917 0.029630
15 0.376601 0.550414 0.219769 0.251478
77 0.402468 0.466534 0.147201 0.045548
53 0.376563 0.583333 0.092708 0.118519
8 0.135142 0.839546 0.217239 0.251108
77 0.135142 0.752801 0.115656 0.041777
68 0.133333 0.865741 0.191667 0.135185
14 0.169792 0.838889 0.050000 0.062963
12 0.126987 0.273076 0.214770 0.250341
77 0.126987 0.189576 0.130930 0.045135
33 0.128646 0.305556 0.092708 0.118519
16 0.372654 0.828382 0.215708 0.238404
77 0.331466 0.743975 0.112500 0.040741
61 0.371354 0.856481 0.190625 0.135185
9 0.614034 0.553992 0.216483 0.246144
77 0.630959 0.471453 0.161799 0.048439
36 0.613021 0.595370 0.182292 0.120370
