77 0.241146 0.068653 0.432293 0.070640
13 0.143306 0.449093 0.232893 0.170338
77 0.125961 0.398803 0.177370 0.040741
33 0.144792 0.476852 0.045833 0.057407
12 0.151562 0.472222 0.017708 0.022222
76 0.217708 0.399074 0.022917 0.027778
7 0.861313 0.460492 0.227334 0.193083
77 0.861313 0.403472 0.169960 0.040741
85 0.860417 0.490741 0.202083 0.088889
39 0.903646 0.495370 0.105208 0.050000
17 0.500000 0.405792 0.463061 0.507879
77 0.586183 0.203398 0.269861 0.062963
73 0.497917 0.460185 0.243750 0.309259
18 0.139231 0.665920 0.233991 0.185317
77 0.163575 0.612895 0.127899 0.040741
69 0.138542 0.705556 0.206250 0.066667
40 0.093229 0.705556 0.090625 0.040741
29 0.206771 0.602778 0.015625 0.020370
16 0.867088 0.658457 0.231932 0.179435
77 0.867088 0.603173 0.112500 0.040741
65 0.869271 0.691667 0.205208 0.064815
15 0.832292 0.688889 0.020833 0.025926
11 0.132729 0.246179 0.229052 0.179032
77 0.132729 0.194700 0.161447 0.040741
13 0.136458 0.274074 0.200000 0.062963
70 0.106250 0.276852 0.120833 0.035185
10 0.869226 0.244917 0.238697 0.186625
77 0.899059 0.191320 0.158200 0.040741
66 0.870313 0.277778 0.203125 0.066667
2 0.834375 0.270370 0.125000 0.025926
9 0.857036 0.862448 0.226620 0.167724
77 0.862488 0.812026 0.146330 0.040741
24 0.857812 0.897222 0.038542 0.050000
89 0.858333 0.905556 0.016667 0.022222
13 0.141661 0.856998 0.230189 0.169618
77 0.118465 0.808585 0.153845 0.040741
17 0.143750 0.890741 0.200000 0.044444
11 0.093750 0.896296 0.020833 0.025926
12 0.498467 0.829723 0.459995 0.274138
77 0.407583 0.726064 0.222834 0.040741
35 0.496875 0.862037 0.120833 0.153704
74 0.513542 0.912963 0.029167 0.037037
37 0.651042 0.725926 0.020833 0.025926
