77 0.217088 0.068432 0.384177 0.070197
16 0.852210 0.270437 0.217300 0.254055
77 0.890414 0.183560 0.120059 0.040741
65 0.853125 0.309259 0.183333 0.129630
58 0.856250 0.299074 0.070833 0.072222
10 0.127379 0.260076 0.215027 0.237286
77 0.093373 0.179616 0.126183 0.040920
30 0.128125 0.293519 0.081250 0.101852
62 0.195312 0.174074 0.019792 0.025926
14 0.138498 0.836343 0.220573 0.247625
77 0.155902 0.747741 0.134326 0.041652
40 0.139583 0.862037 0.189583 0.131481
43 0.177083 0.818519 0.027083 0.033333
19 0.377359 0.839395 0.223203 0.248330
77 0.372943 0.753197 0.138233 0.045757
28 0.377083 0.869444 0.091667 0.116667
16 0.136095 0.553767 0.226098 0.249872
77 0.174038 0.466602 0.129378 0.047905
36 0.136458 0.589815 0.195833 0.120370
78 0.158854 0.565741 0.121875 0.057407
8 0.373512 0.264309 0.225975 0.246884
77 0.373512 0.179905 0.175249 0.040741
32 0.376042 0.289815 0.091667 0.116667
61 0.390625 0.297222 0.054167 0.057407
11 0.856465 0.544526 0.220969 0.253637
77 0.856465 0.455329 0.125800 0.046952
2 0.856250 0.572222 0.185417 0.140741
47 0.856771 0.570370 0.103125 0.074074
30 0.930208 0.452778 0.025000 0.031481
16 0.620314 0.266382 0.215414 0.249081
77 0.661354 0.175221 0.112500 0.040741
78 0.617708 0.294444 0.185417 0.133333
20 0.375904 0.550678 0.222589 0.241676
77 0.375904 0.467242 0.157878 0.045228
41 0.378646 0.589815 0.090625 0.116667
68 0.372917 0.593519 0.050000 0.057407
27 0.452604 0.461111 0.017708 0.022222
11 0.620937 0.551634 0.225896 0.247266
77 0.653977 0.467533 0.135013 0.043251
19 0.623958 0.587037 0.195833 0.133333
64 0.683333 0.611111 0.029167 0.037037
28 0.701042 0.458333 0.018750 0.024074
