77 0.500000 0.145036 0.640000 0.069614
20 0.500000 0.447830 0.379238 0.591956
77 0.500000 0.202937 0.196551 0.062963
25 0.500000 0.511111 0.316667 0.403704
42 0.431771 0.340741 0.030208 0.037037
20 0.159365 0.239300 0.266045 0.175795
77 0.159365 0.188836 0.183471 0.040741
31 0.157292 0.273148 0.054167 0.068519
9 0.163451 0.876260 0.280920 0.186821
77 0.179207 0.818635 0.207626 0.040741
32 0.165104 0.903704 0.063542 0.081481
78 0.178125 0.924074 0.031250 0.033333
20 0.842068 0.865962 0.269358 0.181819
77 0.826281 0.810605 0.170929 0.040741
83 0.842187 0.894444 0.234375 0.077778
9 0.841269 0.449407 0.275249 0.187619
77 0.782486 0.392302 0.136849 0.040741
36 0.839583 0.479630 0.245833 0.074074
18 0.159753 0.452902 0.273352 0.182222
77 0.159753 0.396556 0.195235 0.040741
68 0.157812 0.476852 0.240625 0.075926
86 0.160417 0.479630 0.106250 0.033333
11 0.162403 0.659234 0.268610 0.178591
77 0.127252 0.607388 0.177476 0.040741
2 0.161979 0.691667 0.236458 0.057407
29 0.204687 0.700000 0.017708 0.022222
17 0.842254 0.237687 0.266957 0.183750
77 0.894450 0.185237 0.141732 0.040741
16 0.844271 0.269444 0.240625 0.072222
17 0.499775 0.860959 0.378787 0.186326
77 0.499775 0.802868 0.223432 0.040741
34 0.497917 0.898148 0.033333 0.066667
52 0.505208 0.911111 0.016667 0.025926
16 0.839341 0.649993 0.277771 0.176462
77 0.839341 0.597410 0.203402 0.040741
72 0.841146 0.684259 0.048958 0.061111
