77 0.500000 0.134335 0.640000 0.064029
11 0.164390 0.858805 0.287954 0.170694
77 0.121644 0.813747 0.181629 0.040741
58 0.163021 0.889815 0.257292 0.061111
31 0.264062 0.808333 0.023958 0.031481
12 0.498296 0.837628 0.357299 0.228351
77 0.529380 0.765054 0.232616 0.043575
81 0.501042 0.872222 0.329167 0.114815
7 0.839405 0.667976 0.283958 0.188522
77 0.839405 0.613866 0.139043 0.040741
11 0.837500 0.696296 0.256250 0.074074
48 0.876042 0.682407 0.152083 0.038889
63 0.943229 0.611111 0.028125 0.037037
17 0.840540 0.877590 0.287484 0.189985
77 0.840540 0.820449 0.141941 0.040741
70 0.841667 0.910185 0.258333 0.068519
14 0.843229 0.909259 0.026042 0.033333
19 0.500000 0.426487 0.360707 0.549271
77 0.500000 0.199570 0.248594 0.062963
35 0.496875 0.488889 0.272917 0.348148
9 0.565625 0.597222 0.093750 0.120370
12 0.835488 0.245634 0.275165 0.178057
77 0.778933 0.194341 0.141222 0.040741
16 0.835938 0.279630 0.251042 0.062963
51 0.903125 0.282407 0.108333 0.035185
7 0.157661 0.659487 0.278975 0.173132
77 0.157661 0.609425 0.131839 0.040741
44 0.157812 0.690741 0.042708 0.055556
12 0.157049 0.448261 0.278559 0.168800
77 0.089500 0.398569 0.122627 0.040741
27 0.155208 0.477778 0.043750 0.055556
41 0.156250 0.479630 0.016667 0.022222
27 0.242188 0.394444 0.017708 0.022222
7 0.842255 0.454127 0.285324 0.191298
77 0.842255 0.393035 0.156613 0.040741
82 0.841667 0.483333 0.254167 0.074074
27 0.767188 0.489815 0.019792 0.024074
13 0.170094 0.236818 0.287965 0.176551
77 0.170094 0.184395 0.135363 0.040741
85 0.171354 0.270370 0.259375 0.062963
