77 0.731782 0.073305 0.280627 0.079944
13 0.370294 0.829736 0.219744 0.251883
77 0.370294 0.738636 0.152911 0.040741
17 0.367188 0.868519 0.192708 0.137037
14 0.862761 0.269844 0.221557 0.239237
77 0.862761 0.185746 0.124206 0.041800
77 0.865104 0.302778 0.171875 0.012963
58 0.861979 0.318519 0.094792 0.025926
16 0.380469 0.540165 0.218432 0.239414
77 0.380469 0.461396 0.120442 0.043593
84 0.377083 0.568519 0.189583 0.122222
13 0.613282 0.274763 0.220127 0.253385
77 0.613282 0.183256 0.112500 0.044229
34 0.614062 0.305556 0.065625 0.133333
3 0.611979 0.305556 0.026042 0.025926
31 0.688021 0.180556 0.021875 0.027778
17 0.138432 0.265850 0.225108 0.241437
77 0.117064 0.182008 0.161539 0.044843
0 0.139063 0.297222 0.190625 0.124074
19 0.379537 0.274037 0.221187 0.245819
77 0.399527 0.192576 0.158859 0.043117
6 0.380729 0.308333 0.194792 0.127778
52 0.425521 0.339815 0.080208 0.053704
13 0.611546 0.547222 0.214812 0.240334
77 0.570806 0.465733 0.112500 0.047732
64 0.613021 0.586111 0.082292 0.105556
54 0.602604 0.570370 0.051042 0.055556
10 0.130956 0.822694 0.219967 0.244428
77 0.130956 0.736331 0.135502 0.045155
83 0.130208 0.856481 0.183333 0.124074
79 0.103125 0.824074 0.110417 0.051852
10 0.135551 0.539762 0.214935 0.239928
77 0.135551 0.459529 0.146460 0.046727
71 0.136979 0.574074 0.184375 0.111111
23 0.209896 0.452778 0.021875 0.027778
16 0.859271 0.546285 0.215363 0.240457
77 0.831271 0.466758 0.138531 0.045466
3 0.858333 0.581481 0.127083 0.125926
66 0.876563 0.600000 0.065625 0.062963
