77 0.795349 0.070703 0.352151 0.074740
8 0.621675 0.274383 0.221891 0.243670
77 0.621675 0.190560 0.159690 0.040741
58 0.622917 0.302778 0.195833 0.127778
28 0.667708 0.345370 0.025000 0.031481
7 0.135346 0.555175 0.215502 0.246772
77 0.153931 0.467888 0.147448 0.044224
85 0.134375 0.587037 0.183333 0.140741
39 0.098437 0.595370 0.082292 0.087037
23 0.201563 0.465741 0.021875 0.027778
14 0.383607 0.258921 0.225818 0.244793
77 0.383607 0.172765 0.173888 0.042706
75 0.380729 0.289815 0.198958 0.142593
65 0.343750 0.328704 0.106250 0.050000
11 0.861746 0.551752 0.220314 0.251184
77 0.846007 0.467787 0.147422 0.042718
39 0.864062 0.588889 0.190625 0.129630
88 0.908854 0.567593 0.080208 0.072222
8 0.378755 0.553701 0.217943 0.247472
77 0.374508 0.463884 0.140707 0.041583
12 0.380729 0.582407 0.190625 0.142593
20 0.371313 0.831586 0.214360 0.248206
77 0.371313 0.742864 0.125561 0.042823
4 0.372396 0.867593 0.184375 0.138889
8 0.619372 0.541243 0.220751 0.243762
77 0.619372 0.460387 0.166084 0.047720
65 0.622396 0.583333 0.190625 0.122222
22 0.583333 0.593519 0.085417 0.064815
12 0.853075 0.273255 0.218462 0.249808
77 0.853075 0.185961 0.141104 0.042182
81 0.852604 0.299074 0.194792 0.135185
30 0.927604 0.185185 0.023958 0.029630
7 0.138592 0.824474 0.220417 0.244605
77 0.138592 0.739217 0.166646 0.045545
35 0.136979 0.854630 0.088542 0.112963
13 0.131419 0.274248 0.221166 0.249628
77 0.131419 0.186753 0.136952 0.046808
55 0.130729 0.308333 0.198958 0.120370
70 0.154688 0.281481 0.126042 0.048148
