77 0.230348 0.077102 0.410697 0.087538
16 0.500000 0.428573 0.437291 0.553442
77 0.500000 0.202648 0.267967 0.062963
43 0.500521 0.478704 0.294792 0.375926
66 0.422917 0.554630 0.116667 0.209259
12 0.144888 0.247409 0.240866 0.181583
77 0.144888 0.191573 0.128316 0.040741
62 0.142187 0.272222 0.048958 0.062963
11 0.852193 0.455736 0.243521 0.189488
77 0.860297 0.399411 0.178246 0.040741
77 0.855729 0.486111 0.205208 0.016667
34 0.797917 0.500000 0.012500 0.025926
15 0.859208 0.653090 0.249042 0.175624
77 0.827322 0.605928 0.164436 0.040741
83 0.859375 0.687037 0.220833 0.059259
17 0.142257 0.872522 0.249052 0.180597
77 0.121238 0.817646 0.186181 0.040741
89 0.141667 0.902778 0.054167 0.068519
18 0.858893 0.248666 0.251739 0.178900
77 0.816597 0.197675 0.132252 0.040741
4 0.859375 0.282407 0.218750 0.068519
10 0.148300 0.448636 0.242201 0.175260
77 0.148300 0.401519 0.140392 0.040741
68 0.148438 0.475000 0.213542 0.057407
14 0.851487 0.877297 0.236686 0.186126
77 0.824360 0.823738 0.161600 0.040741
18 0.854688 0.912963 0.207292 0.066667
7 0.145759 0.655064 0.249204 0.187410
77 0.099777 0.595649 0.136407 0.040741
35 0.146875 0.688889 0.052083 0.066667
9 0.500341 0.845065 0.437973 0.220960
77 0.440606 0.771421 0.297671 0.040741
87 0.500000 0.871296 0.408333 0.101852
86 0.577083 0.865741 0.225000 0.053704
