77 0.500000 0.084969 0.380000 0.061619
16 0.857952 0.259653 0.221092 0.245213
77 0.872064 0.176352 0.112500 0.044321
69 0.859375 0.299074 0.197917 0.124074
81 0.860417 0.298148 0.095833 0.062963
62 0.935417 0.168519 0.016667 0.022222
11 0.136795 0.836493 0.218735 0.245654
77 0.136795 0.753121 0.112500 0.048383
60 0.134896 0.868519 0.188542 0.133333
29 0.085938 0.901852 0.023958 0.029630
11 0.615407 0.549844 0.215727 0.254918
77 0.597310 0.460527 0.140946 0.040741
16 0.616667 0.583333 0.183333 0.144444
30 0.617708 0.585185 0.029167 0.037037
12 0.134298 0.262500 0.217835 0.241334
77 0.124245 0.177110 0.149632 0.041324
5 0.132812 0.300000 0.192708 0.125926
20 0.620079 0.262807 0.218083 0.241787
77 0.633472 0.180044 0.149120 0.047842
0 0.620313 0.292593 0.192708 0.125926
20 0.138442 0.550415 0.220111 0.242311
77 0.100952 0.469964 0.112500 0.047728
18 0.140104 0.588889 0.192708 0.111111
37 0.135417 0.592593 0.020833 0.025926
37 0.216146 0.466667 0.028125 0.037037
19 0.371363 0.825567 0.214112 0.241502
77 0.371363 0.743468 0.142738 0.040741
62 0.370833 0.852778 0.097917 0.124074
10 0.384896 0.843519 0.044792 0.057407
12 0.860465 0.548718 0.224912 0.245170
77 0.860465 0.465015 0.129881 0.048669
61 0.859896 0.584259 0.203125 0.131481
10 0.913542 0.559259 0.050000 0.062963
12 0.382114 0.269546 0.224660 0.247206
77 0.362956 0.184903 0.165512 0.040932
89 0.381250 0.300926 0.089583 0.112963
83 0.370312 0.317593 0.053125 0.053704
13 0.373471 0.540108 0.216727 0.240860
77 0.373471 0.459040 0.161255 0.040741
70 0.371875 0.568519 0.183333 0.133333
24 0.420312 0.592593 0.032292 0.040741
62 0.445833 0.451852 0.020833 0.025926
