77 0.230245 0.077132 0.410490 0.087598
14 0.156480 0.665650 0.265178 0.190663
77 0.156480 0.605517 0.191433 0.040741
77 0.156771 0.693519 0.228125 0.016667
56 0.189583 0.709259 0.143750 0.025926
32 0.250000 0.603704 0.020833 0.025926
8 0.846042 0.461624 0.256414 0.192910
77 0.850873 0.399106 0.141971 0.040741
57 0.844792 0.489815 0.225000 0.087037
60 0.878125 0.489815 0.143750 0.053704
62 0.927083 0.401852 0.029167 0.037037
20 0.845713 0.862660 0.265057 0.175576
77 0.845713 0.811305 0.158072 0.040741
21 0.843229 0.893519 0.238542 0.053704
52 0.902083 0.886111 0.093750 0.027778
18 0.151861 0.855692 0.256946 0.169878
77 0.151861 0.806435 0.150953 0.040741
49 0.151562 0.890741 0.221875 0.055556
19 0.500000 0.407495 0.405035 0.511286
77 0.544475 0.203476 0.207941 0.062963
74 0.498437 0.459259 0.255208 0.325926
27 0.446354 0.593519 0.034375 0.042593
37 0.645833 0.187963 0.025000 0.031481
11 0.147746 0.443000 0.257202 0.168101
77 0.147746 0.393960 0.197488 0.040741
17 0.146875 0.475926 0.229167 0.062963
9 0.843601 0.244588 0.257374 0.184613
77 0.843601 0.187268 0.185135 0.040741
79 0.844792 0.274074 0.231250 0.074074
52 0.850521 0.281481 0.140625 0.037037
76 0.934896 0.186111 0.021875 0.027778
9 0.849581 0.663556 0.255586 0.181002
77 0.849581 0.609931 0.143598 0.040741
59 0.851042 0.699074 0.225000 0.068519
9 0.149278 0.241325 0.255706 0.178773
77 0.150463 0.187158 0.168791 0.040741
69 0.151042 0.270370 0.225000 0.074074
15 0.497407 0.816503 0.399850 0.264868
77 0.522643 0.719911 0.219315 0.043030
11 0.497396 0.848148 0.378125 0.162963
76 0.634375 0.721296 0.025000 0.031481
