77 0.735973 0.066243 0.303305 0.065820
7 0.377872 0.832634 0.220168 0.246543
77 0.377872 0.749774 0.129521 0.048993
72 0.380208 0.864815 0.102083 0.129630
18 0.619831 0.277628 0.216693 0.254598
77 0.622549 0.190833 0.140711 0.047788
53 0.619792 0.312963 0.104167 0.133333
10 0.646354 0.324074 0.040625 0.051852
19 0.372384 0.267837 0.214716 0.237339
77 0.372384 0.186855 0.143847 0.040741
69 0.371875 0.301852 0.181250 0.122222
26 0.374479 0.307407 0.080208 0.059259
14 0.370974 0.556570 0.216288 0.250202
77 0.370974 0.470080 0.157736 0.040951
36 0.369271 0.581481 0.186458 0.133333
8 0.131954 0.266472 0.224216 0.248198
77 0.161448 0.177108 0.144394 0.040741
24 0.134896 0.299074 0.096875 0.124074
4 0.154167 0.286111 0.041667 0.072222
28 0.208333 0.177778 0.022917 0.029630
19 0.861168 0.258979 0.221681 0.243591
77 0.861168 0.171717 0.127516 0.040741
70 0.861458 0.285185 0.187500 0.137037
66 0.889583 0.296296 0.106250 0.066667
11 0.129787 0.829674 0.218086 0.255165
77 0.129787 0.743107 0.146443 0.047389
9 0.129688 0.859259 0.184375 0.133333
36 0.099479 0.886111 0.113542 0.061111
10 0.856576 0.542951 0.222458 0.238579
77 0.856576 0.457059 0.161430 0.040741
20 0.858333 0.569444 0.197917 0.138889
26 0.804688 0.600000 0.084375 0.059259
12 0.622045 0.555482 0.224319 0.242802
77 0.622045 0.468480 0.167854 0.040741
2 0.621875 0.588889 0.187500 0.133333
30 0.696875 0.462963 0.014583 0.018519
19 0.138461 0.544779 0.224549 0.242180
77 0.123237 0.463091 0.143529 0.040741
61 0.139583 0.575926 0.200000 0.118519
12 0.095833 0.596296 0.045833 0.059259
