77 0.500000 0.072272 0.380000 0.064601
12 0.381217 0.831894 0.218473 0.254322
77 0.415651 0.746029 0.128771 0.044949
9 0.380729 0.867593 0.190625 0.135185
59 0.405729 0.834259 0.119792 0.061111
32 0.458854 0.742593 0.026042 0.033333
18 0.127567 0.827527 0.214659 0.244517
77 0.164976 0.745732 0.119008 0.045917
54 0.128646 0.861111 0.184375 0.133333
11 0.175000 0.874074 0.050000 0.062963
18 0.373383 0.271416 0.221242 0.248666
77 0.373383 0.182989 0.150730 0.043099
53 0.375521 0.301852 0.107292 0.137037
6 0.385417 0.320370 0.070833 0.051852
19 0.853976 0.547664 0.215184 0.252560
77 0.853976 0.460034 0.112500 0.042700
12 0.855729 0.583333 0.190625 0.133333
27 0.930208 0.452778 0.016667 0.020370
17 0.383154 0.556795 0.222774 0.249154
77 0.383154 0.467210 0.117841 0.040741
7 0.380729 0.579630 0.192708 0.140741
17 0.359375 0.617593 0.041667 0.053704
8 0.614496 0.258558 0.225863 0.242628
77 0.593691 0.174911 0.163420 0.047405
29 0.613021 0.288889 0.098958 0.125926
43 0.590625 0.313889 0.025000 0.031481
27 0.685937 0.171296 0.021875 0.027778
11 0.620560 0.549271 0.219938 0.238259
77 0.663862 0.470704 0.112500 0.046815
71 0.620313 0.587037 0.184375 0.111111
12 0.861970 0.262571 0.222163 0.249617
77 0.893248 0.177422 0.138773 0.048844
50 0.862500 0.293519 0.193750 0.138889
23 0.937500 0.167593 0.016667 0.020370
17 0.142309 0.546345 0.224773 0.237082
77 0.125062 0.463938 0.169445 0.040741
31 0.139583 0.584259 0.083333 0.105556
72 0.144792 0.614815 0.020833 0.025926
10 0.138077 0.266397 0.215969 0.252612
77 0.096759 0.174813 0.112500 0.043372
47 0.135937 0.299074 0.184375 0.150000
39 0.104688 0.336111 0.096875 0.068519
