77 0.500000 0.073140 0.520000 0.087020
14 0.164447 0.241849 0.279930 0.172368
77 0.164447 0.189942 0.144986 0.040741
52 0.162500 0.269444 0.254167 0.072222
58 0.214062 0.269444 0.121875 0.042593
27 0.248958 0.186111 0.016667 0.020370
16 0.168268 0.442969 0.282010 0.168961
77 0.168268 0.393011 0.211006 0.040741
38 0.171875 0.474074 0.254167 0.055556
80 0.170833 0.475926 0.152083 0.025926
20 0.501183 0.836334 0.362656 0.239598
77 0.491206 0.751728 0.266942 0.040741
56 0.498958 0.872222 0.333333 0.125926
38 0.420312 0.860185 0.169792 0.068519
18 0.839801 0.248871 0.286111 0.187129
77 0.839801 0.188865 0.179302 0.040741
42 0.840625 0.275926 0.050000 0.062963
71 0.843229 0.271296 0.032292 0.031481
28 0.941667 0.193519 0.031250 0.038889
11 0.835239 0.452225 0.280160 0.170346
77 0.835239 0.407110 0.174100 0.040741
80 0.836458 0.489815 0.254167 0.053704
39 0.782292 0.485185 0.129167 0.025926
13 0.500000 0.422557 0.360291 0.541410
77 0.500000 0.198263 0.229209 0.062963
49 0.498958 0.478704 0.331250 0.364815
27 0.622396 0.181481 0.017708 0.022222
16 0.832134 0.650995 0.278385 0.178938
77 0.865164 0.598248 0.148754 0.040741
26 0.832292 0.686111 0.245833 0.064815
89 0.904687 0.696296 0.019792 0.025926
16 0.156460 0.659193 0.277198 0.181265
77 0.177893 0.602676 0.213499 0.040741
30 0.156771 0.695370 0.053125 0.068519
33 0.152604 0.687037 0.019792 0.025926
37 0.255729 0.605556 0.026042 0.033333
11 0.837009 0.860913 0.284693 0.171059
77 0.837009 0.812091 0.196564 0.040741
0 0.837500 0.893519 0.254167 0.050000
20 0.164122 0.858501 0.290215 0.175884
77 0.221010 0.809746 0.155605 0.040741
57 0.164062 0.898148 0.267708 0.059259
17 0.167708 0.887963 0.018750 0.024074
27 0.253646 0.803704 0.023958 0.029630
