77 0.699592 0.068602 0.350271 0.070538
14 0.609391 0.538583 0.214531 0.239247
77 0.609391 0.461228 0.131892 0.045991
36 0.609896 0.575926 0.182292 0.111111
27 0.675000 0.450926 0.018750 0.024074
10 0.613850 0.261286 0.216052 0.241052
77 0.617482 0.180879 0.142405 0.046588
28 0.610938 0.295370 0.092708 0.116667
87 0.594271 0.301852 0.051042 0.055556
17 0.141287 0.827968 0.225516 0.245728
77 0.141287 0.740338 0.135349 0.040741
56 0.141146 0.863889 0.203125 0.124074
18 0.138294 0.555281 0.214924 0.243757
77 0.157673 0.474874 0.155331 0.045292
9 0.138542 0.592593 0.183333 0.125926
15 0.183854 0.570370 0.055208 0.070370
63 0.209896 0.465741 0.021875 0.027778
9 0.373365 0.831049 0.220858 0.253857
77 0.329603 0.738660 0.112500 0.040741
20 0.372917 0.859259 0.193750 0.148148
39 0.336458 0.837963 0.097917 0.094444
14 0.377646 0.557235 0.226422 0.253825
77 0.410173 0.465263 0.140536 0.043897
8 0.377083 0.587963 0.189583 0.135185
8 0.372808 0.275455 0.223190 0.254548
77 0.372808 0.190836 0.132348 0.045755
33 0.371875 0.312963 0.095833 0.122222
70 0.356771 0.320370 0.061458 0.070370
11 0.141802 0.276108 0.223695 0.254539
77 0.177415 0.183175 0.131635 0.040741
42 0.140104 0.303704 0.111458 0.140741
45 0.161979 0.273148 0.028125 0.035185
20 0.858761 0.259487 0.219563 0.246229
77 0.858761 0.171656 0.119820 0.040741
90 0.860938 0.289815 0.188542 0.127778
17 0.897917 0.272222 0.043750 0.055556
12 0.859513 0.548585 0.216045 0.237136
77 0.844915 0.469778 0.112500 0.045903
25 0.859896 0.582407 0.103125 0.131481
67 0.849479 0.575000 0.061458 0.075926
