77 0.244341 0.075806 0.438683 0.084945
16 0.856819 0.234837 0.262122 0.175969
77 0.852039 0.184289 0.156568 0.040741
69 0.855208 0.266667 0.233333 0.070370
20 0.144811 0.251828 0.247540 0.188052
77 0.090310 0.197121 0.117707 0.040741
8 0.145833 0.288889 0.216667 0.070370
45 0.151042 0.284259 0.018750 0.024074
11 0.500000 0.424954 0.414078 0.546204
77 0.424574 0.200950 0.242392 0.062963
2 0.498958 0.473148 0.385417 0.394444
46 0.439063 0.554630 0.240625 0.198148
20 0.154786 0.661286 0.258898 0.181680
77 0.154786 0.609461 0.131280 0.040741
66 0.156250 0.696296 0.227083 0.070370
23 0.245312 0.603704 0.019792 0.025926
20 0.497812 0.833862 0.409702 0.229818
77 0.497812 0.756046 0.285387 0.040741
26 0.501042 0.869444 0.381250 0.112963
7 0.855064 0.460849 0.257332 0.193402
77 0.806233 0.401104 0.138837 0.040741
30 0.851562 0.491667 0.065625 0.083333
34 0.836979 0.510185 0.011458 0.024074
29 0.941146 0.402778 0.028125 0.035185
11 0.148861 0.863118 0.253164 0.183567
77 0.147061 0.808359 0.178708 0.040741
47 0.147917 0.887037 0.220833 0.070370
7 0.150406 0.454893 0.248167 0.176326
77 0.151919 0.401662 0.139261 0.040741
7 0.152083 0.482407 0.220833 0.072222
47 0.106250 0.476852 0.118750 0.031481
16 0.850013 0.862731 0.251647 0.183824
77 0.850013 0.807783 0.127358 0.040741
5 0.848437 0.894444 0.219792 0.081481
39 0.789583 0.875000 0.091667 0.035185
16 0.852931 0.664670 0.260269 0.179280
77 0.852931 0.608798 0.187365 0.040741
30 0.851042 0.688889 0.050000 0.062963
