77 0.755838 0.067634 0.281951 0.068602
10 0.130233 0.835058 0.215628 0.249398
77 0.147223 0.748212 0.160814 0.049222
69 0.130208 0.865741 0.187500 0.127778
7 0.374208 0.822670 0.219302 0.239789
77 0.361626 0.737772 0.161051 0.040741
2 0.373958 0.849074 0.197917 0.120370
8 0.863124 0.545441 0.220811 0.242284
77 0.901880 0.458296 0.122466 0.040741
34 0.861458 0.570370 0.062500 0.125926
62 0.942187 0.456481 0.019792 0.024074
9 0.369106 0.545639 0.217604 0.249654
77 0.404404 0.460610 0.126175 0.043672
17 0.370833 0.581481 0.191667 0.122222
36 0.394271 0.600000 0.128125 0.062963
9 0.616965 0.279243 0.224470 0.253562
77 0.591509 0.192079 0.152725 0.047483
7 0.618750 0.314815 0.200000 0.144444
0 0.593229 0.347222 0.126042 0.050000
15 0.381714 0.264433 0.223607 0.241178
77 0.366974 0.179665 0.120383 0.040741
38 0.381250 0.294444 0.197917 0.118519
90 0.419792 0.310185 0.102083 0.061111
12 0.137976 0.543544 0.219617 0.243751
77 0.133971 0.457457 0.127466 0.044729
47 0.139583 0.574074 0.191667 0.125926
11 0.138426 0.270226 0.222284 0.239969
77 0.125482 0.190028 0.156799 0.044980
61 0.136458 0.305556 0.195833 0.107407
13 0.857092 0.265804 0.218018 0.240853
77 0.872876 0.184148 0.115209 0.040741
48 0.853646 0.299074 0.188542 0.135185
17 0.820312 0.276852 0.038542 0.050000
8 0.610507 0.543106 0.214286 0.249405
77 0.610507 0.461393 0.112500 0.047526
68 0.609896 0.581481 0.188542 0.133333
73 0.567187 0.612963 0.026042 0.033333
27 0.676042 0.454630 0.025000 0.031481
