77 0.500000 0.077745 0.520000 0.096232
20 0.842401 0.446860 0.266098 0.181833
77 0.816798 0.389435 0.192994 0.040741
62 0.845313 0.478704 0.044792 0.057407
19 0.158301 0.448665 0.270483 0.175889
77 0.210160 0.398673 0.145932 0.040741
31 0.159375 0.478704 0.039583 0.050000
10 0.839917 0.867708 0.260026 0.177417
77 0.839917 0.813962 0.117407 0.040741
12 0.843229 0.894444 0.228125 0.062963
9 0.163297 0.869026 0.270499 0.172334
77 0.163297 0.821645 0.159501 0.040741
36 0.164583 0.893519 0.237500 0.057407
88 0.166667 0.888889 0.106250 0.029630
8 0.162486 0.658744 0.270811 0.175201
77 0.162486 0.611644 0.189139 0.040741
19 0.161458 0.690741 0.239583 0.062963
31 0.256250 0.609259 0.031250 0.040741
7 0.502566 0.835802 0.404901 0.227467
77 0.502566 0.763107 0.304964 0.044304
37 0.503125 0.868519 0.087500 0.111111
76 0.632812 0.753704 0.017708 0.022222
7 0.149450 0.236651 0.254332 0.179304
77 0.149450 0.184328 0.194438 0.040741
23 0.150000 0.267593 0.035417 0.046296
19 0.151562 0.273148 0.015625 0.020370
31 0.242188 0.181481 0.023958 0.029630
9 0.841928 0.652315 0.261629 0.169597
77 0.785517 0.606844 0.127975 0.040741
26 0.842708 0.682407 0.239583 0.064815
47 0.782813 0.683333 0.113542 0.037037
20 0.841807 0.244239 0.254816 0.189686
77 0.857389 0.189224 0.177191 0.040741
14 0.843750 0.274074 0.220833 0.070370
63 0.928646 0.185185 0.026042 0.033333
13 0.500000 0.426626 0.399770 0.549548
77 0.496552 0.200453 0.289453 0.062963
32 0.498958 0.482407 0.297917 0.379630
76 0.634896 0.187963 0.023958 0.031481
