77 0.500000 0.065302 0.520000 0.071345
20 0.612063 0.275936 0.219781 0.246624
77 0.632383 0.195526 0.158308 0.048684
62 0.609896 0.310185 0.094792 0.120370
60 0.600521 0.321296 0.055208 0.064815
28 0.683333 0.187963 0.025000 0.031481
17 0.140586 0.261421 0.226044 0.237079
77 0.140586 0.180018 0.161396 0.040741
31 0.142187 0.293519 0.080208 0.101852
76 0.139583 0.287963 0.018750 0.024074
23 0.215625 0.177778 0.022917 0.029630
14 0.370909 0.273224 0.219808 0.249072
77 0.370909 0.183024 0.129626 0.040741
21 0.367708 0.301852 0.189583 0.137037
58 0.340104 0.317593 0.128125 0.068519
23 0.438542 0.180556 0.018750 0.024074
9 0.128340 0.548460 0.214704 0.249146
77 0.132927 0.460177 0.163436 0.040741
75 0.126562 0.575000 0.186458 0.135185
17 0.374538 0.550215 0.226350 0.241423
77 0.374538 0.466033 0.163601 0.046648
43 0.372396 0.586111 0.094792 0.120370
5 0.376563 0.575926 0.038542 0.051852
7 0.853548 0.256029 0.216803 0.239814
77 0.853548 0.173811 0.136239 0.045096
28 0.850521 0.295370 0.096875 0.124074
10 0.858403 0.545485 0.224562 0.251780
77 0.858403 0.459458 0.124361 0.040741
68 0.859375 0.574074 0.189583 0.129630
13 0.862500 0.579630 0.052083 0.066667
28 0.927083 0.450926 0.018750 0.024074
15 0.619393 0.543615 0.216058 0.244690
77 0.650325 0.458104 0.133360 0.044176
4 0.618229 0.577778 0.182292 0.137037
8 0.379025 0.835755 0.215337 0.251709
77 0.401147 0.746355 0.150260 0.041528
66 0.382292 0.870370 0.187500 0.125926
13 0.406250 0.873148 0.047917 0.061111
37 0.446875 0.739815 0.016667 0.020370
13 0.133451 0.833451 0.221095 0.248004
77 0.176914 0.748293 0.113336 0.044359
35 0.134375 0.867593 0.091667 0.116667
48 0.141146 0.884259 0.053125 0.064815
