77 0.233954 0.074559 0.417909 0.082450
18 0.856302 0.268895 0.221925 0.253669
77 0.856302 0.179345 0.135642 0.040741
4 0.858333 0.300926 0.195833 0.135185
6 0.832812 0.313889 0.130208 0.083333
17 0.612729 0.552039 0.222483 0.255449
77 0.612729 0.458973 0.112500 0.040741
38 0.610938 0.580556 0.192708 0.135185
7 0.619201 0.257721 0.224459 0.240043
77 0.619201 0.176915 0.160100 0.040741
22 0.619271 0.295370 0.194792 0.120370
55 0.671875 0.289815 0.081250 0.072222
15 0.136036 0.267403 0.223673 0.245612
77 0.136036 0.180820 0.168629 0.040741
78 0.135417 0.300000 0.193750 0.144444
85 0.177083 0.266667 0.093750 0.059259
17 0.128094 0.835844 0.217279 0.244457
77 0.128094 0.749462 0.150512 0.040741
34 0.129688 0.874074 0.057292 0.114815
9 0.371317 0.259864 0.218521 0.237493
77 0.413911 0.181120 0.112500 0.040741
50 0.372396 0.296296 0.194792 0.111111
18 0.378681 0.831072 0.222192 0.246852
77 0.361931 0.745828 0.167858 0.042730
72 0.381250 0.863889 0.085417 0.109259
20 0.369252 0.544364 0.217893 0.246192
77 0.369252 0.461984 0.157437 0.040741
43 0.372396 0.575926 0.098958 0.125926
28 0.388021 0.598148 0.023958 0.029630
17 0.862639 0.547187 0.225562 0.253641
77 0.862639 0.458214 0.141621 0.041759
10 0.866146 0.585185 0.196875 0.137037
49 0.827083 0.575926 0.106250 0.074074
37 0.935417 0.452778 0.018750 0.024074
11 0.142397 0.547107 0.224135 0.239643
77 0.142397 0.464394 0.117718 0.044265
57 0.143229 0.575000 0.188542 0.116667
50 0.163021 0.593519 0.121875 0.050000
63 0.207813 0.464815 0.026042 0.033333
