77 0.500000 0.076024 0.520000 0.092788
20 0.846438 0.867428 0.253458 0.170728
77 0.846438 0.815564 0.170745 0.040741
3 0.845313 0.898148 0.046875 0.048148
85 0.843750 0.891667 0.020833 0.027778
7 0.850949 0.448042 0.259242 0.188872
77 0.887074 0.391511 0.166158 0.040741
83 0.852083 0.475000 0.227083 0.079630
63 0.851562 0.481481 0.017708 0.022222
31 0.940104 0.387037 0.023958 0.029630
8 0.850605 0.239302 0.261662 0.175603
77 0.850605 0.185701 0.164832 0.040741
76 0.850521 0.274074 0.040625 0.051852
1 0.853125 0.266667 0.020833 0.025926
14 0.156774 0.878338 0.257865 0.192226
77 0.156774 0.822024 0.183944 0.040741
41 0.154688 0.912037 0.048958 0.061111
78 0.147917 0.910185 0.029167 0.035185
15 0.849346 0.653228 0.251444 0.174459
77 0.820741 0.601154 0.139877 0.040741
23 0.849479 0.682407 0.048958 0.061111
0 0.859375 0.670370 0.025000 0.025926
76 0.939583 0.603704 0.029167 0.037037
17 0.153407 0.239383 0.253739 0.169293
77 0.111858 0.193531 0.149808 0.040741
74 0.151562 0.272222 0.034375 0.044444
37 0.232292 0.184259 0.016667 0.020370
12 0.500000 0.408449 0.415369 0.513195
77 0.434296 0.203225 0.263127 0.062963
54 0.500000 0.461111 0.379167 0.348148
9 0.145943 0.451800 0.256128 0.180777
77 0.145943 0.394952 0.114387 0.040741
28 0.148438 0.483333 0.044792 0.055556
5 0.139063 0.486111 0.019792 0.031481
76 0.223438 0.396296 0.023958 0.029630
19 0.501955 0.833248 0.419278 0.272902
77 0.600702 0.731464 0.200951 0.041934
7 0.501042 0.866667 0.387500 0.155556
77 0.388021 0.817593 0.130208 0.009259
62 0.640625 0.732407 0.025000 0.031481
14 0.147282 0.663778 0.252596 0.185458
77 0.147282 0.606068 0.181153 0.040741
62 0.149479 0.695370 0.044792 0.057407
28 0.230208 0.602778 0.018750 0.024074
