77 0.500000 0.124191 0.640000 0.068117
7 0.848599 0.663464 0.265536 0.191039
77 0.822490 0.606422 0.173307 0.040741
65 0.846875 0.690741 0.237500 0.081481
28 0.934896 0.600926 0.021875 0.027778
19 0.842711 0.460256 0.264118 0.189516
77 0.829507 0.400246 0.200302 0.040741
38 0.840625 0.491667 0.237500 0.061111
28 0.928646 0.398148 0.019792 0.025926
16 0.843454 0.247229 0.261627 0.180021
77 0.847466 0.193574 0.175791 0.040741
21 0.845833 0.283333 0.231250 0.062963
19 0.500000 0.401977 0.397755 0.500249
77 0.553834 0.201983 0.269254 0.062963
71 0.495833 0.455556 0.368750 0.348148
75 0.602604 0.532407 0.142708 0.142593
10 0.848474 0.859141 0.259650 0.179106
77 0.848474 0.809361 0.195840 0.040741
16 0.848958 0.888889 0.225000 0.055556
48 0.880729 0.900000 0.138542 0.025926
12 0.150261 0.449876 0.258696 0.177657
77 0.150261 0.400466 0.136449 0.040741
56 0.153646 0.480556 0.230208 0.061111
79 0.101562 0.475000 0.115625 0.038889
16 0.148818 0.666319 0.256503 0.185293
77 0.096721 0.609510 0.131477 0.040741
57 0.148958 0.697222 0.233333 0.072222
62 0.237500 0.604630 0.018750 0.024074
17 0.498629 0.812281 0.395013 0.281913
77 0.431341 0.713226 0.189825 0.051443
1 0.495833 0.848148 0.362500 0.162963
11 0.151981 0.858672 0.262102 0.168614
77 0.151981 0.812248 0.199547 0.040741
75 0.151562 0.889815 0.234375 0.064815
76 0.242188 0.812963 0.028125 0.037037
12 0.155870 0.230764 0.257946 0.170248
77 0.155870 0.182892 0.165712 0.040741
72 0.154167 0.259259 0.045833 0.059259
74 0.163021 0.262037 0.015625 0.020370
32 0.239063 0.181481 0.026042 0.033333
