77 0.709189 0.077169 0.281792 0.087671
10 0.613061 0.265363 0.220834 0.247332
77 0.573612 0.181758 0.121102 0.048703
80 0.611979 0.298148 0.194792 0.122222
6 0.556771 0.300926 0.076042 0.072222
9 0.374999 0.824576 0.216094 0.244953
77 0.374999 0.738467 0.130197 0.040741
6 0.372396 0.856481 0.186458 0.120370
10 0.138316 0.559712 0.220987 0.252380
77 0.138316 0.476784 0.112500 0.047452
67 0.136458 0.591667 0.193750 0.135185
31 0.211979 0.470370 0.026042 0.033333
8 0.138030 0.824074 0.217176 0.247607
77 0.138030 0.736273 0.167768 0.040741
49 0.134896 0.855556 0.190625 0.137037
61 0.155208 0.873148 0.120833 0.075926
31 0.203125 0.731481 0.020833 0.025926
15 0.374564 0.548434 0.226187 0.253111
77 0.374564 0.460407 0.112500 0.046569
30 0.376042 0.586111 0.089583 0.112963
58 0.394271 0.590741 0.038542 0.070370
14 0.380812 0.267051 0.224031 0.242743
77 0.400695 0.182003 0.162898 0.043296
85 0.380729 0.297222 0.196875 0.138889
88 0.428125 0.264815 0.097917 0.066667
17 0.129321 0.274864 0.220770 0.249586
77 0.129321 0.188023 0.167487 0.046330
88 0.129688 0.308333 0.186458 0.138889
51 0.107292 0.283333 0.116667 0.074074
14 0.855839 0.273988 0.225915 0.252137
77 0.820214 0.185839 0.133832 0.046292
87 0.857292 0.310185 0.200000 0.131481
49 0.903125 0.310185 0.085417 0.083333
10 0.852752 0.539780 0.218619 0.239578
77 0.866608 0.460472 0.147116 0.040741
86 0.850000 0.575926 0.191667 0.122222
20 0.619875 0.551370 0.218686 0.238130
77 0.619875 0.471843 0.148571 0.046645
81 0.618229 0.587963 0.190625 0.105556
5 0.568229 0.597222 0.080208 0.038889
