77 0.500000 0.145448 0.640000 0.076975
15 0.618996 0.551525 0.222429 0.255052
77 0.629047 0.460206 0.129595 0.040741
40 0.621875 0.587963 0.195833 0.135185
80 0.573438 0.604630 0.090625 0.075926
11 0.855694 0.555267 0.225460 0.253031
77 0.855694 0.470375 0.155163 0.045043
82 0.856250 0.587037 0.195833 0.137037
12 0.831771 0.604630 0.057292 0.072222
18 0.130490 0.272502 0.217773 0.251502
77 0.134188 0.181872 0.143533 0.040741
6 0.130729 0.301852 0.190625 0.133333
68 0.104688 0.295370 0.115625 0.075926
11 0.379419 0.824281 0.220263 0.237770
77 0.384596 0.744525 0.131160 0.040741
33 0.378125 0.858333 0.100000 0.127778
74 0.359375 0.887963 0.025000 0.031481
10 0.866693 0.272035 0.226034 0.239957
77 0.866693 0.191662 0.112500 0.040741
20 0.866667 0.307407 0.204167 0.133333
45 0.868750 0.300926 0.025000 0.031481
15 0.613650 0.263560 0.224311 0.246337
77 0.613650 0.174617 0.131014 0.040741
42 0.611979 0.289815 0.094792 0.120370
19 0.374592 0.546891 0.215446 0.242796
77 0.363249 0.464212 0.154693 0.040741
19 0.371875 0.576852 0.187500 0.127778
80 0.410417 0.565741 0.093750 0.068519
17 0.136693 0.544817 0.219103 0.241784
77 0.132658 0.461771 0.153940 0.040741
36 0.135937 0.580556 0.184375 0.131481
30 0.208854 0.462037 0.028125 0.035185
13 0.134173 0.832220 0.220446 0.245552
77 0.116095 0.744554 0.163457 0.040741
1 0.133333 0.860185 0.193750 0.131481
82 0.107292 0.836111 0.118750 0.053704
10 0.374798 0.267181 0.224664 0.241717
77 0.416545 0.184353 0.120337 0.044273
25 0.375521 0.303704 0.092708 0.118519
52 0.363542 0.289815 0.062500 0.064815
