77 0.771163 0.066193 0.304598 0.065719
15 0.842466 0.460470 0.263413 0.192853
77 0.842466 0.399336 0.182010 0.040741
41 0.844271 0.494444 0.055208 0.070370
12 0.500000 0.422246 0.394915 0.540788
77 0.580187 0.200902 0.213708 0.062963
64 0.498958 0.479630 0.268750 0.340741
74 0.454688 0.605556 0.040625 0.051852
29 0.652083 0.187037 0.027083 0.033333
7 0.148965 0.865074 0.262060 0.182791
77 0.168328 0.812616 0.202502 0.040741
3 0.148438 0.893519 0.057292 0.057407
47 0.148438 0.891667 0.034375 0.031481
13 0.844167 0.242116 0.268824 0.176024
77 0.811884 0.193246 0.163020 0.040741
65 0.843750 0.278704 0.241667 0.064815
12 0.499136 0.844718 0.393187 0.240215
77 0.581247 0.759725 0.208132 0.040741
15 0.498437 0.880556 0.363542 0.127778
25 0.595313 0.845370 0.028125 0.035185
28 0.628125 0.756481 0.018750 0.024074
18 0.155233 0.669772 0.262799 0.191202
77 0.155233 0.607583 0.155936 0.040741
88 0.157292 0.700926 0.233333 0.087037
22 0.218750 0.691667 0.104167 0.053704
9 0.158441 0.453340 0.270062 0.185915
77 0.222768 0.398623 0.118881 0.040741
24 0.159375 0.484259 0.054167 0.068519
15 0.848846 0.650662 0.264355 0.170895
77 0.866613 0.603226 0.161655 0.040741
13 0.850000 0.682407 0.235417 0.046296
34 0.917708 0.693519 0.012500 0.024074
15 0.160931 0.241911 0.266969 0.190585
77 0.158774 0.180914 0.141766 0.040741
33 0.161979 0.270370 0.063542 0.081481
14 0.845496 0.861126 0.270446 0.171885
77 0.820295 0.814827 0.199212 0.040741
19 0.846875 0.887037 0.243750 0.055556
18 0.849479 0.888889 0.019792 0.025926
