77 0.500000 0.075891 0.520000 0.092523
11 0.839754 0.448254 0.284879 0.182788
77 0.787452 0.397166 0.138468 0.040741
82 0.840625 0.478704 0.258333 0.068519
78 0.792708 0.474074 0.147917 0.033333
18 0.168438 0.655340 0.285688 0.171561
77 0.138068 0.607088 0.204115 0.040741
38 0.167708 0.683333 0.254167 0.055556
14 0.832669 0.645333 0.280661 0.168254
77 0.832669 0.598283 0.188057 0.040741
77 0.829688 0.672222 0.244792 0.018519
76 0.932813 0.592593 0.017708 0.022222
18 0.165488 0.872892 0.292899 0.193321
77 0.202259 0.814314 0.198525 0.040741
5 0.166667 0.902778 0.260417 0.087037
54 0.101042 0.901852 0.120833 0.040741
18 0.832649 0.866964 0.281680 0.182764
77 0.832649 0.812852 0.186003 0.040741
76 0.829688 0.898148 0.046875 0.059259
17 0.834375 0.899074 0.022917 0.027778
15 0.167606 0.239309 0.287471 0.180781
77 0.178800 0.184463 0.220190 0.040741
62 0.167708 0.271296 0.039583 0.050000
49 0.171875 0.277778 0.016667 0.025926
16 0.171606 0.444760 0.289979 0.183740
77 0.171606 0.387051 0.189442 0.040741
20 0.172917 0.481481 0.262500 0.070370
24 0.254688 0.479630 0.019792 0.025926
16 0.839580 0.241361 0.288097 0.190719
77 0.907128 0.182661 0.132169 0.040741
10 0.841667 0.266667 0.262500 0.081481
55 0.902604 0.271296 0.113542 0.035185
11 0.500000 0.421269 0.355774 0.538835
77 0.500000 0.199066 0.237074 0.062963
33 0.502083 0.479630 0.272917 0.348148
53 0.415625 0.376852 0.070833 0.090741
17 0.499876 0.830434 0.355526 0.239284
77 0.499876 0.748722 0.200920 0.040741
75 0.500000 0.869444 0.329167 0.120370
