77 0.500000 0.060787 0.380000 0.060947
20 0.622527 0.262520 0.225459 0.239244
77 0.622527 0.181341 0.170703 0.044170
82 0.623437 0.299074 0.190625 0.124074
8 0.131558 0.842490 0.219863 0.254153
77 0.117973 0.753162 0.132738 0.048183
79 0.133854 0.879630 0.188542 0.125926
3 0.092708 0.903704 0.033333 0.033333
13 0.860757 0.548655 0.224650 0.238813
77 0.829777 0.467041 0.127264 0.044129
5 0.860417 0.576852 0.200000 0.127778
34 0.855208 0.573148 0.022917 0.046296
19 0.378742 0.269736 0.214979 0.237395
77 0.392347 0.186593 0.162433 0.040741
40 0.376042 0.305556 0.183333 0.118519
7 0.852069 0.274537 0.217694 0.254011
77 0.852069 0.183745 0.135800 0.040741
54 0.849479 0.304630 0.186458 0.135185
8 0.853125 0.307407 0.043750 0.055556
8 0.374736 0.831056 0.215284 0.252715
77 0.374736 0.739646 0.151599 0.040741
29 0.377604 0.858333 0.094792 0.120370
4 0.365625 0.860185 0.054167 0.075926
19 0.136371 0.263739 0.217783 0.245748
77 0.136371 0.177864 0.134716 0.040741
47 0.134375 0.300000 0.191667 0.125926
12 0.165104 0.331481 0.032292 0.040741
10 0.382015 0.559493 0.224977 0.255457
77 0.361792 0.474252 0.113391 0.045725
63 0.382292 0.596296 0.095833 0.122222
61 0.364583 0.606481 0.037500 0.057407
30 0.457292 0.461111 0.016667 0.022222
16 0.620631 0.560452 0.214675 0.254632
77 0.593618 0.470959 0.139816 0.049461
17 0.621354 0.595370 0.180208 0.131481
20 0.663021 0.579630 0.015625 0.059259
76 0.683333 0.471296 0.027083 0.035185
11 0.140694 0.540649 0.220171 0.239815
77 0.140694 0.462547 0.166445 0.045991
45 0.138021 0.573148 0.086458 0.109259
22 0.118229 0.583333 0.042708 0.040741
