77 0.500000 0.073934 0.520000 0.088608
12 0.611768 0.278778 0.219849 0.253932
77 0.573444 0.188050 0.122367 0.041960
82 0.613021 0.303704 0.186458 0.137037
59 0.644271 0.315741 0.098958 0.064815
32 0.678125 0.184259 0.018750 0.024074
18 0.377788 0.278037 0.223777 0.251927
77 0.359663 0.190271 0.166696 0.050198
31 0.377083 0.315741 0.083333 0.105556
42 0.368229 0.287037 0.019792 0.025926
11 0.138585 0.550939 0.217408 0.239376
77 0.119012 0.469513 0.152039 0.040741
4 0.139583 0.585185 0.185417 0.122222
13 0.858187 0.539826 0.218374 0.237108
77 0.815666 0.454833 0.112500 0.040741
64 0.858333 0.569444 0.106250 0.135185
23 0.921875 0.458333 0.027083 0.035185
8 0.138612 0.268365 0.226336 0.239345
77 0.137842 0.186372 0.142524 0.040741
62 0.140104 0.298148 0.090625 0.114815
13 0.609902 0.546638 0.215557 0.253446
77 0.609902 0.463927 0.129259 0.049938
80 0.610938 0.581481 0.184375 0.122222
17 0.374355 0.832818 0.219333 0.240179
77 0.343681 0.747211 0.137151 0.041645
65 0.374479 0.868519 0.186458 0.125926
17 0.373066 0.553787 0.214448 0.240456
77 0.373066 0.473109 0.112500 0.040741
83 0.372396 0.587037 0.184375 0.129630
1 0.372917 0.584259 0.081250 0.064815
15 0.139627 0.836724 0.221301 0.244652
77 0.139627 0.755094 0.148207 0.040741
72 0.137500 0.867593 0.091667 0.116667
84 0.160938 0.856481 0.038542 0.072222
19 0.857284 0.263109 0.221940 0.243831
77 0.857284 0.179919 0.113929 0.042962
30 0.856771 0.300000 0.084375 0.107407
