77 0.214783 0.075744 0.379567 0.084821
9 0.148203 0.231724 0.250922 0.169006
77 0.148203 0.184603 0.182333 0.040741
80 0.146354 0.262963 0.226042 0.051852
62 0.239583 0.182407 0.022917 0.027778
8 0.153352 0.446065 0.251773 0.185580
77 0.153352 0.392963 0.163938 0.040741
78 0.154688 0.477778 0.228125 0.059259
1 0.101562 0.481481 0.096875 0.033333
10 0.850741 0.855463 0.256598 0.169468
77 0.898868 0.807544 0.139512 0.040741
6 0.850521 0.885185 0.226042 0.044444
27 0.925521 0.806481 0.023958 0.031481
8 0.500000 0.410812 0.422923 0.517920
77 0.500000 0.200416 0.278371 0.062963
7 0.498958 0.461111 0.395833 0.355556
15 0.143030 0.864410 0.250157 0.179682
77 0.098303 0.810017 0.139869 0.040741
53 0.141146 0.900000 0.048958 0.062963
18 0.151787 0.661839 0.253560 0.180203
77 0.197861 0.606903 0.140578 0.040741
83 0.148958 0.690741 0.225000 0.062963
30 0.227604 0.607407 0.026042 0.033333
16 0.851898 0.453731 0.257269 0.175727
77 0.827624 0.402911 0.187887 0.040741
70 0.850521 0.481481 0.232292 0.051852
30 0.929688 0.403704 0.028125 0.037037
16 0.846616 0.655667 0.248893 0.177334
77 0.839875 0.600669 0.147891 0.040741
28 0.848958 0.687037 0.041667 0.051852
51 0.843750 0.694444 0.016667 0.025926
18 0.854860 0.245197 0.249064 0.191927
77 0.812405 0.188456 0.143321 0.040741
48 0.855729 0.280556 0.221875 0.079630
17 0.498878 0.822804 0.420679 0.262557
77 0.498878 0.731786 0.202269 0.040741
31 0.496875 0.856481 0.097917 0.124074
31 0.642708 0.727778 0.027083 0.033333
