77 0.775824 0.071836 0.378377 0.077006
20 0.373010 0.548491 0.223492 0.247031
77 0.373010 0.463613 0.159798 0.044926
35 0.371875 0.582407 0.091667 0.116667
29 0.440625 0.462963 0.027083 0.033333
13 0.614027 0.537488 0.215193 0.238807
77 0.614027 0.458229 0.160947 0.047159
50 0.613542 0.569444 0.183333 0.116667
83 0.583333 0.557407 0.095833 0.048148
63 0.690104 0.450926 0.019792 0.024074
9 0.373329 0.832008 0.223310 0.249315
77 0.373329 0.745086 0.114890 0.043760
44 0.376042 0.871296 0.100000 0.127778
27 0.443750 0.743519 0.025000 0.031481
18 0.131559 0.263420 0.221199 0.242436
77 0.129498 0.177064 0.146353 0.040741
71 0.133333 0.291667 0.191667 0.120370
39 0.176563 0.277778 0.101042 0.048148
14 0.617936 0.263784 0.218306 0.245642
77 0.640523 0.181427 0.112500 0.040741
75 0.617708 0.296296 0.185417 0.118519
23 0.691667 0.176852 0.025000 0.031481
12 0.852305 0.556221 0.218769 0.251214
77 0.852305 0.464423 0.138939 0.040741
38 0.851562 0.583333 0.184375 0.140741
18 0.133211 0.834645 0.221352 0.249187
77 0.089202 0.748773 0.112500 0.046980
72 0.133854 0.870370 0.092708 0.118519
43 0.144792 0.898148 0.022917 0.029630
15 0.137722 0.554067 0.224772 0.249107
77 0.150457 0.469207 0.173153 0.044466
26 0.136979 0.587963 0.198958 0.131481
19 0.374393 0.259800 0.224635 0.247046
77 0.382195 0.175744 0.155946 0.040741
67 0.375521 0.289815 0.201042 0.138889
39 0.431250 0.319444 0.083333 0.057407
18 0.854844 0.269778 0.220901 0.253458
77 0.854844 0.178097 0.168367 0.040741
60 0.854688 0.294444 0.194792 0.140741
29 0.923438 0.174074 0.017708 0.022222
