77 0.500000 0.068729 0.520000 0.078199
20 0.500000 0.439662 0.418423 0.575620
77 0.500000 0.201664 0.203939 0.062963
20 0.502083 0.498148 0.385417 0.396296
15 0.152410 0.447838 0.255745 0.184936
77 0.182658 0.390821 0.174414 0.040741
3 0.154167 0.478704 0.072917 0.072222
35 0.169271 0.488889 0.017708 0.022222
18 0.856475 0.660800 0.259691 0.183001
77 0.856475 0.605820 0.146838 0.040741
15 0.856250 0.694444 0.225000 0.070370
36 0.851562 0.697222 0.128125 0.027778
31 0.943229 0.607407 0.030208 0.037037
19 0.850615 0.859942 0.253218 0.170569
77 0.850615 0.808299 0.127677 0.040741
6 0.849479 0.896296 0.228125 0.059259
14 0.852920 0.446037 0.249723 0.169987
77 0.901869 0.397137 0.130991 0.040741
80 0.855729 0.477778 0.219792 0.062963
72 0.899479 0.467593 0.019792 0.024074
30 0.931250 0.395370 0.025000 0.031481
16 0.147377 0.660761 0.252426 0.178580
77 0.147377 0.607629 0.121892 0.040741
12 0.147917 0.697222 0.227083 0.064815
20 0.144272 0.232704 0.253110 0.167765
77 0.089999 0.183513 0.123732 0.040741
50 0.143229 0.257407 0.223958 0.051852
10 0.850342 0.247908 0.250540 0.179278
77 0.850342 0.191916 0.136825 0.040741
43 0.853125 0.274074 0.056250 0.070370
40 0.864062 0.277778 0.026042 0.029630
12 0.144953 0.876331 0.247222 0.189431
77 0.144953 0.820417 0.127364 0.040741
33 0.144271 0.905556 0.055208 0.070370
54 0.148958 0.912037 0.027083 0.031481
16 0.501497 0.857083 0.421416 0.198454
77 0.408636 0.797926 0.202969 0.040741
34 0.504167 0.887037 0.043750 0.088889
53 0.498437 0.908333 0.015625 0.020370
