77 0.800623 0.064848 0.368972 0.063030
14 0.854511 0.659422 0.234031 0.177264
77 0.854511 0.607380 0.131151 0.040741
7 0.851562 0.693519 0.205208 0.061111
65 0.857812 0.689815 0.134375 0.027778
17 0.143054 0.650353 0.244888 0.169570
77 0.164023 0.605952 0.114611 0.040741
29 0.143229 0.679630 0.044792 0.055556
18 0.500000 0.441919 0.445784 0.580134
77 0.581634 0.197889 0.255809 0.062963
42 0.500000 0.493519 0.295833 0.375926
28 0.665625 0.185185 0.022917 0.029630
16 0.139516 0.867499 0.239142 0.191054
77 0.154293 0.806935 0.179925 0.040741
25 0.135417 0.898148 0.066667 0.085185
20 0.132812 0.893519 0.007292 0.027778
8 0.145308 0.240316 0.238345 0.167951
77 0.092802 0.193928 0.112500 0.040741
34 0.146354 0.266667 0.021875 0.044444
57 0.148958 0.275926 0.016667 0.025926
11 0.859594 0.462672 0.236654 0.191011
77 0.847064 0.406424 0.171341 0.040741
38 0.857812 0.491667 0.211458 0.075926
60 0.818229 0.474074 0.105208 0.033333
11 0.499975 0.862528 0.445733 0.203990
77 0.454917 0.799947 0.281449 0.040741
45 0.498437 0.889815 0.065625 0.083333
43 0.503646 0.896296 0.019792 0.025926
28 0.647396 0.795370 0.023958 0.031481
9 0.853497 0.858228 0.232687 0.174485
77 0.853497 0.808429 0.178587 0.040741
19 0.853125 0.888889 0.204167 0.055556
27 0.927604 0.804630 0.021875 0.027778
9 0.853524 0.246676 0.233793 0.188965
77 0.854626 0.191512 0.179169 0.040741
78 0.852083 0.273148 0.202083 0.072222
7 0.149039 0.462663 0.246771 0.191079
77 0.184780 0.406548 0.154455 0.040741
50 0.148958 0.496296 0.225000 0.066667
