77 0.500000 0.074404 0.520000 0.089548
13 0.380932 0.834528 0.220595 0.247236
77 0.380932 0.751016 0.112500 0.046202
55 0.382292 0.864815 0.195833 0.129630
7 0.132984 0.823395 0.215439 0.242105
77 0.162071 0.739919 0.112500 0.046268
53 0.132812 0.854630 0.086458 0.109259
8 0.137557 0.541297 0.226276 0.243965
77 0.159234 0.455851 0.162088 0.040741
23 0.139063 0.570370 0.105208 0.133333
16 0.114062 0.577778 0.042708 0.055556
14 0.855196 0.273034 0.217256 0.252153
77 0.879332 0.180733 0.123763 0.040741
27 0.855729 0.306481 0.096875 0.124074
61 0.856250 0.303704 0.050000 0.059259
13 0.136737 0.264108 0.218195 0.237349
77 0.136737 0.182670 0.112500 0.040741
48 0.136979 0.298148 0.194792 0.118519
7 0.374243 0.271680 0.221305 0.238878
77 0.374243 0.192564 0.130495 0.040741
34 0.374479 0.305556 0.057292 0.114815
74 0.369792 0.296296 0.020833 0.025926
8 0.622863 0.270485 0.223029 0.246272
77 0.622863 0.185434 0.171988 0.044498
78 0.626042 0.301852 0.191667 0.122222
81 0.629687 0.302778 0.123958 0.053704
9 0.625515 0.546780 0.226553 0.242528
77 0.651761 0.465856 0.153226 0.045008
1 0.626042 0.584259 0.197917 0.124074
53 0.689063 0.606481 0.036458 0.046296
30 0.700000 0.462037 0.025000 0.031481
17 0.373440 0.548239 0.220894 0.249873
77 0.331489 0.467744 0.116158 0.048914
72 0.371354 0.587963 0.086458 0.109259
90 0.368750 0.576852 0.033333 0.068519
17 0.855797 0.542524 0.222530 0.243509
77 0.837382 0.461409 0.164133 0.040741
13 0.852083 0.576852 0.193750 0.135185
20 0.814063 0.551852 0.017708 0.066667
