77 0.252203 0.070347 0.454407 0.074028
18 0.132235 0.275855 0.225663 0.249360
77 0.121564 0.193713 0.172543 0.047980
24 0.131250 0.316667 0.097917 0.125926
8 0.383266 0.268971 0.223903 0.238192
77 0.383266 0.187686 0.143376 0.040741
30 0.380729 0.300926 0.086458 0.109259
74 0.368229 0.266667 0.019792 0.025926
7 0.855263 0.267724 0.225802 0.243140
77 0.822033 0.181646 0.118833 0.040741
20 0.855729 0.305556 0.201042 0.129630
85 0.883333 0.323148 0.131250 0.050000
16 0.618260 0.270156 0.215297 0.250672
77 0.618260 0.178640 0.112500 0.040741
74 0.617188 0.298148 0.092708 0.118519
65 0.597396 0.287037 0.046875 0.066667
23 0.690625 0.175000 0.016667 0.020370
15 0.859517 0.554426 0.215547 0.247927
77 0.859517 0.470385 0.126194 0.040741
8 0.857812 0.583333 0.182292 0.125926
42 0.862500 0.580556 0.025000 0.031481
11 0.134899 0.544740 0.225370 0.245819
77 0.134899 0.461245 0.112500 0.045615
4 0.136979 0.578704 0.194792 0.135185
81 0.179167 0.612037 0.089583 0.050000
11 0.382893 0.547350 0.223505 0.247873
77 0.382893 0.464129 0.169199 0.049071
63 0.385937 0.578704 0.094792 0.120370
28 0.453646 0.461111 0.028125 0.037037
8 0.372983 0.835885 0.218213 0.244460
77 0.372983 0.749987 0.112500 0.044406
82 0.371354 0.868519 0.192708 0.122222
14 0.610316 0.550108 0.215016 0.241615
77 0.627284 0.470791 0.112500 0.046793
19 0.608333 0.585185 0.189583 0.114815
46 0.645312 0.574074 0.101042 0.062963
11 0.136121 0.823098 0.221680 0.247902
77 0.136121 0.732874 0.137974 0.040741
49 0.136458 0.847222 0.187500 0.138889
7 0.096875 0.862963 0.043750 0.055556
37 0.205729 0.732407 0.023958 0.031481
