77 0.500000 0.067563 0.520000 0.075866
16 0.611218 0.542240 0.217575 0.237765
77 0.585608 0.461212 0.134945 0.040741
70 0.610417 0.573148 0.183333 0.112963
52 0.611458 0.575926 0.085417 0.044444
15 0.130227 0.824584 0.222396 0.250683
77 0.130227 0.735959 0.155579 0.043625
48 0.130729 0.859259 0.198958 0.133333
45 0.078646 0.897222 0.023958 0.031481
16 0.609319 0.260970 0.215669 0.243089
77 0.571004 0.175443 0.118205 0.042423
40 0.609375 0.297222 0.191667 0.131481
76 0.678646 0.176852 0.028125 0.035185
8 0.141379 0.546062 0.221590 0.243763
77 0.181968 0.459365 0.112500 0.043601
46 0.138542 0.577778 0.193750 0.122222
47 0.165104 0.577778 0.119792 0.077778
14 0.854223 0.540045 0.217736 0.239526
77 0.854223 0.456398 0.115990 0.040741
64 0.856250 0.569444 0.091667 0.116667
70 0.840104 0.573148 0.048958 0.061111
23 0.915625 0.450926 0.018750 0.024074
16 0.854433 0.268811 0.214391 0.244273
77 0.826313 0.180738 0.137317 0.040741
60 0.853646 0.295370 0.178125 0.127778
62 0.920833 0.179630 0.022917 0.029630
14 0.370126 0.556719 0.217952 0.247055
77 0.370126 0.474737 0.139010 0.044229
42 0.369271 0.591667 0.103125 0.131481
7 0.377591 0.826931 0.225602 0.248883
77 0.378579 0.736241 0.166424 0.040741
72 0.375000 0.859259 0.102083 0.129630
17 0.372890 0.271766 0.218311 0.238691
77 0.389485 0.194609 0.140661 0.044227
52 0.374479 0.310185 0.190625 0.120370
45 0.339583 0.285185 0.022917 0.029630
12 0.130403 0.264587 0.222622 0.242819
77 0.118241 0.179554 0.112500 0.040741
29 0.133333 0.299074 0.089583 0.112963
