77 0.500000 0.146281 0.640000 0.069181
19 0.141435 0.274630 0.220624 0.246630
77 0.147975 0.190188 0.151020 0.043656
48 0.142708 0.310185 0.187500 0.124074
89 0.201042 0.289815 0.039583 0.050000
76 0.217708 0.187963 0.025000 0.031481
17 0.377172 0.826231 0.217468 0.238759
77 0.347576 0.747007 0.137443 0.040741
46 0.378125 0.856481 0.193750 0.112963
83 0.421354 0.862037 0.103125 0.064815
10 0.134712 0.543149 0.214539 0.243654
77 0.134712 0.456813 0.149695 0.040741
26 0.134375 0.575926 0.179167 0.125926
80 0.161458 0.550000 0.110417 0.062963
28 0.202604 0.456481 0.023958 0.031481
13 0.139357 0.824691 0.225073 0.237866
77 0.145556 0.743634 0.142899 0.046770
22 0.138542 0.859259 0.197917 0.125926
42 0.102083 0.893519 0.025000 0.031481
20 0.854551 0.546819 0.222765 0.244022
77 0.854551 0.466345 0.160507 0.048588
55 0.852604 0.586111 0.190625 0.124074
31 0.925000 0.462037 0.027083 0.035185
7 0.619420 0.540511 0.219534 0.242094
77 0.619420 0.455228 0.117776 0.040741
74 0.618750 0.571296 0.083333 0.105556
78 0.618750 0.579630 0.056250 0.055556
30 0.681771 0.452778 0.021875 0.027778
19 0.619674 0.266285 0.226156 0.253128
77 0.618319 0.177827 0.173733 0.040741
72 0.617188 0.304630 0.094792 0.120370
17 0.373231 0.544938 0.214406 0.238723
77 0.352199 0.461436 0.151408 0.043265
79 0.372396 0.573148 0.188542 0.131481
11 0.861595 0.269790 0.220774 0.251864
77 0.854811 0.183134 0.112500 0.045664
25 0.864062 0.303704 0.086458 0.111111
29 0.876563 0.276852 0.021875 0.027778
28 0.929167 0.181481 0.027083 0.033333
17 0.380435 0.256538 0.220527 0.239120
77 0.336838 0.173200 0.112500 0.040741
1 0.383854 0.289815 0.192708 0.112963
59 0.356250 0.270370 0.125000 0.051852
