77 0.500000 0.070966 0.520000 0.082674
11 0.138717 0.821342 0.218354 0.240760
77 0.101441 0.740855 0.112500 0.040741
13 0.141667 0.857407 0.187500 0.129630
0 0.108333 0.887963 0.093750 0.053704
7 0.379395 0.835785 0.222494 0.255238
77 0.379395 0.742097 0.128446 0.041686
33 0.380208 0.865741 0.112500 0.142593
17 0.359375 0.894444 0.052083 0.066667
15 0.137713 0.548049 0.216664 0.239920
77 0.117691 0.464154 0.155787 0.040741
31 0.136458 0.582407 0.091667 0.116667
54 0.140104 0.587963 0.048958 0.057407
11 0.618396 0.262441 0.223267 0.248494
77 0.609066 0.180020 0.174046 0.047662
59 0.619271 0.300000 0.198958 0.111111
90 0.652083 0.288889 0.104167 0.040741
9 0.864700 0.263024 0.225882 0.253205
77 0.864700 0.180185 0.157568 0.048782
32 0.864583 0.300926 0.083333 0.105556
20 0.621426 0.542616 0.218755 0.248799
77 0.621426 0.456339 0.168310 0.049193
27 0.621875 0.575926 0.093750 0.118519
68 0.644792 0.589815 0.043750 0.061111
28 0.692708 0.455556 0.029167 0.037037
16 0.373629 0.553908 0.215471 0.244014
77 0.373753 0.466781 0.137145 0.040741
37 0.376563 0.587963 0.103125 0.131481
8 0.131025 0.262041 0.215092 0.251590
77 0.101451 0.173180 0.118921 0.043007
82 0.130208 0.288889 0.189583 0.140741
25 0.178125 0.251852 0.037500 0.048148
9 0.858270 0.552899 0.215231 0.254402
77 0.837084 0.466209 0.112500 0.043692
68 0.855729 0.584259 0.184375 0.131481
18 0.377037 0.260588 0.221309 0.240667
77 0.349896 0.177453 0.146193 0.041072
55 0.377083 0.292593 0.195833 0.125926
67 0.377083 0.282407 0.097917 0.072222
29 0.454688 0.174074 0.023958 0.029630
