77 0.500000 0.072522 0.520000 0.085784
12 0.857881 0.237680 0.233357 0.175042
77 0.857881 0.186333 0.148985 0.040741
79 0.859896 0.265741 0.205208 0.068519
19 0.498786 0.802337 0.444995 0.306763
77 0.505679 0.691947 0.330535 0.057674
55 0.500521 0.838889 0.419792 0.188889
28 0.623437 0.793519 0.036458 0.046296
12 0.135283 0.247930 0.233687 0.182892
77 0.123628 0.195694 0.124797 0.040741
59 0.134375 0.276852 0.204167 0.064815
27 0.207292 0.191667 0.025000 0.031481
13 0.134883 0.864397 0.231003 0.174528
77 0.174789 0.815142 0.130357 0.040741
9 0.137500 0.899074 0.202083 0.046296
15 0.861218 0.856794 0.243311 0.167732
77 0.861218 0.809280 0.131697 0.040741
74 0.859375 0.886111 0.033333 0.042593
2 0.865104 0.881481 0.017708 0.025926
13 0.500000 0.388011 0.447422 0.472318
77 0.500000 0.200573 0.311806 0.062963
10 0.500521 0.438889 0.417708 0.318519
29 0.589583 0.548148 0.037500 0.048148
27 0.666667 0.184259 0.020833 0.027778
14 0.138947 0.455281 0.234170 0.181547
77 0.164842 0.398308 0.161548 0.040741
15 0.140104 0.485185 0.209375 0.059259
40 0.194271 0.485185 0.082292 0.033333
8 0.861908 0.449931 0.244962 0.181638
77 0.842842 0.395701 0.185995 0.040741
5 0.860938 0.481481 0.211458 0.055556
48 0.895312 0.475926 0.126042 0.025926
31 0.936979 0.388889 0.017708 0.022222
20 0.853019 0.659243 0.231206 0.180977
77 0.853019 0.606433 0.119610 0.040741
82 0.852083 0.688889 0.202083 0.070370
18 0.140609 0.670758 0.240780 0.190935
77 0.122681 0.613012 0.148541 0.040741
70 0.143750 0.703704 0.210417 0.085185
