77 0.500000 0.068127 0.520000 0.076995
14 0.854982 0.264871 0.222674 0.242876
77 0.833840 0.178797 0.159558 0.040741
38 0.856771 0.293519 0.192708 0.120370
82 0.851562 0.290741 0.080208 0.044444
28 0.923958 0.174074 0.016667 0.022222
12 0.370296 0.837746 0.218726 0.245584
77 0.370296 0.755114 0.112500 0.044425
31 0.368229 0.875926 0.092708 0.118519
27 0.354167 0.905556 0.022917 0.029630
7 0.137397 0.269894 0.223805 0.253868
77 0.137397 0.182323 0.112500 0.049081
37 0.134896 0.304630 0.101042 0.127778
46 0.129167 0.293519 0.058333 0.075926
7 0.373197 0.549988 0.217223 0.248154
77 0.414706 0.465872 0.113371 0.040741
7 0.371354 0.580556 0.186458 0.135185
16 0.130596 0.546590 0.222679 0.238541
77 0.130596 0.462978 0.139538 0.045262
19 0.133333 0.579630 0.191667 0.114815
27 0.100521 0.602778 0.021875 0.027778
7 0.860212 0.548242 0.223309 0.244696
77 0.894380 0.466180 0.112500 0.040741
76 0.858333 0.581481 0.095833 0.122222
48 0.871875 0.574074 0.062500 0.074074
28 0.935937 0.457407 0.019792 0.025926
14 0.616859 0.271168 0.217297 0.238808
77 0.587392 0.191831 0.137530 0.040741
43 0.618229 0.305556 0.092708 0.118519
31 0.679688 0.182407 0.015625 0.020370
14 0.614853 0.540356 0.217628 0.244246
77 0.653980 0.460027 0.118542 0.044390
16 0.616146 0.576852 0.192708 0.131481
58 0.582292 0.558333 0.114583 0.061111
31 0.683854 0.453704 0.026042 0.033333
12 0.127886 0.828870 0.215547 0.249784
77 0.168993 0.744838 0.112500 0.043283
22 0.129688 0.866667 0.186458 0.133333
73 0.133854 0.857407 0.026042 0.033333
76 0.193750 0.741667 0.027083 0.035185
16 0.378897 0.273499 0.222000 0.251516
77 0.378897 0.185386 0.161219 0.043042
82 0.378646 0.299074 0.196875 0.138889
54 0.418229 0.281481 0.109375 0.077778
