77 0.500000 0.131611 0.640000 0.064173
9 0.159252 0.453411 0.266161 0.176661
77 0.198410 0.400006 0.167012 0.040741
25 0.158333 0.487037 0.052083 0.066667
26 0.163542 0.489815 0.025000 0.035185
62 0.241146 0.396296 0.019792 0.025926
12 0.152322 0.240199 0.254038 0.189316
77 0.196838 0.183389 0.138244 0.040741
27 0.153125 0.275000 0.047917 0.061111
10 0.158854 0.282407 0.021875 0.027778
7 0.150751 0.647318 0.257705 0.171810
77 0.150751 0.598152 0.193070 0.040741
65 0.151042 0.672222 0.229167 0.059259
87 0.117708 0.666667 0.150000 0.037037
20 0.152966 0.870254 0.263928 0.175254
77 0.105993 0.820516 0.149149 0.040741
16 0.152083 0.900926 0.237500 0.053704
19 0.210938 0.900000 0.019792 0.025926
28 0.240104 0.812963 0.017708 0.022222
18 0.852877 0.239986 0.265466 0.185267
77 0.848833 0.187349 0.193290 0.040741
85 0.852083 0.274074 0.233333 0.077778
7 0.911979 0.274074 0.019792 0.025926
8 0.848629 0.660059 0.264127 0.177929
77 0.848629 0.611695 0.158845 0.040741
71 0.848958 0.689815 0.235417 0.072222
52 0.848958 0.688889 0.139583 0.029630
62 0.930208 0.602778 0.020833 0.027778
20 0.856181 0.446547 0.266769 0.177454
77 0.856181 0.392707 0.176653 0.040741
17 0.855729 0.479630 0.230208 0.062963
7 0.500000 0.387049 0.407665 0.470395
77 0.500000 0.202629 0.269421 0.062963
62 0.498437 0.436111 0.248958 0.316667
20 0.562500 0.381481 0.047917 0.181481
37 0.635938 0.188889 0.023958 0.029630
7 0.501299 0.806707 0.410262 0.308101
77 0.476650 0.693577 0.278999 0.044274
55 0.501563 0.844444 0.384375 0.192593
45 0.496354 0.837963 0.034375 0.042593
13 0.845361 0.858361 0.253608 0.170683
77 0.872379 0.813144 0.168596 0.040741
41 0.845833 0.898148 0.035417 0.044444
27 0.921354 0.804630 0.019792 0.024074
