77 0.500000 0.076769 0.520000 0.094279
8 0.622705 0.258869 0.218803 0.240251
77 0.663608 0.174174 0.116163 0.040741
82 0.625521 0.296296 0.188542 0.129630
30 0.691146 0.170370 0.019792 0.025926
10 0.131996 0.833620 0.222504 0.250197
77 0.122020 0.745667 0.118532 0.044305
5 0.131771 0.865741 0.192708 0.146296
76 0.126562 0.861111 0.028125 0.037037
14 0.619130 0.549612 0.222683 0.237908
77 0.619130 0.471392 0.141166 0.046154
14 0.618229 0.584259 0.196875 0.127778
17 0.860182 0.548426 0.223473 0.239335
77 0.897492 0.463987 0.128020 0.043613
28 0.859896 0.580556 0.088542 0.112963
57 0.847917 0.595370 0.056250 0.068519
17 0.378656 0.543206 0.214803 0.244821
77 0.358070 0.459236 0.138499 0.043042
58 0.379688 0.579630 0.190625 0.129630
17 0.127774 0.259008 0.217348 0.239553
77 0.127774 0.179851 0.130774 0.040741
15 0.128125 0.288889 0.183333 0.125926
76 0.201563 0.175926 0.028125 0.037037
13 0.131916 0.554233 0.220379 0.251037
77 0.131916 0.464642 0.112500 0.040865
59 0.132812 0.583333 0.188542 0.151852
32 0.093750 0.537963 0.031250 0.038889
28 0.206771 0.459259 0.017708 0.022222
16 0.858185 0.273483 0.223146 0.245424
77 0.858185 0.187054 0.139999 0.042574
44 0.856771 0.307407 0.096875 0.122222
69 0.833854 0.317593 0.040625 0.075926
62 0.923958 0.187963 0.025000 0.031481
9 0.381170 0.825560 0.226530 0.237311
77 0.381170 0.746608 0.144197 0.040741
30 0.381771 0.858333 0.080208 0.101852
0 0.390104 0.835185 0.053125 0.037037
15 0.372715 0.269165 0.223473 0.242430
77 0.339507 0.190366 0.136224 0.046677
48 0.375000 0.305556 0.191667 0.118519
90 0.419271 0.326852 0.090625 0.057407
