77 0.500000 0.076747 0.520000 0.094234
8 0.156222 0.864253 0.258414 0.176992
77 0.175537 0.815019 0.179862 0.040741
82 0.156771 0.900000 0.236458 0.062963
80 0.119792 0.909259 0.141667 0.025926
63 0.243750 0.809259 0.022917 0.029630
19 0.143520 0.244279 0.246916 0.191820
77 0.200312 0.186700 0.112500 0.040741
75 0.143750 0.276852 0.222917 0.083333
31 0.201563 0.294444 0.017708 0.022222
17 0.849373 0.241626 0.253230 0.174865
77 0.849373 0.192072 0.127799 0.040741
14 0.850000 0.276852 0.218750 0.064815
73 0.787500 0.271296 0.018750 0.024074
18 0.499653 0.815487 0.418184 0.297648
77 0.540710 0.709768 0.315235 0.049156
52 0.498958 0.852778 0.391667 0.179630
19 0.500000 0.395982 0.418878 0.488260
77 0.500000 0.196760 0.294712 0.062963
25 0.501042 0.449074 0.260417 0.331481
11 0.148036 0.454347 0.246099 0.192035
77 0.148036 0.396283 0.122153 0.040741
87 0.144792 0.486111 0.214583 0.075926
77 0.179688 0.465741 0.109375 0.009259
28 0.220312 0.395370 0.028125 0.035185
15 0.143922 0.655852 0.248822 0.185592
77 0.143922 0.596510 0.176610 0.040741
81 0.144792 0.684259 0.225000 0.068519
14 0.851329 0.870392 0.247886 0.181906
77 0.832180 0.817800 0.188755 0.040741
17 0.848958 0.899074 0.216667 0.061111
12 0.845255 0.442845 0.249962 0.172944
77 0.882849 0.395216 0.149684 0.040741
55 0.847396 0.474074 0.217708 0.051852
36 0.818750 0.469444 0.141667 0.027778
11 0.849971 0.651672 0.252170 0.179327
77 0.849971 0.597425 0.125176 0.040741
41 0.846875 0.687037 0.043750 0.055556
51 0.856250 0.698148 0.018750 0.029630
