77 0.500000 0.072472 0.380000 0.066283
19 0.372606 0.539802 0.223801 0.238865
77 0.372606 0.462582 0.114120 0.044099
30 0.372917 0.573148 0.091667 0.116667
11 0.132773 0.829599 0.221813 0.250807
77 0.132773 0.743823 0.159134 0.045907
35 0.134896 0.869444 0.088542 0.112963
51 0.147917 0.876852 0.056250 0.053704
14 0.612680 0.271671 0.220999 0.251465
77 0.597399 0.181322 0.169605 0.040741
80 0.613021 0.304630 0.186458 0.127778
57 0.585938 0.337037 0.123958 0.044444
9 0.855832 0.551513 0.221230 0.244860
77 0.855832 0.469620 0.134454 0.040741
61 0.852083 0.576852 0.191667 0.127778
17 0.382467 0.829145 0.221719 0.244617
77 0.342666 0.746889 0.121284 0.040741
70 0.380729 0.856481 0.192708 0.127778
11 0.343229 0.876852 0.036458 0.046296
10 0.136222 0.258876 0.225545 0.244555
77 0.170875 0.177183 0.135406 0.040741
87 0.135417 0.296296 0.197917 0.118519
36 0.096354 0.313889 0.111458 0.046296
18 0.373768 0.277536 0.215456 0.254380
77 0.373768 0.185888 0.156070 0.040741
68 0.376042 0.306481 0.183333 0.150000
20 0.323958 0.312963 0.022917 0.085185
13 0.619238 0.538292 0.214954 0.237221
77 0.641135 0.460315 0.150327 0.043167
10 0.622396 0.570370 0.186458 0.125926
23 0.651042 0.544444 0.022917 0.029630
19 0.138731 0.545549 0.224970 0.241537
77 0.157787 0.461611 0.163684 0.040741
77 0.141146 0.579630 0.182292 0.014815
19 0.851407 0.274492 0.216310 0.246542
77 0.851407 0.185408 0.155639 0.040741
19 0.853125 0.307407 0.187500 0.133333
