77 0.500000 0.082910 0.380000 0.061919
15 0.849812 0.552327 0.214361 0.253890
77 0.874148 0.468515 0.144857 0.047356
2 0.848437 0.591667 0.186458 0.135185
13 0.375389 0.555567 0.222116 0.243400
77 0.375389 0.473187 0.150682 0.046671
14 0.376563 0.586111 0.190625 0.127778
50 0.432292 0.612037 0.072917 0.053704
8 0.371970 0.261055 0.223148 0.247010
77 0.371970 0.173570 0.129281 0.045342
18 0.373958 0.293519 0.193750 0.124074
69 0.321875 0.271296 0.081250 0.064815
8 0.370832 0.823737 0.215353 0.242350
77 0.370832 0.737698 0.128794 0.041420
16 0.371354 0.858333 0.192708 0.120370
17 0.862894 0.264036 0.223403 0.242105
77 0.880712 0.180253 0.151614 0.040741
53 0.863542 0.291667 0.083333 0.105556
57 0.864583 0.294444 0.056250 0.037037
18 0.136184 0.836155 0.214676 0.243962
77 0.152448 0.750627 0.137689 0.040748
55 0.133854 0.869444 0.186458 0.116667
8 0.613666 0.542983 0.222355 0.249263
77 0.572043 0.458107 0.118275 0.045311
24 0.611979 0.579630 0.098958 0.125926
30 0.592708 0.549074 0.025000 0.031481
10 0.624237 0.278919 0.221895 0.254717
77 0.624237 0.191242 0.132228 0.044444
85 0.622917 0.311111 0.197917 0.129630
87 0.617188 0.300926 0.082292 0.075926
30 0.701562 0.184259 0.021875 0.027778
20 0.139669 0.549600 0.226033 0.240371
77 0.123916 0.469732 0.163220 0.040741
83 0.138542 0.584259 0.202083 0.127778
43 0.089063 0.544444 0.026042 0.033333
10 0.132457 0.268240 0.219965 0.251057
77 0.152397 0.187099 0.150121 0.049793
43 0.133854 0.308333 0.086458 0.109259
62 0.210417 0.175926 0.022917 0.029630
