77 0.500000 0.064894 0.380000 0.065298
10 0.377271 0.257918 0.219492 0.240044
77 0.377271 0.180571 0.142776 0.045785
76 0.378646 0.292593 0.090625 0.114815
18 0.378704 0.825111 0.219069 0.250661
77 0.378704 0.740469 0.158240 0.047141
58 0.378646 0.861111 0.186458 0.137037
15 0.855691 0.263677 0.224253 0.238437
77 0.901150 0.184710 0.112500 0.040741
56 0.855729 0.292593 0.190625 0.125926
27 0.826042 0.318519 0.022917 0.029630
9 0.865033 0.549781 0.224075 0.245986
77 0.891027 0.461999 0.151253 0.040741
47 0.866146 0.581481 0.194792 0.125926
10 0.131710 0.266426 0.214792 0.239265
77 0.131710 0.188213 0.137946 0.046535
57 0.133854 0.298148 0.186458 0.129630
32 0.086458 0.265741 0.025000 0.031481
76 0.197396 0.183333 0.026042 0.033333
13 0.618225 0.553625 0.217446 0.249974
77 0.618225 0.465881 0.164344 0.042481
46 0.618750 0.590741 0.189583 0.137037
12 0.618422 0.260554 0.225036 0.242942
77 0.618422 0.179888 0.122427 0.047506
18 0.618750 0.295370 0.197917 0.112963
29 0.698438 0.170370 0.017708 0.022222
12 0.137119 0.545130 0.223207 0.249432
77 0.137119 0.457558 0.114076 0.042006
40 0.136979 0.579630 0.194792 0.129630
11 0.371067 0.539033 0.219310 0.239825
77 0.412887 0.455711 0.112500 0.042651
90 0.370312 0.565741 0.192708 0.124074
13 0.139054 0.823526 0.225445 0.240017
77 0.092998 0.743385 0.112500 0.040741
55 0.141146 0.863889 0.196875 0.120370
41 0.103125 0.904630 0.025000 0.031481
