77 0.785919 0.069693 0.374731 0.072720
16 0.373069 0.828008 0.216252 0.252093
77 0.332064 0.739685 0.113407 0.045587
12 0.376042 0.868519 0.187500 0.133333
71 0.381250 0.866667 0.097917 0.085185
12 0.861965 0.277513 0.225580 0.251492
77 0.861965 0.188566 0.112500 0.041051
31 0.860938 0.302778 0.107292 0.135185
8 0.131512 0.551350 0.224950 0.252859
77 0.131512 0.459690 0.112500 0.041468
84 0.130729 0.581481 0.190625 0.137037
11 0.613108 0.277014 0.214401 0.252123
77 0.613108 0.186813 0.146802 0.040741
73 0.613542 0.311111 0.093750 0.118519
24 0.635938 0.284259 0.021875 0.027778
20 0.618938 0.556232 0.215327 0.254523
77 0.618938 0.473395 0.156247 0.048857
9 0.619792 0.595370 0.187500 0.124074
73 0.587500 0.571296 0.025000 0.031481
19 0.867163 0.545139 0.226422 0.249440
77 0.867163 0.456965 0.121194 0.045146
14 0.869792 0.584259 0.195833 0.127778
23 0.946875 0.451852 0.016667 0.022222
8 0.129628 0.262471 0.217562 0.239391
77 0.106463 0.183003 0.112500 0.042637
71 0.128646 0.290741 0.188542 0.118519
58 0.087500 0.314815 0.089583 0.048148
16 0.141702 0.821127 0.220918 0.242238
77 0.141702 0.739812 0.119575 0.040741
4 0.142187 0.853704 0.190625 0.129630
49 0.185417 0.872222 0.085417 0.081481
29 0.209375 0.736111 0.025000 0.031481
12 0.383598 0.538669 0.225395 0.237795
77 0.423731 0.460629 0.112500 0.042887
90 0.382292 0.570370 0.193750 0.122222
61 0.408854 0.545370 0.121875 0.057407
14 0.376339 0.261773 0.225388 0.239123
77 0.376339 0.178799 0.146252 0.040741
74 0.373437 0.291667 0.103125 0.131481
