77 0.232694 0.073111 0.415388 0.079555
11 0.830524 0.873480 0.280771 0.188454
77 0.830524 0.819940 0.200169 0.040741
6 0.828646 0.902778 0.248958 0.068519
13 0.501105 0.869910 0.353646 0.202806
77 0.449626 0.807456 0.197213 0.040741
26 0.499479 0.900926 0.321875 0.101852
82 0.567187 0.887963 0.180208 0.061111
11 0.837629 0.230054 0.285786 0.169633
77 0.837629 0.181073 0.130639 0.040741
74 0.836979 0.257407 0.040625 0.051852
30 0.943750 0.179630 0.022917 0.029630
10 0.833394 0.450024 0.289739 0.185160
77 0.833394 0.393017 0.203288 0.040741
90 0.832292 0.480556 0.264583 0.064815
11 0.170334 0.451559 0.292747 0.178834
77 0.170334 0.395660 0.175625 0.040741
23 0.168750 0.480556 0.039583 0.050000
46 0.166667 0.481481 0.027083 0.025926
18 0.166385 0.659108 0.285533 0.176585
77 0.166385 0.605998 0.126602 0.040741
7 0.165625 0.691667 0.262500 0.050000
62 0.107292 0.699074 0.018750 0.024074
13 0.824583 0.653153 0.278674 0.183998
77 0.819947 0.600532 0.199535 0.040741
21 0.821875 0.687037 0.247917 0.070370
71 0.773438 0.687037 0.136458 0.037037
11 0.171408 0.233821 0.288199 0.175942
77 0.171408 0.179218 0.215622 0.040741
44 0.169792 0.261111 0.041667 0.051852
32 0.276042 0.180556 0.025000 0.031481
17 0.500000 0.443714 0.351436 0.583724
77 0.500000 0.202795 0.254433 0.062963
66 0.502604 0.504630 0.321875 0.412963
1 0.503125 0.514815 0.156250 0.185185
18 0.172064 0.871049 0.291563 0.176770
77 0.172064 0.818670 0.211228 0.040741
65 0.170833 0.903704 0.262500 0.059259
23 0.108854 0.905556 0.017708 0.022222
31 0.272396 0.814815 0.017708 0.022222
