77 0.500000 0.146991 0.640000 0.074686
12 0.617255 0.277298 0.224545 0.250580
77 0.629729 0.192355 0.130786 0.048476
10 0.615104 0.317593 0.198958 0.124074
80 0.584896 0.293519 0.119792 0.068519
63 0.690625 0.190741 0.027083 0.033333
14 0.854422 0.273987 0.220589 0.252198
77 0.860481 0.190871 0.161397 0.049424
8 0.854688 0.317593 0.190625 0.127778
37 0.919792 0.180556 0.020833 0.027778
20 0.612765 0.544371 0.218315 0.252589
77 0.655256 0.458523 0.112500 0.047310
50 0.615104 0.580556 0.190625 0.124074
20 0.372953 0.551350 0.225345 0.245551
77 0.417344 0.463292 0.115729 0.040741
5 0.369792 0.580556 0.197917 0.127778
78 0.366667 0.587037 0.133333 0.044444
10 0.377813 0.265265 0.217823 0.247423
77 0.367852 0.175814 0.147775 0.042416
84 0.381250 0.300926 0.187500 0.127778
49 0.407813 0.292593 0.111458 0.074074
11 0.859798 0.549187 0.220381 0.248383
77 0.874637 0.463840 0.169870 0.044529
62 0.861979 0.584259 0.094792 0.120370
11 0.379387 0.827852 0.225426 0.245347
77 0.379387 0.742166 0.122205 0.041291
12 0.381771 0.852778 0.192708 0.127778
15 0.133226 0.556401 0.216270 0.248325
77 0.133226 0.469224 0.120473 0.046702
66 0.132812 0.588889 0.188542 0.129630
82 0.088542 0.613889 0.072917 0.064815
62 0.208854 0.462037 0.015625 0.020370
18 0.143263 0.275003 0.224596 0.246881
77 0.155019 0.190416 0.138765 0.040741
30 0.143750 0.307407 0.087500 0.111111
11 0.152604 0.284259 0.030208 0.038889
19 0.129236 0.835876 0.215966 0.255001
77 0.148496 0.745204 0.156613 0.040741
90 0.129688 0.874074 0.188542 0.137037
83 0.091146 0.885185 0.094792 0.085185
62 0.203646 0.745370 0.028125 0.035185
