77 0.500000 0.078301 0.380000 0.072362
10 0.137356 0.263991 0.220168 0.245890
77 0.137356 0.181090 0.112500 0.040741
90 0.137500 0.297222 0.185417 0.116667
63 0.180208 0.266667 0.022917 0.029630
12 0.857888 0.272395 0.214477 0.246930
77 0.874241 0.189645 0.160938 0.044830
0 0.856771 0.306481 0.180208 0.138889
28 0.933854 0.187037 0.026042 0.033333
14 0.129591 0.548904 0.216700 0.255342
77 0.129591 0.458074 0.134280 0.042997
45 0.129688 0.578704 0.103125 0.131481
76 0.133333 0.567593 0.025000 0.031481
20 0.370678 0.273088 0.219709 0.245884
77 0.353694 0.190632 0.122443 0.040741
78 0.372396 0.304630 0.188542 0.142593
20 0.143969 0.822648 0.225672 0.246622
77 0.099865 0.738271 0.112500 0.040781
8 0.143229 0.853704 0.194792 0.133333
53 0.084896 0.875926 0.034375 0.044444
16 0.375245 0.551285 0.216468 0.241292
77 0.410651 0.471629 0.112500 0.043857
46 0.378646 0.586111 0.186458 0.127778
7 0.372214 0.836410 0.218779 0.254334
77 0.379702 0.748695 0.159449 0.040741
10 0.375521 0.865741 0.190625 0.131481
67 0.376042 0.873148 0.108333 0.050000
37 0.448437 0.739815 0.019792 0.024074
15 0.855959 0.545886 0.224891 0.248315
77 0.878396 0.458622 0.159184 0.040741
69 0.854688 0.579630 0.192708 0.137037
83 0.903125 0.562037 0.083333 0.050000
19 0.612678 0.273514 0.221961 0.254154
77 0.612678 0.185587 0.112500 0.041459
17 0.613542 0.310185 0.193750 0.138889
28 0.681250 0.176852 0.016667 0.020370
17 0.614106 0.552045 0.223379 0.250880
77 0.614106 0.468694 0.139794 0.047203
86 0.614062 0.587037 0.194792 0.140741
82 0.659375 0.604630 0.085417 0.072222
