77 0.727516 0.069944 0.376293 0.073221
9 0.372068 0.265610 0.220601 0.251781
77 0.372068 0.178765 0.154157 0.045952
39 0.372917 0.300000 0.191667 0.144444
47 0.333333 0.311111 0.085417 0.081481
11 0.134647 0.825871 0.224500 0.251908
77 0.134647 0.738404 0.154707 0.040741
31 0.132812 0.860185 0.101042 0.127778
65 0.129688 0.855556 0.067708 0.077778
15 0.862544 0.537858 0.224062 0.239661
77 0.903134 0.457269 0.122049 0.040741
57 0.861979 0.562963 0.198958 0.125926
19 0.128192 0.552264 0.215815 0.250166
77 0.116430 0.466656 0.159475 0.041189
44 0.126562 0.586111 0.094792 0.120370
20 0.382643 0.821869 0.225645 0.238268
77 0.407080 0.736389 0.155939 0.040741
46 0.381250 0.850000 0.195833 0.129630
32 0.454688 0.737963 0.023958 0.031481
17 0.624505 0.549569 0.226202 0.250304
77 0.594092 0.462432 0.144543 0.047261
71 0.628125 0.587963 0.197917 0.135185
32 0.700521 0.463889 0.028125 0.035185
12 0.127095 0.270209 0.214767 0.239380
77 0.154643 0.187292 0.138836 0.040741
14 0.131250 0.302778 0.185417 0.124074
70 0.100521 0.288889 0.098958 0.062963
15 0.375492 0.555009 0.221001 0.249714
77 0.395656 0.468301 0.159840 0.046945
4 0.375521 0.592593 0.186458 0.129630
62 0.450521 0.462037 0.019792 0.024074
10 0.859518 0.269569 0.225836 0.250147
77 0.859518 0.186471 0.115300 0.048207
50 0.860417 0.300000 0.197917 0.133333
59 0.906771 0.276852 0.078125 0.068519
19 0.609184 0.279828 0.215479 0.255252
77 0.609184 0.193648 0.152080 0.046032
63 0.607292 0.318519 0.087500 0.111111
90 0.619792 0.328704 0.052083 0.050000
