77 0.500000 0.060701 0.380000 0.068178
9 0.381853 0.549631 0.222911 0.254167
77 0.381853 0.458220 0.137698 0.040741
28 0.384375 0.583333 0.100000 0.125926
2 0.366146 0.563889 0.044792 0.046296
10 0.623641 0.541686 0.220823 0.242268
77 0.587015 0.454374 0.112500 0.040741
86 0.623437 0.565741 0.192708 0.131481
13 0.138749 0.547777 0.219234 0.248682
77 0.095799 0.463752 0.112500 0.048997
75 0.138542 0.581481 0.193750 0.122222
32 0.112500 0.606481 0.025000 0.031481
14 0.368163 0.840881 0.216427 0.253217
77 0.389923 0.754868 0.147507 0.043694
38 0.366146 0.869444 0.188542 0.135185
50 0.393229 0.887963 0.126042 0.053704
29 0.439063 0.747222 0.021875 0.027778
10 0.858063 0.552028 0.219150 0.242109
77 0.820383 0.467143 0.122955 0.045420
90 0.856771 0.587963 0.192708 0.116667
76 0.882812 0.558333 0.021875 0.027778
18 0.127506 0.840006 0.214855 0.250582
77 0.145828 0.754240 0.157376 0.048599
26 0.129688 0.879630 0.186458 0.133333
18 0.092188 0.877778 0.059375 0.074074
18 0.620128 0.267459 0.225714 0.255050
77 0.594380 0.181162 0.153384 0.042680
52 0.620313 0.303704 0.194792 0.137037
73 0.615104 0.312037 0.023958 0.031481
8 0.377825 0.264984 0.215148 0.251567
77 0.402301 0.182832 0.112500 0.049659
80 0.378125 0.307407 0.191667 0.122222
44 0.344271 0.277778 0.023958 0.029630
30 0.444792 0.169444 0.018750 0.024074
16 0.133246 0.267503 0.217687 0.254220
77 0.119500 0.174255 0.113368 0.040741
68 0.130208 0.304630 0.187500 0.138889
11 0.857263 0.258034 0.224599 0.242321
77 0.852769 0.179021 0.152689 0.044219
50 0.856771 0.295370 0.194792 0.109259
11 0.823438 0.311111 0.040625 0.051852
