77 0.219223 0.072937 0.388447 0.079206
18 0.151747 0.242142 0.267302 0.188902
77 0.152528 0.186653 0.182114 0.040741
50 0.152083 0.273148 0.239583 0.068519
29 0.244792 0.181481 0.020833 0.025926
17 0.497874 0.817428 0.396639 0.291145
77 0.472767 0.709505 0.300498 0.045785
29 0.495312 0.846296 0.128125 0.162963
55 0.513542 0.874074 0.064583 0.077778
27 0.636979 0.710185 0.030208 0.038889
20 0.159414 0.862239 0.266508 0.176697
77 0.221356 0.811006 0.121790 0.040741
68 0.160417 0.894444 0.231250 0.074074
81 0.116667 0.902778 0.122917 0.042593
19 0.848940 0.445905 0.261475 0.183418
77 0.882919 0.394454 0.172683 0.040741
81 0.847396 0.475926 0.232292 0.062963
82 0.800000 0.469444 0.120833 0.031481
17 0.840479 0.656894 0.259712 0.180163
77 0.819436 0.607053 0.196793 0.040741
59 0.840625 0.695370 0.222917 0.053704
28 0.931250 0.600000 0.020833 0.025926
20 0.500000 0.396071 0.400890 0.488439
77 0.500000 0.202691 0.234363 0.062963
36 0.501563 0.439815 0.373958 0.338889
8 0.149157 0.652040 0.255724 0.177710
77 0.126594 0.597481 0.180058 0.040741
54 0.149479 0.682407 0.230208 0.079630
20 0.851694 0.240710 0.269457 0.187017
77 0.851694 0.187730 0.184295 0.040741
27 0.850521 0.274074 0.048958 0.062963
15 0.842077 0.863227 0.254625 0.184986
77 0.842077 0.810230 0.156597 0.040741
25 0.841667 0.897222 0.056250 0.072222
69 0.832812 0.898148 0.032292 0.037037
9 0.153886 0.459527 0.258936 0.192951
77 0.118154 0.402137 0.166640 0.040741
77 0.154167 0.495370 0.206250 0.016667
