77 0.766455 0.076526 0.308651 0.086386
7 0.129699 0.835300 0.221141 0.241113
77 0.129699 0.752153 0.140256 0.040741
32 0.130729 0.872222 0.096875 0.122222
13 0.134654 0.539671 0.221605 0.242323
77 0.136352 0.455645 0.149582 0.040741
79 0.132812 0.570370 0.188542 0.129630
31 0.215104 0.456481 0.028125 0.035185
12 0.618675 0.261378 0.215799 0.238117
77 0.618675 0.181081 0.161212 0.047089
42 0.615625 0.296296 0.097917 0.125926
87 0.594792 0.273148 0.039583 0.061111
18 0.377267 0.268996 0.218450 0.242764
77 0.377267 0.183329 0.120044 0.043154
86 0.377083 0.303704 0.195833 0.129630
85 0.338542 0.318519 0.097917 0.055556
62 0.442708 0.176852 0.016667 0.020370
13 0.619712 0.546492 0.221773 0.253114
77 0.619712 0.459886 0.112500 0.046542
31 0.619792 0.577778 0.087500 0.111111
14 0.636458 0.572222 0.041667 0.051852
27 0.697917 0.456481 0.025000 0.031481
13 0.856935 0.267640 0.225627 0.239709
77 0.856935 0.182067 0.117823 0.040741
36 0.858333 0.296296 0.202083 0.125926
12 0.370866 0.556326 0.217868 0.249440
77 0.370866 0.470418 0.112500 0.046941
8 0.371354 0.587037 0.188542 0.137037
62 0.435937 0.466667 0.026042 0.033333
10 0.381928 0.832239 0.220904 0.245002
77 0.381928 0.750273 0.126187 0.040741
74 0.381771 0.867593 0.096875 0.124074
12 0.391667 0.901852 0.035417 0.044444
18 0.859556 0.546481 0.219781 0.251551
77 0.859334 0.457277 0.157814 0.041784
75 0.860938 0.575926 0.186458 0.144444
30 0.935937 0.458333 0.028125 0.035185
10 0.134736 0.259703 0.221413 0.242929
77 0.113585 0.173360 0.153171 0.040741
85 0.135937 0.288889 0.194792 0.137037
