77 0.500000 0.134545 0.640000 0.076534
17 0.498602 0.837455 0.357546 0.220069
77 0.526039 0.761310 0.167313 0.041142
63 0.495833 0.860185 0.083333 0.105556
72 0.480729 0.879630 0.019792 0.025926
19 0.157649 0.862317 0.278254 0.179405
77 0.114849 0.812622 0.169045 0.040741
23 0.157292 0.891667 0.039583 0.050000
38 0.163542 0.887037 0.025000 0.025926
7 0.169761 0.659787 0.288674 0.179367
77 0.195550 0.605464 0.216263 0.040741
21 0.169792 0.695370 0.252083 0.064815
18 0.841240 0.451619 0.283540 0.182379
77 0.780494 0.400315 0.141215 0.040741
36 0.841667 0.487963 0.260417 0.061111
37 0.763542 0.506481 0.018750 0.024074
8 0.828987 0.659128 0.274739 0.192131
77 0.828987 0.599051 0.181233 0.040741
17 0.828646 0.687037 0.244792 0.074074
67 0.790104 0.680556 0.140625 0.038889
62 0.930208 0.600000 0.027083 0.033333
11 0.166791 0.448921 0.284827 0.180142
77 0.214099 0.396670 0.169377 0.040741
52 0.164062 0.476852 0.257292 0.057407
10 0.831785 0.249048 0.283740 0.180865
77 0.831785 0.197744 0.165228 0.040741
15 0.831250 0.279630 0.247917 0.062963
37 0.890625 0.280556 0.018750 0.024074
31 0.921875 0.187963 0.016667 0.020370
11 0.500000 0.429110 0.360343 0.554517
77 0.500000 0.202128 0.164425 0.062963
46 0.500000 0.480556 0.329167 0.394444
9 0.441667 0.410185 0.168750 0.212963
16 0.158682 0.245111 0.280273 0.174681
77 0.158682 0.193614 0.149132 0.040741
1 0.159375 0.272222 0.250000 0.055556
13 0.834362 0.866989 0.275283 0.184780
77 0.800872 0.815300 0.187470 0.040741
85 0.833854 0.901852 0.251042 0.070370
32 0.932813 0.810185 0.023958 0.031481
