77 0.756552 0.073141 0.296082 0.079615
12 0.498441 0.816974 0.380460 0.295239
77 0.498441 0.716499 0.286806 0.055724
40 0.499479 0.860185 0.346875 0.153704
10 0.151060 0.858183 0.264368 0.169478
77 0.172676 0.811557 0.200303 0.040741
63 0.149479 0.890741 0.032292 0.040741
12 0.837099 0.853274 0.266475 0.167615
77 0.798865 0.803125 0.169174 0.040741
18 0.836458 0.880556 0.231250 0.061111
29 0.894792 0.895370 0.018750 0.024074
12 0.500000 0.398259 0.383578 0.492815
77 0.452403 0.199997 0.261827 0.062963
49 0.502604 0.438889 0.351042 0.348148
19 0.845379 0.656888 0.277596 0.177778
77 0.884470 0.608115 0.178581 0.040741
67 0.843229 0.688889 0.251042 0.059259
11 0.886979 0.698148 0.023958 0.029630
16 0.842700 0.451292 0.266806 0.174162
77 0.797775 0.401141 0.156122 0.040741
55 0.845833 0.485185 0.235417 0.066667
10 0.156742 0.652552 0.273669 0.177145
77 0.141041 0.601665 0.159499 0.040741
34 0.155729 0.688889 0.028125 0.055556
30 0.248958 0.599074 0.025000 0.031481
12 0.159222 0.453942 0.265740 0.187791
77 0.183760 0.394463 0.195831 0.040741
21 0.162500 0.488889 0.235417 0.077778
27 0.242708 0.390741 0.016667 0.022222
14 0.841822 0.247197 0.269363 0.192442
77 0.836105 0.189877 0.197725 0.040741
62 0.840625 0.280556 0.054167 0.068519
43 0.838021 0.285185 0.017708 0.022222
10 0.158734 0.233812 0.273462 0.170532
77 0.136392 0.189112 0.206077 0.040741
43 0.161979 0.266667 0.046875 0.059259
