77 0.713985 0.072493 0.355990 0.078320
10 0.617808 0.262944 0.220329 0.246260
77 0.617808 0.180000 0.149228 0.043804
69 0.620313 0.292593 0.194792 0.125926
56 0.585417 0.264815 0.112500 0.059259
62 0.692187 0.170370 0.017708 0.022222
18 0.857192 0.264368 0.226435 0.248525
77 0.871961 0.179363 0.176063 0.047963
52 0.856250 0.297222 0.202083 0.127778
37 0.922396 0.170370 0.017708 0.022222
10 0.371800 0.833973 0.220571 0.246361
77 0.375196 0.748653 0.157438 0.040741
54 0.370833 0.864815 0.191667 0.144444
11 0.136405 0.831026 0.218957 0.244696
77 0.149114 0.748836 0.122211 0.046105
28 0.134896 0.870370 0.082292 0.103704
17 0.142187 0.870370 0.042708 0.055556
37 0.200000 0.743519 0.025000 0.031481
16 0.135768 0.263105 0.220749 0.251577
77 0.135768 0.175292 0.112500 0.040741
78 0.134896 0.291667 0.188542 0.135185
68 0.087500 0.286111 0.077083 0.075926
62 0.212500 0.173148 0.025000 0.031481
8 0.383652 0.266036 0.224573 0.252620
77 0.422336 0.180206 0.126371 0.050359
18 0.382812 0.308333 0.190625 0.127778
19 0.623017 0.555784 0.226527 0.250127
77 0.623017 0.467547 0.112500 0.046697
24 0.622917 0.590741 0.102083 0.129630
62 0.642708 0.626852 0.025000 0.031481
20 0.133854 0.546347 0.224372 0.244526
77 0.088474 0.460263 0.112779 0.045562
58 0.132812 0.579630 0.196875 0.129630
11 0.379638 0.545909 0.222110 0.253380
77 0.379638 0.456754 0.112500 0.040741
29 0.380729 0.578704 0.103125 0.131481
68 0.377083 0.573148 0.062500 0.046296
15 0.863388 0.548139 0.224957 0.243716
77 0.863388 0.465966 0.165045 0.043274
68 0.863542 0.577778 0.191667 0.125926
8 0.865104 0.582407 0.036458 0.046296
