77 0.500000 0.131399 0.640000 0.065927
12 0.845344 0.670725 0.255549 0.193099
77 0.845344 0.610525 0.187991 0.040741
76 0.845313 0.698148 0.061458 0.077778
27 0.838542 0.691667 0.018750 0.024074
31 0.938021 0.610185 0.023958 0.031481
8 0.844837 0.230746 0.264643 0.168634
77 0.806033 0.184244 0.127066 0.040741
5 0.842708 0.262963 0.233333 0.055556
25 0.907813 0.262963 0.017708 0.022222
12 0.498827 0.865443 0.397495 0.199281
77 0.498827 0.800551 0.303723 0.040741
86 0.495312 0.892593 0.369792 0.100000
46 0.428646 0.867593 0.215625 0.038889
17 0.845635 0.858061 0.259949 0.174676
77 0.807193 0.807036 0.162232 0.040741
23 0.848958 0.881481 0.045833 0.059259
11 0.148848 0.461982 0.255901 0.193224
77 0.169937 0.399227 0.115026 0.040741
14 0.151042 0.493519 0.227083 0.087037
75 0.155208 0.492593 0.147917 0.044444
16 0.848027 0.451972 0.258011 0.178658
77 0.877868 0.403277 0.177495 0.040741
3 0.850521 0.485185 0.046875 0.048148
7 0.846875 0.489815 0.018750 0.024074
9 0.146615 0.666053 0.256450 0.184205
77 0.146615 0.611409 0.176209 0.040741
85 0.147396 0.697222 0.223958 0.057407
37 0.114062 0.693519 0.019792 0.024074
23 0.223958 0.608333 0.022917 0.027778
18 0.159349 0.241771 0.270336 0.185534
77 0.159349 0.188387 0.126962 0.040741
48 0.156250 0.268519 0.243750 0.066667
79 0.200521 0.255556 0.138542 0.025926
20 0.500000 0.445327 0.399842 0.586950
77 0.500000 0.196540 0.299588 0.062963
21 0.500000 0.497222 0.372917 0.431481
62 0.392708 0.660185 0.039583 0.050000
27 0.650000 0.186111 0.022917 0.027778
17 0.161350 0.871978 0.266917 0.182243
77 0.161350 0.821397 0.141113 0.040741
19 0.159375 0.901852 0.237500 0.066667
30 0.250521 0.814815 0.019792 0.025926
