77 0.500000 0.071133 0.520000 0.083006
20 0.497752 0.818376 0.341821 0.271613
77 0.576903 0.723219 0.162686 0.049390
46 0.497396 0.852778 0.315625 0.146296
61 0.452604 0.823148 0.207292 0.064815
10 0.826624 0.866426 0.285139 0.173118
77 0.826624 0.817071 0.140066 0.040741
80 0.828125 0.900926 0.260417 0.053704
43 0.873437 0.894444 0.017708 0.022222
20 0.174775 0.461353 0.293964 0.191542
77 0.234356 0.402736 0.133410 0.040741
47 0.175000 0.489815 0.270833 0.083333
25 0.093229 0.512963 0.019792 0.025926
14 0.171770 0.247107 0.291401 0.180827
77 0.163009 0.196676 0.161237 0.040741
8 0.170313 0.276852 0.267708 0.072222
70 0.208333 0.279630 0.179167 0.033333
9 0.838026 0.659048 0.297587 0.174083
77 0.838026 0.608461 0.158129 0.040741
14 0.838021 0.690741 0.263542 0.044444
63 0.889062 0.690741 0.017708 0.022222
18 0.829393 0.457515 0.282788 0.189866
77 0.779970 0.397744 0.163109 0.040741
76 0.826562 0.485185 0.055208 0.070370
11 0.170033 0.658649 0.293837 0.170990
77 0.109900 0.612952 0.152739 0.040741
38 0.168750 0.690741 0.262500 0.048148
63 0.116146 0.694444 0.019792 0.025926
27 0.281250 0.610185 0.025000 0.031481
16 0.161910 0.872635 0.284147 0.184329
77 0.193833 0.816968 0.160754 0.040741
37 0.160938 0.904630 0.042708 0.053704
32 0.266667 0.812963 0.020833 0.025926
15 0.500000 0.406920 0.346316 0.510137
77 0.507021 0.196991 0.262006 0.062963
57 0.498437 0.458333 0.317708 0.353704
13 0.503125 0.450926 0.141667 0.179630
7 0.825706 0.239958 0.282214 0.175316
77 0.793530 0.189467 0.197030 0.040741
54 0.824479 0.271296 0.248958 0.053704
53 0.768229 0.278704 0.019792 0.024074
23 0.915625 0.183333 0.016667 0.022222
