77 0.254854 0.075755 0.459709 0.084843
11 0.859947 0.875503 0.241260 0.191602
77 0.859947 0.816346 0.114030 0.040741
51 0.856250 0.907407 0.212500 0.077778
10 0.143831 0.661165 0.239179 0.187134
77 0.122382 0.604894 0.145460 0.040741
81 0.145313 0.693519 0.209375 0.079630
42 0.093750 0.682407 0.018750 0.024074
18 0.500000 0.443074 0.442066 0.582443
77 0.560295 0.199793 0.270004 0.062963
10 0.497917 0.508333 0.410417 0.394444
14 0.857175 0.236447 0.245525 0.175432
77 0.806404 0.182131 0.123150 0.040741
3 0.856250 0.268519 0.062500 0.062963
56 0.867708 0.258333 0.029167 0.035185
37 0.941667 0.178704 0.018750 0.024074
12 0.145083 0.448283 0.243318 0.188339
77 0.145083 0.388111 0.147805 0.040741
36 0.145313 0.483333 0.207292 0.074074
87 0.123958 0.489815 0.135417 0.046296
29 0.230729 0.389815 0.023958 0.031481
17 0.858912 0.450936 0.241434 0.178703
77 0.839004 0.400654 0.180785 0.040741
1 0.860417 0.483333 0.214583 0.059259
20 0.856418 0.659667 0.242583 0.173330
77 0.835974 0.610777 0.169942 0.040741
77 0.854167 0.684259 0.206250 0.016667
64 0.849479 0.690741 0.017708 0.022222
18 0.499207 0.864065 0.440480 0.195106
77 0.579580 0.802726 0.258900 0.040741
7 0.498437 0.893519 0.409375 0.094444
11 0.148456 0.238871 0.247032 0.171595
77 0.120907 0.190003 0.171101 0.040741
84 0.147396 0.268519 0.215625 0.048148
23 0.234896 0.185185 0.019792 0.025926
7 0.135643 0.875901 0.233419 0.186031
77 0.172285 0.819360 0.139302 0.040741
68 0.135937 0.906481 0.209375 0.068519
