77 0.246312 0.070223 0.442624 0.073779
11 0.153409 0.662713 0.259850 0.183236
77 0.104695 0.611009 0.123145 0.040741
6 0.154167 0.695370 0.225000 0.068519
32 0.243750 0.602778 0.018750 0.024074
19 0.500000 0.438680 0.392902 0.573656
77 0.528240 0.197474 0.245110 0.062963
17 0.503125 0.500000 0.364583 0.411111
12 0.837822 0.229761 0.260789 0.168148
77 0.837822 0.185454 0.199472 0.040741
87 0.841146 0.265741 0.232292 0.057407
62 0.891667 0.269444 0.018750 0.024074
14 0.838097 0.650681 0.261669 0.172135
77 0.838097 0.600571 0.195887 0.040741
5 0.835938 0.680556 0.230208 0.064815
7 0.154630 0.858547 0.262592 0.168924
77 0.143699 0.808670 0.196522 0.040741
75 0.154167 0.893519 0.239583 0.053704
82 0.180208 0.887963 0.158333 0.027778
23 0.248958 0.812963 0.029167 0.037037
13 0.848254 0.868658 0.271068 0.173642
77 0.884370 0.820522 0.122216 0.040741
81 0.847917 0.900926 0.245833 0.053704
30 0.948438 0.814815 0.019792 0.025926
10 0.838234 0.453881 0.264712 0.185454
77 0.838234 0.397974 0.198407 0.040741
22 0.838021 0.483333 0.232292 0.081481
7 0.151256 0.232070 0.259383 0.171080
77 0.151256 0.180092 0.167762 0.040741
12 0.150000 0.256481 0.227083 0.057407
9 0.122396 0.257407 0.017708 0.022222
20 0.158221 0.454020 0.271771 0.192393
77 0.133713 0.393714 0.139430 0.040741
30 0.156250 0.484259 0.050000 0.064815
10 0.501942 0.852178 0.396785 0.200175
77 0.501942 0.791487 0.197964 0.040741
38 0.502083 0.878704 0.366667 0.083333
