77 0.203212 0.070285 0.356425 0.073903
11 0.500000 0.447998 0.408568 0.592292
77 0.500000 0.197217 0.242626 0.062963
4 0.501563 0.514815 0.382292 0.414815
27 0.656771 0.183333 0.017708 0.022222
19 0.851051 0.460421 0.256481 0.185937
77 0.835946 0.406727 0.188774 0.040741
31 0.851042 0.489815 0.047917 0.061111
30 0.931771 0.403704 0.026042 0.033333
10 0.851166 0.865962 0.261812 0.178762
77 0.876730 0.812310 0.123783 0.040741
66 0.852604 0.894444 0.238542 0.059259
22 0.850521 0.887037 0.107292 0.025926
8 0.150433 0.648142 0.250575 0.172390
77 0.124869 0.599539 0.158841 0.040741
26 0.152083 0.679630 0.225000 0.048148
9 0.847259 0.669928 0.252468 0.192142
77 0.847259 0.608870 0.191177 0.040741
43 0.843229 0.703704 0.055208 0.070370
10 0.152559 0.875154 0.254864 0.192662
77 0.152559 0.815085 0.164265 0.040741
84 0.154688 0.906481 0.228125 0.087037
2 0.203125 0.910185 0.122917 0.050000
13 0.155312 0.245861 0.265597 0.179392
77 0.155312 0.193006 0.140373 0.040741
61 0.153125 0.270370 0.233333 0.066667
53 0.071354 0.257407 0.017708 0.022222
16 0.848364 0.243443 0.262461 0.178975
77 0.848364 0.189763 0.142361 0.040741
27 0.850000 0.275000 0.047917 0.061111
29 0.855729 0.270370 0.017708 0.022222
18 0.151580 0.453116 0.256326 0.181169
77 0.151580 0.397458 0.140452 0.040741
80 0.155208 0.483333 0.227083 0.059259
38 0.186979 0.487963 0.148958 0.027778
7 0.501170 0.854989 0.410908 0.182938
77 0.515377 0.803549 0.240119 0.040741
35 0.501563 0.885185 0.055208 0.070370
84 0.494271 0.881481 0.032292 0.029630
31 0.636458 0.795370 0.018750 0.024074
