77 0.211331 0.066132 0.372661 0.065598
11 0.148303 0.246293 0.242422 0.186987
77 0.161600 0.191496 0.180832 0.040741
16 0.148438 0.271296 0.217708 0.072222
12 0.146524 0.451862 0.246061 0.179453
77 0.202888 0.401954 0.112500 0.040741
73 0.144792 0.477778 0.043750 0.055556
72 0.150521 0.485185 0.017708 0.022222
32 0.229167 0.397222 0.025000 0.031481
16 0.141318 0.870006 0.239037 0.189083
77 0.172789 0.812850 0.112500 0.040741
81 0.142187 0.899074 0.213542 0.068519
7 0.863220 0.252115 0.245640 0.188629
77 0.867343 0.191559 0.146443 0.040741
26 0.864583 0.285185 0.218750 0.070370
13 0.140641 0.647170 0.232136 0.171224
77 0.140641 0.601890 0.178663 0.040741
53 0.141667 0.684259 0.041667 0.053704
10 0.854079 0.652396 0.240636 0.176965
77 0.803285 0.603922 0.115973 0.040741
17 0.854688 0.687037 0.211458 0.059259
49 0.800000 0.684259 0.093750 0.027778
62 0.926562 0.593519 0.015625 0.020370
17 0.848344 0.859728 0.232654 0.168771
77 0.848344 0.811116 0.112500 0.040741
37 0.848958 0.882407 0.041667 0.053704
51 0.840104 0.881481 0.017708 0.025926
8 0.500000 0.438105 0.445276 0.572506
77 0.574178 0.199980 0.223034 0.062963
3 0.502083 0.490741 0.379167 0.377778
87 0.401042 0.412963 0.164583 0.177778
11 0.498983 0.849923 0.443243 0.213190
77 0.583202 0.782299 0.253973 0.040741
23 0.498437 0.885185 0.061458 0.077778
56 0.485938 0.890741 0.028125 0.029630
7 0.848816 0.452103 0.231658 0.180088
77 0.848816 0.400630 0.138075 0.040741
71 0.849479 0.487037 0.207292 0.051852
12 0.892188 0.488889 0.017708 0.022222
31 0.918229 0.400000 0.026042 0.033333
