77 0.737578 0.067354 0.337346 0.068042
17 0.134901 0.274515 0.221326 0.245800
77 0.154735 0.189951 0.120836 0.047871
83 0.135417 0.310185 0.193750 0.112963
13 0.379645 0.553919 0.224438 0.254314
77 0.379645 0.468964 0.135175 0.047452
69 0.380208 0.587963 0.197917 0.138889
8 0.617307 0.545818 0.221075 0.241604
77 0.597248 0.462225 0.153407 0.040741
6 0.615625 0.577778 0.195833 0.122222
8 0.377859 0.833816 0.218211 0.239348
77 0.363781 0.753580 0.143741 0.045029
33 0.375000 0.870370 0.089583 0.114815
48 0.393750 0.893519 0.045833 0.046296
62 0.447396 0.750000 0.023958 0.029630
12 0.378421 0.267093 0.219103 0.255201
77 0.346180 0.177437 0.133787 0.041162
25 0.377604 0.305556 0.098958 0.125926
50 0.371875 0.312963 0.060417 0.055556
20 0.134327 0.544442 0.226475 0.249239
77 0.134327 0.460340 0.118534 0.045471
64 0.134896 0.579630 0.092708 0.118519
17 0.852773 0.550347 0.214843 0.245146
77 0.836443 0.461527 0.142772 0.040741
31 0.851042 0.580556 0.091667 0.116667
18 0.860837 0.267343 0.222764 0.242549
77 0.905552 0.179530 0.112500 0.040741
29 0.858854 0.295370 0.109375 0.138889
83 0.875000 0.259259 0.050000 0.055556
18 0.127692 0.834291 0.216824 0.244983
77 0.160564 0.747967 0.130247 0.040741
12 0.125000 0.865741 0.185417 0.131481
16 0.082292 0.864815 0.056250 0.070370
7 0.610762 0.272014 0.215005 0.251333
77 0.610762 0.181024 0.112500 0.040772
84 0.611979 0.298148 0.182292 0.140741
