77 0.235609 0.074201 0.421218 0.081736
17 0.378629 0.269493 0.216760 0.254575
77 0.378629 0.181490 0.119795 0.040741
25 0.378125 0.300926 0.104167 0.131481
16 0.616733 0.270438 0.219948 0.247937
77 0.616733 0.181214 0.112500 0.040741
34 0.619271 0.301852 0.053125 0.107407
18 0.855864 0.262728 0.226113 0.250818
77 0.855864 0.172157 0.112500 0.040741
7 0.855729 0.294444 0.198958 0.133333
12 0.131123 0.549330 0.214801 0.238019
77 0.131123 0.465915 0.140476 0.040741
8 0.128125 0.583333 0.187500 0.125926
11 0.621584 0.551127 0.220200 0.251920
77 0.630557 0.463530 0.127194 0.040741
10 0.622917 0.576852 0.185417 0.135185
74 0.579688 0.607407 0.026042 0.033333
10 0.849311 0.559465 0.214236 0.250549
77 0.849311 0.475172 0.143567 0.046561
46 0.849479 0.593519 0.184375 0.116667
23 0.876563 0.565741 0.021875 0.027778
13 0.137612 0.826787 0.222142 0.255219
77 0.137612 0.741782 0.140785 0.048256
29 0.138021 0.863889 0.088542 0.112963
61 0.129167 0.858333 0.043750 0.053704
19 0.131436 0.260857 0.214124 0.237740
77 0.126642 0.184365 0.112500 0.045530
59 0.132292 0.293519 0.185417 0.109259
7 0.184896 0.283333 0.026042 0.033333
62 0.204687 0.173148 0.019792 0.024074
8 0.376830 0.554656 0.222351 0.243804
77 0.376830 0.471445 0.112500 0.047901
6 0.376042 0.585185 0.195833 0.122222
78 0.375521 0.585185 0.111458 0.062963
27 0.444792 0.466667 0.020833 0.025926
18 0.380604 0.834896 0.223540 0.252106
77 0.365517 0.745974 0.172532 0.044383
0 0.382812 0.874074 0.194792 0.133333
