77 0.500000 0.077223 0.520000 0.095187
8 0.861185 0.541987 0.219956 0.244828
77 0.861185 0.455486 0.132313 0.043108
52 0.858854 0.580556 0.190625 0.131481
42 0.807813 0.616667 0.026042 0.033333
7 0.858410 0.274321 0.219793 0.243194
77 0.858410 0.193433 0.112500 0.040741
47 0.856771 0.301852 0.192708 0.129630
32 0.828646 0.270370 0.026042 0.033333
9 0.622173 0.542333 0.220545 0.240947
77 0.625665 0.462313 0.123239 0.040741
22 0.621354 0.577778 0.184375 0.125926
32 0.700521 0.457407 0.026042 0.033333
14 0.372042 0.273783 0.223767 0.245561
77 0.372042 0.186791 0.160221 0.040741
15 0.370312 0.303704 0.196875 0.129630
31 0.426042 0.337963 0.025000 0.031481
20 0.609639 0.272097 0.216837 0.255461
77 0.609639 0.180794 0.135563 0.041738
25 0.611458 0.307407 0.095833 0.122222
66 0.625521 0.324074 0.053125 0.074074
11 0.133432 0.825548 0.214664 0.239011
77 0.124097 0.740495 0.117478 0.040751
81 0.135417 0.851852 0.189583 0.129630
66 0.169792 0.831481 0.097917 0.059259
12 0.371304 0.542650 0.214934 0.247296
77 0.371304 0.454855 0.140603 0.040741
87 0.372917 0.577778 0.189583 0.125926
18 0.131358 0.548680 0.224856 0.244876
77 0.131358 0.460842 0.159656 0.040741
89 0.130208 0.580556 0.091667 0.116667
10 0.126849 0.278997 0.215652 0.254703
77 0.154637 0.188697 0.139243 0.046030
70 0.126562 0.316667 0.180208 0.137037
18 0.376992 0.831853 0.222160 0.251725
77 0.369469 0.746215 0.112500 0.048984
0 0.377083 0.873148 0.197917 0.131481
43 0.374479 0.883333 0.023958 0.029630
