77 0.500000 0.131605 0.640000 0.077177
15 0.502396 0.816365 0.414107 0.290309
77 0.423317 0.714475 0.217559 0.045993
42 0.503125 0.848148 0.118750 0.151852
38 0.507292 0.854630 0.077083 0.090741
17 0.152511 0.243223 0.259204 0.182074
77 0.152511 0.188455 0.177870 0.040741
1 0.152604 0.269444 0.226042 0.072222
17 0.500000 0.397914 0.409315 0.492124
77 0.500000 0.199528 0.217157 0.062963
13 0.498958 0.450000 0.383333 0.333333
19 0.567708 0.369444 0.118750 0.150000
30 0.638021 0.189815 0.028125 0.035185
11 0.149988 0.862690 0.253901 0.183033
77 0.149988 0.805671 0.139572 0.040741
27 0.149479 0.890741 0.055208 0.070370
11 0.847964 0.658837 0.266113 0.179888
77 0.826416 0.603911 0.202184 0.040741
10 0.848437 0.687037 0.242708 0.074074
89 0.848437 0.679630 0.019792 0.025926
9 0.150798 0.453096 0.251448 0.182776
77 0.148590 0.395989 0.178614 0.040741
44 0.152604 0.479630 0.048958 0.062963
18 0.153646 0.481481 0.019792 0.025926
62 0.239583 0.394444 0.022917 0.029630
18 0.147307 0.664694 0.256406 0.180572
77 0.147307 0.614433 0.170690 0.040741
5 0.149479 0.692593 0.230208 0.066667
12 0.848324 0.876519 0.255865 0.191272
77 0.848324 0.819958 0.188679 0.040741
19 0.846875 0.912037 0.222917 0.075926
14 0.854477 0.236844 0.260751 0.171003
77 0.815311 0.188866 0.161584 0.040741
75 0.852604 0.266667 0.228125 0.059259
83 0.806250 0.255556 0.116667 0.025926
11 0.847418 0.458464 0.257019 0.192699
77 0.881242 0.400176 0.168537 0.040741
79 0.849479 0.487963 0.228125 0.079630
14 0.800000 0.474074 0.022917 0.029630
