77 0.736148 0.070542 0.357071 0.074417
17 0.860562 0.544366 0.224519 0.243021
77 0.860562 0.460337 0.141796 0.043868
48 0.858333 0.574074 0.195833 0.122222
35 0.863021 0.567593 0.030208 0.038889
18 0.624198 0.274577 0.224196 0.252989
77 0.648572 0.184704 0.147320 0.043039
9 0.621354 0.310185 0.192708 0.131481
20 0.569271 0.320370 0.017708 0.066667
9 0.379288 0.537382 0.218952 0.237631
77 0.379288 0.456382 0.127856 0.047169
23 0.380208 0.577778 0.085417 0.107407
82 0.382292 0.571296 0.045833 0.046296
19 0.381119 0.262871 0.222107 0.243901
77 0.375021 0.180573 0.114117 0.043292
41 0.382292 0.297222 0.081250 0.101852
11 0.620162 0.552768 0.214249 0.245281
77 0.620162 0.468428 0.160911 0.046209
36 0.619271 0.586111 0.182292 0.116667
27 0.688021 0.468519 0.030208 0.037037
14 0.136697 0.268839 0.223916 0.250150
77 0.145101 0.182877 0.138573 0.048296
17 0.134896 0.300926 0.192708 0.127778
44 0.130729 0.309259 0.026042 0.033333
20 0.130288 0.836165 0.220378 0.241822
77 0.130288 0.753487 0.117797 0.045455
72 0.129688 0.864815 0.101042 0.129630
43 0.147917 0.827778 0.022917 0.029630
11 0.137570 0.560306 0.224234 0.254186
77 0.150993 0.472607 0.159633 0.040741
40 0.139063 0.595370 0.198958 0.138889
16 0.373001 0.828005 0.214387 0.241358
77 0.373001 0.747080 0.160884 0.048262
31 0.373437 0.860185 0.088542 0.112963
75 0.389583 0.844444 0.052083 0.059259
13 0.858821 0.273291 0.223270 0.244584
77 0.891024 0.188191 0.138030 0.047141
68 0.861979 0.306481 0.192708 0.124074
73 0.909896 0.268519 0.023958 0.029630
