77 0.500000 0.075371 0.520000 0.091483
8 0.142137 0.245068 0.245012 0.175480
77 0.088654 0.194986 0.117212 0.040741
22 0.142708 0.281481 0.222917 0.051852
36 0.148438 0.283333 0.123958 0.025926
11 0.500000 0.423415 0.424268 0.543127
77 0.500000 0.199509 0.215156 0.062963
64 0.500521 0.479630 0.288542 0.366667
89 0.583333 0.589815 0.093750 0.120370
62 0.652604 0.181481 0.017708 0.022222
19 0.499899 0.837711 0.424065 0.232305
77 0.406579 0.756214 0.216593 0.040741
26 0.501563 0.872222 0.394792 0.111111
13 0.507812 0.867593 0.042708 0.053704
32 0.645312 0.760185 0.030208 0.038889
19 0.856501 0.650170 0.254753 0.168652
77 0.831429 0.600573 0.165956 0.040741
24 0.852604 0.684259 0.036458 0.046296
20 0.851042 0.670370 0.006250 0.025926
19 0.152830 0.659626 0.254032 0.168056
77 0.152830 0.611156 0.155416 0.040741
80 0.152604 0.694444 0.226042 0.048148
72 0.147917 0.693519 0.018750 0.024074
8 0.156128 0.448731 0.256301 0.189686
77 0.156128 0.393086 0.127049 0.040741
13 0.158333 0.485185 0.229167 0.074074
12 0.851174 0.447727 0.246318 0.185373
77 0.851174 0.388675 0.160546 0.040741
17 0.853646 0.472222 0.217708 0.081481
7 0.845664 0.865858 0.244252 0.183207
77 0.845664 0.814242 0.126742 0.040741
85 0.843750 0.895370 0.212500 0.061111
31 0.934375 0.811111 0.029167 0.037037
16 0.858266 0.241106 0.253782 0.177900
77 0.858266 0.192479 0.177277 0.040741
31 0.857812 0.275000 0.036458 0.046296
45 0.853646 0.280556 0.015625 0.020370
20 0.148760 0.868636 0.250493 0.187530
77 0.152897 0.810404 0.163237 0.040741
20 0.152083 0.905556 0.222917 0.070370
