77 0.500000 0.060399 0.380000 0.060350
12 0.155330 0.439693 0.274965 0.171332
77 0.155330 0.387558 0.121678 0.040741
30 0.152083 0.463889 0.039583 0.050000
28 0.240104 0.393519 0.028125 0.035185
13 0.497413 0.861868 0.368807 0.216235
77 0.497413 0.791120 0.205820 0.043142
1 0.498437 0.888889 0.342708 0.096296
61 0.553646 0.870370 0.205208 0.044444
12 0.835650 0.237256 0.277863 0.173125
77 0.852288 0.188997 0.152655 0.040741
44 0.836458 0.262963 0.039583 0.051852
10 0.163762 0.647309 0.277261 0.168324
77 0.205710 0.600323 0.172530 0.040741
40 0.163542 0.680556 0.254167 0.057407
57 0.226562 0.690741 0.113542 0.025926
27 0.252083 0.596296 0.020833 0.025926
15 0.165929 0.867380 0.276357 0.189882
77 0.119454 0.808626 0.162574 0.040741
70 0.165104 0.899074 0.253125 0.072222
79 0.171354 0.895370 0.119792 0.031481
20 0.838085 0.442823 0.268929 0.167886
77 0.879520 0.393020 0.165225 0.040741
37 0.835417 0.472222 0.050000 0.062963
74 0.835938 0.487037 0.019792 0.025926
13 0.165174 0.247343 0.276534 0.191146
77 0.165174 0.189236 0.197962 0.040741
22 0.166146 0.282407 0.253125 0.075926
13 0.219271 0.300000 0.019792 0.025926
14 0.500000 0.437136 0.373980 0.570569
77 0.500000 0.198073 0.221056 0.062963
89 0.498958 0.487963 0.320833 0.409259
16 0.836688 0.858734 0.273361 0.173481
77 0.836688 0.812355 0.177818 0.040741
78 0.839063 0.894444 0.246875 0.044444
26 0.803125 0.883333 0.150000 0.025926
8 0.844810 0.655331 0.279377 0.187513
77 0.810296 0.595054 0.137534 0.040741
42 0.843229 0.683333 0.053125 0.066667
23 0.830208 0.688889 0.020833 0.025926
