77 0.500000 0.084118 0.380000 0.069459
11 0.861243 0.272478 0.223746 0.241240
77 0.826673 0.188215 0.116870 0.042445
3 0.860417 0.309259 0.114583 0.114815
23 0.941146 0.184259 0.019792 0.024074
10 0.141317 0.834950 0.225943 0.240165
77 0.151364 0.754657 0.112500 0.045194
79 0.143229 0.863889 0.196875 0.127778
62 0.110417 0.829630 0.022917 0.029630
17 0.858167 0.545582 0.216737 0.246431
77 0.858167 0.460351 0.124133 0.042051
83 0.859896 0.578704 0.190625 0.124074
16 0.383970 0.278754 0.224463 0.254689
77 0.407355 0.196056 0.156859 0.050529
60 0.382812 0.318519 0.196875 0.118519
58 0.420312 0.333333 0.103125 0.044444
8 0.380977 0.542866 0.222847 0.241280
77 0.403834 0.460322 0.156299 0.044425
48 0.379167 0.574074 0.191667 0.118519
29 0.446354 0.458333 0.023958 0.031481
13 0.619426 0.547272 0.220968 0.254267
77 0.619426 0.462666 0.112500 0.046109
11 0.619792 0.581481 0.191667 0.122222
18 0.383529 0.821052 0.223180 0.240447
77 0.398408 0.736649 0.172589 0.041853
80 0.381771 0.850000 0.192708 0.114815
13 0.616823 0.268920 0.221271 0.249556
77 0.616823 0.183914 0.172273 0.040741
5 0.615625 0.300926 0.191667 0.135185
14 0.132839 0.267353 0.219110 0.239729
77 0.132839 0.187253 0.112500 0.044459
1 0.135417 0.300926 0.191667 0.116667
20 0.134176 0.541150 0.220919 0.244320
77 0.134176 0.460613 0.149157 0.045855
56 0.133854 0.579630 0.188542 0.114815
