77 0.239928 0.070968 0.429857 0.075269
19 0.135462 0.542186 0.216969 0.242254
77 0.135462 0.461810 0.133876 0.043854
73 0.134375 0.579630 0.093750 0.118519
35 0.110417 0.602778 0.025000 0.031481
37 0.197396 0.458333 0.028125 0.035185
13 0.378591 0.268408 0.226018 0.251902
77 0.396930 0.182148 0.168507 0.043765
23 0.379167 0.308333 0.097917 0.124074
29 0.457292 0.175926 0.022917 0.029630
15 0.375309 0.836214 0.224277 0.253164
77 0.374638 0.749964 0.170802 0.048910
5 0.376042 0.869444 0.189583 0.142593
9 0.355208 0.845370 0.062500 0.079630
37 0.442188 0.745370 0.023958 0.031481
9 0.375300 0.552652 0.219217 0.253622
77 0.391660 0.467601 0.143818 0.046626
88 0.377083 0.582407 0.191667 0.135185
30 0.382812 0.587037 0.026042 0.033333
23 0.439583 0.462037 0.027083 0.035185
14 0.139491 0.832543 0.222943 0.248289
77 0.125388 0.748876 0.169875 0.040741
20 0.140625 0.872222 0.197917 0.129630
69 0.098958 0.891667 0.100000 0.075926
15 0.852748 0.259571 0.220448 0.238228
77 0.852748 0.179423 0.112500 0.042007
54 0.856250 0.289815 0.191667 0.120370
11 0.616492 0.559852 0.222237 0.252387
77 0.655608 0.471934 0.123172 0.047463
25 0.620313 0.591667 0.101042 0.127778
74 0.621354 0.600000 0.023958 0.029630
23 0.691146 0.465741 0.021875 0.027778
16 0.859214 0.547008 0.221658 0.248724
77 0.903376 0.457697 0.112500 0.040741
46 0.858333 0.578704 0.191667 0.138889
86 0.832812 0.609259 0.126042 0.059259
16 0.614769 0.272360 0.216601 0.252485
77 0.614769 0.182477 0.162025 0.040741
56 0.613021 0.309259 0.190625 0.140741
8 0.129324 0.264063 0.214065 0.246534
77 0.165299 0.180244 0.112562 0.040741
87 0.128646 0.297222 0.182292 0.124074
59 0.083333 0.279630 0.075000 0.077778
