77 0.500000 0.129409 0.640000 0.067880
8 0.858673 0.863829 0.228642 0.182849
77 0.858673 0.813093 0.112500 0.040741
16 0.855729 0.897222 0.201042 0.072222
59 0.883333 0.893519 0.131250 0.046296
32 0.934375 0.810185 0.027083 0.035185
7 0.497467 0.835593 0.459333 0.261655
77 0.497467 0.741277 0.207783 0.040741
50 0.497396 0.871296 0.428125 0.150000
37 0.655208 0.741667 0.025000 0.031481
10 0.861599 0.664283 0.238272 0.180822
77 0.861599 0.610112 0.155972 0.040741
4 0.861458 0.693519 0.210417 0.061111
8 0.129837 0.249682 0.222903 0.192973
77 0.129837 0.187830 0.149786 0.040741
23 0.129688 0.275000 0.057292 0.072222
80 0.123438 0.268519 0.036458 0.025926
27 0.197917 0.184259 0.018750 0.024074
14 0.138209 0.874534 0.237176 0.185597
77 0.093915 0.820172 0.127754 0.040741
11 0.136458 0.900926 0.208333 0.068519
72 0.134896 0.897222 0.019792 0.024074
62 0.220312 0.815741 0.021875 0.027778
15 0.862181 0.446881 0.224775 0.172215
77 0.877093 0.395836 0.158904 0.040741
53 0.860938 0.478704 0.044792 0.057407
37 0.934375 0.389815 0.016667 0.020370
17 0.132675 0.459608 0.225512 0.186419
77 0.132675 0.402034 0.170178 0.040741
90 0.128646 0.490741 0.196875 0.077778
16 0.102604 0.475926 0.026042 0.033333
8 0.858159 0.235661 0.229032 0.169874
77 0.877697 0.188866 0.141549 0.040741
78 0.856771 0.262037 0.201042 0.050000
16 0.500000 0.413264 0.464398 0.522823
77 0.442967 0.201449 0.329499 0.062963
84 0.500521 0.465741 0.440625 0.353704
32 0.661458 0.182407 0.018750 0.024074
18 0.141039 0.659337 0.229355 0.183820
77 0.141039 0.604783 0.112500 0.040741
52 0.139063 0.688889 0.198958 0.077778
41 0.144792 0.693519 0.018750 0.024074
