77 0.500000 0.070553 0.520000 0.081848
12 0.845117 0.656262 0.249179 0.186360
77 0.869874 0.600211 0.175571 0.040741
73 0.845313 0.687963 0.065625 0.083333
32 0.921875 0.596296 0.022917 0.029630
19 0.851064 0.239044 0.253877 0.176996
77 0.851064 0.190591 0.181953 0.040741
29 0.851562 0.268519 0.048958 0.062963
16 0.143136 0.241173 0.245993 0.170363
77 0.143136 0.191693 0.137928 0.040741
11 0.145313 0.270370 0.213542 0.059259
60 0.087500 0.261111 0.085417 0.025926
19 0.846195 0.438972 0.252107 0.168295
77 0.846195 0.394108 0.160204 0.040741
82 0.847917 0.475926 0.222917 0.044444
18 0.897396 0.477778 0.017708 0.022222
12 0.500000 0.410589 0.419737 0.517475
77 0.549969 0.196430 0.298965 0.062963
17 0.501042 0.464815 0.389583 0.362963
7 0.148808 0.445281 0.249360 0.168706
77 0.163615 0.394641 0.126258 0.040741
76 0.150000 0.478704 0.035417 0.046296
60 0.156250 0.492593 0.016667 0.025926
11 0.146739 0.865548 0.256694 0.187921
77 0.146739 0.806857 0.189396 0.040741
37 0.146875 0.892593 0.060417 0.077778
36 0.151562 0.903704 0.036458 0.044444
12 0.500815 0.818454 0.421367 0.254974
77 0.467703 0.735519 0.279242 0.049213
34 0.503646 0.854630 0.057292 0.116667
41 0.496354 0.824074 0.017708 0.022222
29 0.640104 0.728704 0.030208 0.038889
11 0.145638 0.659908 0.247555 0.185355
77 0.170605 0.602540 0.176789 0.040741
62 0.146354 0.692593 0.057292 0.074074
71 0.151042 0.698148 0.037500 0.037037
19 0.851243 0.868074 0.244975 0.172430
77 0.881709 0.818700 0.158024 0.040741
87 0.852604 0.894444 0.215625 0.066667
86 0.904167 0.901852 0.085417 0.037037
