77 0.786552 0.065827 0.341598 0.064987
13 0.132523 0.832662 0.222166 0.237921
77 0.088107 0.754158 0.112500 0.046404
9 0.133854 0.872222 0.192708 0.111111
9 0.373171 0.834825 0.221319 0.238711
77 0.417164 0.752707 0.112500 0.045300
48 0.372917 0.870370 0.193750 0.118519
62 0.440625 0.745370 0.018750 0.024074
11 0.135420 0.261024 0.224002 0.238855
77 0.153447 0.181755 0.167115 0.040741
64 0.134375 0.295370 0.085417 0.109259
21 0.130729 0.281481 0.051042 0.055556
11 0.371290 0.550668 0.214905 0.243298
77 0.359668 0.467558 0.116713 0.042111
86 0.369792 0.580556 0.185417 0.120370
83 0.339583 0.577778 0.112500 0.062963
16 0.139216 0.557326 0.222023 0.253321
77 0.139216 0.469918 0.118207 0.040741
62 0.140625 0.591667 0.085417 0.109259
44 0.118229 0.625000 0.021875 0.027778
23 0.219271 0.467593 0.028125 0.035185
16 0.866482 0.272003 0.225568 0.242476
77 0.866482 0.187429 0.137958 0.041009
81 0.866667 0.305556 0.189583 0.122222
13 0.863871 0.539559 0.222260 0.240113
77 0.863871 0.455899 0.112500 0.040741
15 0.864583 0.571296 0.191667 0.135185
2 0.904687 0.587963 0.103125 0.079630
27 0.930729 0.458333 0.030208 0.038889
20 0.621956 0.545912 0.222967 0.255408
77 0.655196 0.458636 0.135654 0.044762
55 0.624479 0.579630 0.192708 0.144444
35 0.568229 0.539815 0.030208 0.038889
23 0.689063 0.450926 0.021875 0.027778
20 0.369802 0.276227 0.217023 0.252331
77 0.365261 0.190257 0.140762 0.040741
77 0.370312 0.311111 0.186458 0.014815
62 0.440104 0.179630 0.017708 0.022222
8 0.616194 0.268133 0.215326 0.252453
77 0.616194 0.176562 0.157928 0.043358
34 0.619271 0.300000 0.065625 0.133333
