77 0.500000 0.075214 0.520000 0.091168
18 0.867397 0.265774 0.226035 0.244532
77 0.891876 0.183723 0.156245 0.042666
39 0.865104 0.296296 0.201042 0.118519
29 0.913021 0.333333 0.023958 0.029630
13 0.381101 0.823208 0.219794 0.237453
77 0.381101 0.742344 0.112500 0.040741
85 0.383333 0.858333 0.187500 0.120370
75 0.408854 0.837963 0.107292 0.057407
10 0.615487 0.260485 0.225476 0.243354
77 0.585054 0.174852 0.143776 0.040741
62 0.613021 0.288889 0.092708 0.118519
15 0.132779 0.556720 0.219236 0.245423
77 0.132779 0.467409 0.131599 0.040741
57 0.133854 0.585185 0.188542 0.144444
8 0.375823 0.271110 0.216247 0.251180
77 0.375823 0.184135 0.112500 0.046776
37 0.374479 0.307407 0.082292 0.103704
76 0.440625 0.175926 0.016667 0.022222
19 0.615416 0.548473 0.225399 0.243616
77 0.615416 0.462670 0.129631 0.040741
82 0.617708 0.578704 0.197917 0.120370
12 0.380386 0.541050 0.225913 0.241217
77 0.380386 0.457743 0.112500 0.040929
42 0.380208 0.566667 0.087500 0.111111
75 0.371875 0.556481 0.058333 0.042593
8 0.132214 0.271724 0.222406 0.249655
77 0.140064 0.188705 0.116594 0.049890
8 0.130729 0.303704 0.196875 0.133333
6 0.131250 0.308333 0.125000 0.061111
30 0.208333 0.179630 0.020833 0.025926
19 0.130149 0.833679 0.222283 0.249570
77 0.131690 0.747569 0.153178 0.045147
30 0.128125 0.864815 0.085417 0.107407
43 0.127083 0.862037 0.018750 0.024074
9 0.861478 0.557001 0.223396 0.249911
77 0.861478 0.469382 0.121178 0.042365
0 0.860938 0.584259 0.194792 0.138889
12 0.897396 0.562963 0.044792 0.055556
