77 0.707943 0.069809 0.373842 0.072950
13 0.862148 0.272563 0.218300 0.252362
77 0.837808 0.189099 0.112500 0.045997
88 0.861979 0.313889 0.192708 0.124074
2 0.812500 0.278704 0.085417 0.042593
7 0.136772 0.261875 0.220844 0.241308
77 0.136772 0.180352 0.123926 0.040741
85 0.133854 0.300926 0.192708 0.120370
68 0.110417 0.321296 0.122917 0.068519
14 0.376380 0.546542 0.215708 0.251585
77 0.358233 0.461788 0.158582 0.044132
8 0.376042 0.578704 0.185417 0.124074
10 0.139688 0.542628 0.224640 0.239324
77 0.139688 0.459957 0.170764 0.040741
86 0.137500 0.576852 0.195833 0.116667
17 0.861829 0.548678 0.218395 0.251071
77 0.867685 0.461158 0.112500 0.045254
35 0.860938 0.582407 0.088542 0.112963
18 0.373228 0.260244 0.220868 0.247260
77 0.390642 0.173230 0.165207 0.043429
20 0.370312 0.298148 0.192708 0.129630
29 0.325521 0.340741 0.023958 0.029630
76 0.446875 0.173148 0.027083 0.035185
15 0.621825 0.275441 0.221169 0.249254
77 0.609052 0.188110 0.164348 0.040741
25 0.623437 0.307407 0.111458 0.140741
10 0.138111 0.835560 0.217210 0.244390
77 0.133402 0.752956 0.156845 0.046875
83 0.139583 0.866667 0.185417 0.133333
33 0.090625 0.901852 0.035417 0.044444
27 0.207292 0.748148 0.022917 0.029630
16 0.611101 0.547598 0.219200 0.250072
77 0.647732 0.464673 0.125106 0.043616
28 0.613021 0.579630 0.084375 0.107407
55 0.606771 0.572222 0.034375 0.055556
11 0.383034 0.828244 0.222921 0.251672
77 0.383034 0.740143 0.163298 0.043060
45 0.380729 0.859259 0.113542 0.144444
29 0.447917 0.739815 0.027083 0.035185
