77 0.243027 0.071193 0.436053 0.075720
18 0.156047 0.243612 0.270766 0.189513
77 0.156047 0.187642 0.121890 0.040741
16 0.156250 0.278704 0.245833 0.083333
1 0.207292 0.270370 0.129167 0.040741
31 0.254688 0.179630 0.017708 0.022222
10 0.498452 0.812983 0.382863 0.278358
77 0.408409 0.710593 0.179893 0.044383
31 0.498437 0.846296 0.119792 0.151852
23 0.620313 0.706481 0.021875 0.027778
8 0.164468 0.646749 0.274367 0.167941
77 0.180497 0.601761 0.181344 0.040741
53 0.166667 0.682407 0.039583 0.050000
11 0.165625 0.673148 0.016667 0.020370
11 0.844058 0.242272 0.263332 0.175929
77 0.854531 0.190827 0.174290 0.040741
13 0.845833 0.272222 0.237500 0.062963
22 0.785417 0.264815 0.100000 0.029630
9 0.845190 0.661331 0.277713 0.186797
77 0.847109 0.608653 0.160903 0.040741
51 0.845833 0.699074 0.245833 0.068519
20 0.888021 0.706481 0.007292 0.027778
20 0.151745 0.874362 0.267629 0.187866
77 0.151745 0.817964 0.142239 0.040741
47 0.151562 0.911111 0.238542 0.074074
13 0.090625 0.912037 0.033333 0.042593
28 0.251042 0.810185 0.018750 0.024074
11 0.841062 0.462797 0.276119 0.191573
77 0.877989 0.407618 0.181432 0.040741
66 0.842708 0.497222 0.247917 0.061111
9 0.500000 0.400328 0.385958 0.496952
77 0.487407 0.199251 0.280695 0.062963
38 0.501042 0.445370 0.352083 0.350000
10 0.841729 0.862975 0.264189 0.176337
77 0.878754 0.814300 0.169304 0.040741
82 0.841667 0.900000 0.237500 0.062963
76 0.912500 0.906481 0.018750 0.024074
19 0.157969 0.456297 0.262334 0.189541
77 0.157969 0.395529 0.148752 0.040741
1 0.156250 0.487963 0.237500 0.064815
33 0.209896 0.473148 0.019792 0.024074
