77 0.699847 0.076865 0.339869 0.087062
14 0.614523 0.553721 0.220465 0.244477
77 0.651405 0.473743 0.124521 0.044008
86 0.615625 0.587037 0.189583 0.129630
16 0.659896 0.610185 0.042708 0.053704
19 0.375152 0.258419 0.218581 0.243320
77 0.376295 0.174408 0.157867 0.045807
0 0.376042 0.290741 0.187500 0.137037
37 0.447396 0.171296 0.023958 0.031481
17 0.128801 0.822230 0.215298 0.237424
77 0.128801 0.743583 0.112500 0.043265
83 0.127604 0.857407 0.188542 0.107407
69 0.094792 0.862963 0.112500 0.055556
30 0.201042 0.741667 0.027083 0.035185
7 0.861928 0.269131 0.218960 0.247952
77 0.861928 0.187876 0.137095 0.046118
2 0.863542 0.303704 0.189583 0.125926
17 0.142744 0.545926 0.225110 0.238369
77 0.142744 0.463048 0.149261 0.040741
39 0.143750 0.573148 0.193750 0.120370
2 0.150000 0.575926 0.118750 0.059259
18 0.620661 0.269914 0.216065 0.246227
77 0.620661 0.189775 0.150818 0.045371
27 0.622396 0.301852 0.084375 0.107407
7 0.134834 0.257620 0.223853 0.241235
77 0.134834 0.177240 0.123714 0.044115
82 0.136458 0.295370 0.195833 0.124074
32 0.200521 0.170370 0.019792 0.025926
18 0.857376 0.549549 0.215995 0.253147
77 0.823346 0.461051 0.127101 0.048566
25 0.858854 0.589815 0.101042 0.127778
89 0.829688 0.571296 0.034375 0.042593
7 0.379664 0.824793 0.224915 0.237148
77 0.404112 0.741156 0.145249 0.040741
75 0.381771 0.850926 0.198958 0.120370
8 0.377844 0.541740 0.225600 0.246713
77 0.390238 0.455437 0.154786 0.040741
30 0.377604 0.574074 0.084375 0.107407
