77 0.752059 0.077762 0.285204 0.088857
7 0.372859 0.543464 0.214728 0.251072
77 0.332162 0.455878 0.112500 0.040741
12 0.371875 0.570370 0.189583 0.129630
9 0.369824 0.261639 0.219401 0.248917
77 0.412858 0.178277 0.112500 0.043329
9 0.368750 0.292593 0.191667 0.125926
31 0.443750 0.175000 0.027083 0.035185
18 0.859089 0.264549 0.214499 0.252312
77 0.871332 0.173177 0.152305 0.040741
22 0.860417 0.289815 0.183333 0.146296
23 0.861979 0.281481 0.030208 0.037037
16 0.139057 0.541173 0.218469 0.240232
77 0.139057 0.460964 0.155440 0.043000
32 0.139583 0.576852 0.091667 0.116667
14 0.154688 0.610185 0.030208 0.038889
15 0.131117 0.260586 0.218860 0.246091
77 0.131117 0.177958 0.140575 0.040741
14 0.130208 0.292593 0.193750 0.122222
72 0.124479 0.299074 0.023958 0.031481
28 0.198958 0.173148 0.027083 0.035185
17 0.138439 0.827177 0.217631 0.251406
77 0.105780 0.737988 0.131479 0.042901
29 0.136458 0.858333 0.089583 0.112963
18 0.615862 0.271449 0.215509 0.249887
77 0.615862 0.186837 0.125183 0.040741
44 0.618229 0.303704 0.082292 0.103704
18 0.852445 0.546002 0.215732 0.237320
77 0.852445 0.464452 0.156100 0.040741
89 0.852083 0.575000 0.106250 0.135185
61 0.858333 0.576852 0.052083 0.072222
13 0.379709 0.830288 0.222582 0.244084
77 0.406405 0.745686 0.112500 0.040741
69 0.378125 0.862037 0.191667 0.120370
19 0.616546 0.540414 0.216853 0.238399
77 0.616546 0.461886 0.157640 0.043205
34 0.616667 0.573148 0.054167 0.109259
49 0.615625 0.552778 0.029167 0.042593
