77 0.500000 0.073306 0.380000 0.068821
11 0.373941 0.839099 0.225168 0.254584
77 0.373941 0.753154 0.162883 0.047061
37 0.376042 0.875926 0.102083 0.129630
86 0.354687 0.876852 0.051042 0.079630
19 0.128880 0.260972 0.219579 0.241548
77 0.108239 0.176393 0.112500 0.041159
61 0.128125 0.293519 0.183333 0.127778
60 0.089583 0.300000 0.083333 0.077778
19 0.367214 0.274983 0.214354 0.253976
77 0.357745 0.182619 0.136598 0.040741
7 0.366146 0.301852 0.182292 0.137037
87 0.389062 0.278704 0.117708 0.064815
19 0.135018 0.553176 0.221165 0.246064
77 0.135018 0.467862 0.117623 0.048766
65 0.133854 0.587037 0.188542 0.114815
12 0.136458 0.582407 0.031250 0.038889
20 0.622755 0.551712 0.226372 0.247149
77 0.621913 0.465227 0.134421 0.047186
87 0.622917 0.582407 0.202083 0.124074
39 0.618750 0.592593 0.120833 0.059259
10 0.611488 0.262950 0.215078 0.249141
77 0.594085 0.175527 0.134993 0.045195
19 0.610938 0.287963 0.178125 0.135185
9 0.636979 0.272222 0.061458 0.077778
14 0.862852 0.550279 0.219852 0.248377
77 0.871666 0.459670 0.159890 0.040741
39 0.862500 0.575000 0.191667 0.135185
12 0.379473 0.544782 0.226235 0.238299
77 0.379473 0.459387 0.160344 0.040741
83 0.381250 0.575926 0.191667 0.118519
12 0.854699 0.263416 0.217757 0.240904
77 0.837527 0.185607 0.134784 0.047097
82 0.854688 0.291667 0.192708 0.120370
76 0.878646 0.267593 0.021875 0.027778
19 0.135872 0.830884 0.214695 0.243309
77 0.117913 0.747411 0.157942 0.041047
73 0.134375 0.865741 0.085417 0.109259
62 0.115625 0.885185 0.020833 0.025926
