77 0.500000 0.075349 0.520000 0.091439
20 0.623771 0.547393 0.220679 0.242658
77 0.648874 0.460272 0.132369 0.040741
76 0.621354 0.576852 0.086458 0.109259
27 0.616146 0.571296 0.021875 0.027778
16 0.132523 0.825007 0.215461 0.237415
77 0.132523 0.742742 0.133337 0.044044
41 0.131250 0.850926 0.085417 0.109259
23 0.111458 0.880556 0.020833 0.027778
31 0.196354 0.743519 0.028125 0.035185
10 0.371228 0.278961 0.221924 0.255179
77 0.366792 0.186752 0.117291 0.040741
59 0.374479 0.310185 0.194792 0.146296
14 0.377776 0.544380 0.217565 0.238488
77 0.419892 0.460167 0.112500 0.040741
17 0.375000 0.569444 0.189583 0.124074
12 0.375112 0.835491 0.221779 0.244523
77 0.376286 0.752716 0.169880 0.040741
73 0.372917 0.872222 0.093750 0.118519
7 0.377604 0.855556 0.040625 0.051852
18 0.132679 0.559752 0.225807 0.254632
77 0.132679 0.473066 0.122024 0.042487
43 0.129688 0.596296 0.092708 0.118519
32 0.203125 0.471296 0.027083 0.035185
9 0.863067 0.544061 0.221082 0.240587
77 0.863067 0.459401 0.119879 0.042395
90 0.865104 0.575000 0.194792 0.131481
63 0.939583 0.460185 0.027083 0.035185
9 0.620143 0.267291 0.221407 0.237165
77 0.645567 0.186647 0.149725 0.040741
53 0.619271 0.301852 0.090625 0.114815
69 0.611458 0.313889 0.047917 0.050000
19 0.863437 0.268734 0.223517 0.246485
77 0.863437 0.184773 0.160169 0.046719
47 0.860417 0.300926 0.193750 0.131481
18 0.892188 0.312963 0.040625 0.051852
18 0.134940 0.274355 0.225712 0.252671
77 0.126254 0.187061 0.128679 0.049644
21 0.135937 0.303704 0.198958 0.133333
48 0.104688 0.327778 0.119792 0.077778
