77 0.211477 0.070639 0.372954 0.074612
11 0.497859 0.801343 0.352517 0.305347
77 0.462451 0.688100 0.181053 0.044444
10 0.497917 0.837963 0.331250 0.179630
80 0.549479 0.866667 0.217708 0.074074
8 0.158194 0.662401 0.275901 0.175456
77 0.171105 0.608802 0.179279 0.040741
65 0.156771 0.693519 0.242708 0.057407
27 0.260417 0.606481 0.018750 0.024074
9 0.164552 0.862825 0.290615 0.185734
77 0.106826 0.807368 0.154328 0.040741
6 0.161979 0.891667 0.263542 0.068519
84 0.235417 0.900926 0.102083 0.042593
13 0.833819 0.875467 0.280866 0.190152
77 0.833819 0.817333 0.137770 0.040741
84 0.833854 0.912037 0.246875 0.072222
52 0.766146 0.921296 0.094792 0.042593
16 0.835596 0.655038 0.287586 0.184698
77 0.799219 0.598509 0.151328 0.040741
78 0.838021 0.683333 0.259375 0.074074
11 0.500000 0.386175 0.356798 0.468647
77 0.500000 0.198345 0.179566 0.062963
68 0.500000 0.425926 0.329167 0.322222
19 0.834574 0.452620 0.284367 0.171328
77 0.890764 0.402808 0.151154 0.040741
81 0.832812 0.483333 0.259375 0.055556
57 0.836458 0.481481 0.168750 0.025926
16 0.162678 0.454162 0.284556 0.179607
77 0.227152 0.397863 0.134774 0.040741
23 0.160417 0.482407 0.054167 0.068519
22 0.160417 0.483333 0.031250 0.033333
63 0.254167 0.397222 0.018750 0.024074
10 0.165955 0.243358 0.279905 0.182533
77 0.165955 0.189576 0.149824 0.040741
59 0.165625 0.274074 0.254167 0.066667
53 0.236458 0.259259 0.020833 0.025926
7 0.843461 0.252232 0.292191 0.190188
77 0.788362 0.193192 0.161160 0.040741
52 0.844271 0.284259 0.259375 0.079630
31 0.763021 0.274074 0.019792 0.025926
