77 0.500000 0.069276 0.380000 0.083470
20 0.147761 0.445041 0.256683 0.183194
77 0.201999 0.387999 0.127372 0.040741
81 0.145313 0.473148 0.228125 0.072222
7 0.163252 0.866709 0.271466 0.176327
77 0.163252 0.813438 0.191799 0.040741
39 0.163542 0.900926 0.243750 0.068519
41 0.239063 0.911111 0.017708 0.022222
12 0.842212 0.445750 0.260705 0.173238
77 0.842212 0.397198 0.116251 0.040741
18 0.844271 0.474074 0.234375 0.055556
27 0.923958 0.395370 0.025000 0.031481
18 0.500533 0.839477 0.398321 0.237260
77 0.421544 0.759604 0.219509 0.040741
35 0.502083 0.867593 0.085417 0.109259
44 0.482812 0.834259 0.021875 0.027778
12 0.157897 0.240180 0.261338 0.171753
77 0.144752 0.189103 0.171533 0.040741
29 0.156771 0.275000 0.038542 0.050000
10 0.152083 0.264815 0.020833 0.025926
20 0.850578 0.661753 0.270110 0.191122
77 0.816119 0.604402 0.150506 0.040741
64 0.851042 0.697222 0.062500 0.079630
20 0.152997 0.666365 0.260043 0.188339
77 0.204387 0.609591 0.136429 0.040741
3 0.152083 0.699074 0.064583 0.064815
37 0.231771 0.608333 0.023958 0.031481
15 0.847640 0.246192 0.267378 0.181169
77 0.891570 0.195475 0.119105 0.040741
63 0.849479 0.274074 0.055208 0.070370
50 0.838542 0.269444 0.022917 0.038889
76 0.938021 0.187037 0.017708 0.022222
17 0.500000 0.426905 0.397254 0.550106
77 0.455206 0.202202 0.218125 0.062963
86 0.500000 0.472222 0.366667 0.392593
13 0.841205 0.868759 0.263684 0.183850
77 0.841205 0.811897 0.180319 0.040741
42 0.842187 0.899074 0.042708 0.053704
52 0.841146 0.912963 0.019792 0.025926
31 0.935417 0.806481 0.018750 0.024074
