77 0.500000 0.069163 0.520000 0.079067
20 0.134290 0.263749 0.224484 0.253501
77 0.134290 0.174935 0.135414 0.043953
30 0.134375 0.299074 0.106250 0.135185
17 0.370508 0.833939 0.218458 0.253598
77 0.370508 0.749975 0.164749 0.048672
87 0.369792 0.872222 0.193750 0.122222
71 0.367188 0.864815 0.103125 0.077778
32 0.434896 0.744444 0.028125 0.037037
15 0.134537 0.546005 0.221687 0.245844
77 0.090361 0.457945 0.112500 0.040741
34 0.135417 0.577778 0.060417 0.122222
8 0.382981 0.271873 0.223224 0.244552
77 0.382981 0.184253 0.132540 0.040741
55 0.383333 0.302778 0.191667 0.127778
80 0.435417 0.293519 0.083333 0.072222
29 0.455208 0.185185 0.022917 0.029630
11 0.612464 0.270853 0.219926 0.237605
77 0.612464 0.185421 0.114684 0.040741
63 0.612500 0.307407 0.093750 0.118519
9 0.636458 0.334259 0.035417 0.046296
12 0.372068 0.544487 0.218432 0.237881
77 0.335422 0.460504 0.124307 0.040870
62 0.371875 0.576852 0.089583 0.112963
9 0.858499 0.267437 0.222847 0.238721
77 0.865331 0.187897 0.152978 0.045980
24 0.860938 0.300000 0.098958 0.125926
18 0.856586 0.541945 0.214943 0.246135
77 0.856586 0.452365 0.120416 0.040741
65 0.855729 0.569444 0.190625 0.135185
21 0.802604 0.560185 0.078125 0.064815
13 0.130823 0.841182 0.214114 0.251105
77 0.119581 0.755733 0.123177 0.050070
43 0.127604 0.876852 0.101042 0.127778
37 0.203646 0.749074 0.021875 0.027778
8 0.621990 0.547130 0.225919 0.254862
77 0.584784 0.456066 0.112500 0.041756
12 0.619792 0.578704 0.197917 0.131481
1 0.668750 0.604630 0.085417 0.064815
32 0.690625 0.458333 0.027083 0.035185
