77 0.706111 0.077751 0.287595 0.088834
10 0.861914 0.546736 0.219252 0.245257
77 0.861914 0.462532 0.125394 0.042571
5 0.858854 0.575926 0.192708 0.129630
23 0.822396 0.609259 0.026042 0.033333
31 0.927083 0.454630 0.018750 0.024074
18 0.141884 0.558568 0.226250 0.253621
77 0.141884 0.468567 0.112500 0.041274
81 0.142187 0.592593 0.194792 0.133333
27 0.096875 0.561111 0.027083 0.033333
12 0.625413 0.544962 0.225393 0.243215
77 0.625413 0.463207 0.171683 0.040741
43 0.622917 0.577778 0.081250 0.103704
89 0.610417 0.590741 0.029167 0.037037
76 0.702604 0.460185 0.028125 0.035185
19 0.376762 0.837714 0.216421 0.245966
77 0.395411 0.754303 0.112500 0.045855
79 0.373437 0.867593 0.188542 0.124074
21 0.407292 0.876852 0.100000 0.068519
76 0.453646 0.750000 0.026042 0.033333
19 0.615220 0.265607 0.223211 0.240064
77 0.615220 0.179498 0.135346 0.040741
25 0.613542 0.295370 0.093750 0.120370
23 0.689583 0.175926 0.016667 0.022222
10 0.130957 0.272629 0.217406 0.255136
77 0.116927 0.179784 0.168512 0.040741
72 0.130729 0.300000 0.107292 0.137037
19 0.142017 0.833287 0.223142 0.237658
77 0.165262 0.752839 0.155820 0.040741
59 0.139063 0.867593 0.192708 0.116667
13 0.859031 0.267095 0.225988 0.246956
77 0.859031 0.182959 0.112500 0.044915
36 0.862500 0.305556 0.195833 0.125926
19 0.867708 0.295370 0.047917 0.061111
17 0.373421 0.259167 0.218405 0.245259
77 0.335123 0.176147 0.117985 0.041860
74 0.374479 0.296296 0.090625 0.114815
18 0.368750 0.275000 0.041667 0.053704
9 0.381908 0.540584 0.225366 0.240549
77 0.366733 0.458945 0.174182 0.044819
65 0.379167 0.574074 0.195833 0.118519
