77 0.720254 0.068205 0.284295 0.069744
16 0.142088 0.240983 0.229253 0.187045
77 0.142351 0.186701 0.178655 0.040741
26 0.142708 0.277778 0.200000 0.062963
38 0.148958 0.275926 0.112500 0.025926
13 0.859868 0.244658 0.240317 0.193020
77 0.859868 0.183588 0.160499 0.040741
37 0.858333 0.272222 0.052083 0.066667
1 0.853125 0.262963 0.027083 0.025926
29 0.937500 0.184259 0.027083 0.035185
19 0.500000 0.437823 0.451690 0.571943
77 0.519291 0.197263 0.285072 0.062963
69 0.500000 0.506481 0.425000 0.394444
18 0.147220 0.874886 0.243411 0.190758
77 0.158809 0.817556 0.142617 0.040741
22 0.146354 0.900000 0.219792 0.077778
62 0.220312 0.812963 0.023958 0.029630
20 0.852644 0.444510 0.231151 0.178057
77 0.893718 0.389468 0.128168 0.040741
17 0.852083 0.472222 0.197917 0.077778
19 0.141393 0.456333 0.238990 0.190729
77 0.114728 0.396742 0.164826 0.040741
57 0.140104 0.492593 0.205208 0.074074
17 0.853306 0.662640 0.235807 0.180604
77 0.855184 0.612744 0.181725 0.040741
78 0.854167 0.698148 0.202083 0.062963
81 0.907292 0.704630 0.079167 0.035185
15 0.144065 0.649942 0.233153 0.169125
77 0.170524 0.604676 0.126201 0.040741
47 0.145313 0.676852 0.209375 0.057407
30 0.204687 0.693519 0.019792 0.024074
62 0.224479 0.599074 0.021875 0.027778
16 0.860959 0.863482 0.233788 0.169687
77 0.860959 0.812888 0.137722 0.040741
31 0.860938 0.886111 0.042708 0.053704
47 0.860938 0.894444 0.017708 0.025926
14 0.498948 0.852230 0.449586 0.202034
77 0.429111 0.784677 0.289078 0.040741
1 0.500000 0.882407 0.414583 0.083333
33 0.615625 0.879630 0.022917 0.029630
