77 0.207618 0.066109 0.365235 0.065552
17 0.134655 0.542847 0.221144 0.244117
77 0.102897 0.460850 0.136795 0.047054
59 0.138021 0.580556 0.192708 0.131481
12 0.374329 0.548219 0.217361 0.243431
77 0.399911 0.465746 0.112500 0.040741
22 0.377083 0.577778 0.189583 0.118519
29 0.342708 0.549074 0.020833 0.027778
7 0.134314 0.271698 0.220901 0.239458
77 0.169086 0.191945 0.130523 0.040741
61 0.135417 0.306481 0.187500 0.112963
68 0.170313 0.305556 0.103125 0.070370
19 0.373951 0.265873 0.217321 0.254665
77 0.359763 0.179737 0.168111 0.047035
38 0.373437 0.298148 0.182292 0.133333
0 0.397917 0.310185 0.108333 0.072222
37 0.442708 0.172222 0.020833 0.025926
10 0.136475 0.822203 0.223938 0.242755
77 0.136475 0.740679 0.140548 0.040741
7 0.134375 0.852778 0.191667 0.135185
11 0.616281 0.273137 0.219195 0.242817
77 0.597064 0.188128 0.148407 0.043904
23 0.614062 0.305556 0.084375 0.107407
17 0.634896 0.312963 0.032292 0.040741
12 0.377845 0.841018 0.218398 0.252179
77 0.377845 0.751403 0.165431 0.044923
54 0.376563 0.865741 0.184375 0.138889
45 0.420312 0.829630 0.026042 0.033333
20 0.620333 0.557601 0.222876 0.251802
77 0.588477 0.466118 0.112500 0.040741
1 0.618750 0.583333 0.195833 0.140741
20 0.856551 0.263881 0.222891 0.246685
77 0.829688 0.179112 0.148331 0.040741
70 0.856771 0.294444 0.198958 0.137037
63 0.825521 0.338889 0.026042 0.033333
23 0.921875 0.171296 0.018750 0.024074
13 0.859139 0.554344 0.223717 0.240708
77 0.893333 0.470058 0.134494 0.045345
20 0.862500 0.587963 0.193750 0.109259
82 0.816146 0.586111 0.094792 0.068519
