77 0.206107 0.072695 0.362214 0.078723
7 0.851825 0.237151 0.265440 0.168243
77 0.851447 0.187510 0.205956 0.040741
52 0.851042 0.265741 0.239583 0.053704
44 0.912500 0.275000 0.018750 0.024074
29 0.931771 0.189815 0.028125 0.035185
14 0.153273 0.858332 0.255231 0.171408
77 0.153273 0.813072 0.136416 0.040741
53 0.154688 0.895370 0.036458 0.046296
9 0.853817 0.450235 0.267159 0.179753
77 0.853817 0.394527 0.155393 0.040741
82 0.856250 0.478704 0.235417 0.072222
15 0.848320 0.654485 0.263934 0.175627
77 0.875472 0.600281 0.172770 0.040741
42 0.847917 0.687963 0.047917 0.061111
12 0.848437 0.693519 0.019792 0.024074
17 0.500000 0.393507 0.404988 0.483311
77 0.481674 0.202313 0.216058 0.062963
70 0.503125 0.442593 0.377083 0.340741
11 0.405208 0.480556 0.135417 0.172222
76 0.638542 0.183333 0.020833 0.025926
20 0.153708 0.241880 0.259495 0.189619
77 0.153708 0.182020 0.154911 0.040741
78 0.154167 0.275926 0.229167 0.066667
21 0.148438 0.283333 0.111458 0.033333
13 0.153054 0.453640 0.261942 0.186603
77 0.175652 0.397865 0.174705 0.040741
43 0.153125 0.489815 0.047917 0.061111
8 0.497889 0.815285 0.400767 0.304492
77 0.497889 0.705977 0.188875 0.049396
74 0.497917 0.850926 0.127083 0.161111
71 0.495833 0.843519 0.072917 0.064815
19 0.850454 0.858002 0.258576 0.176515
77 0.848650 0.805612 0.175631 0.040741
29 0.849479 0.892593 0.042708 0.055556
13 0.156591 0.658360 0.257687 0.190306
77 0.131842 0.596936 0.168201 0.040741
87 0.155208 0.689815 0.227083 0.083333
28 0.251042 0.593519 0.018750 0.024074
