77 0.232768 0.069011 0.415535 0.071356
11 0.130716 0.546428 0.217362 0.242988
77 0.143344 0.467037 0.153893 0.047894
85 0.127604 0.576852 0.190625 0.124074
18 0.159375 0.592593 0.050000 0.062963
8 0.382183 0.547776 0.224470 0.239434
77 0.397265 0.464103 0.173472 0.041549
41 0.378125 0.586111 0.091667 0.116667
25 0.397917 0.552778 0.027083 0.035185
12 0.624088 0.555723 0.221728 0.252631
77 0.624088 0.467598 0.117357 0.040741
65 0.626563 0.585185 0.194792 0.151852
7 0.620862 0.270218 0.218047 0.242269
77 0.628777 0.188377 0.114605 0.044138
60 0.618750 0.301852 0.189583 0.111111
32 0.622917 0.302778 0.020833 0.027778
13 0.139825 0.273630 0.218298 0.242145
77 0.124815 0.189237 0.162416 0.042074
56 0.138021 0.304630 0.186458 0.135185
87 0.134375 0.302778 0.100000 0.079630
17 0.857001 0.258536 0.222209 0.237511
77 0.888736 0.173156 0.137907 0.040741
1 0.857292 0.287037 0.187500 0.133333
29 0.936458 0.171296 0.018750 0.024074
12 0.143143 0.832630 0.224165 0.248519
77 0.143143 0.750130 0.122381 0.045409
5 0.144271 0.865741 0.190625 0.135185
31 0.215625 0.739815 0.018750 0.024074
15 0.374757 0.822260 0.224091 0.241448
77 0.374757 0.737813 0.114979 0.042557
55 0.375521 0.854630 0.188542 0.135185
30 0.448958 0.735185 0.020833 0.025926
10 0.864501 0.545073 0.226178 0.250128
77 0.910924 0.457060 0.112500 0.040741
70 0.863542 0.577778 0.200000 0.137037
13 0.371331 0.272572 0.221426 0.244487
77 0.376434 0.191602 0.112500 0.043436
88 0.369792 0.305556 0.189583 0.125926
