77 0.799713 0.074950 0.361778 0.083233
17 0.154021 0.444360 0.259988 0.169260
77 0.154021 0.393282 0.140547 0.040741
78 0.155729 0.475926 0.234375 0.044444
8 0.497901 0.822537 0.388281 0.289743
77 0.497901 0.722293 0.205408 0.057831
62 0.496875 0.862963 0.110417 0.140741
63 0.494271 0.872222 0.026042 0.033333
13 0.848003 0.447609 0.266610 0.174567
77 0.792396 0.395034 0.134562 0.040741
16 0.846354 0.475000 0.234375 0.053704
12 0.845422 0.858955 0.268231 0.171105
77 0.875834 0.809037 0.125138 0.040741
5 0.846875 0.884259 0.241667 0.064815
16 0.906771 0.875000 0.028125 0.035185
18 0.149567 0.659961 0.263056 0.191182
77 0.197415 0.600813 0.146526 0.040741
86 0.150000 0.697222 0.239583 0.079630
89 0.073438 0.689815 0.017708 0.024074
23 0.233854 0.599074 0.021875 0.027778
14 0.154368 0.870395 0.269015 0.187914
77 0.198408 0.811296 0.160101 0.040741
75 0.154688 0.899074 0.244792 0.068519
28 0.240625 0.808333 0.018750 0.024074
14 0.851007 0.235545 0.271061 0.175547
77 0.850892 0.184416 0.120554 0.040741
74 0.852083 0.272222 0.050000 0.062963
9 0.500000 0.398312 0.392479 0.492920
77 0.500000 0.203409 0.215663 0.062963
1 0.499479 0.447222 0.365625 0.338889
23 0.632292 0.188889 0.029167 0.037037
16 0.850096 0.654535 0.272220 0.185562
77 0.890406 0.602037 0.123497 0.040741
56 0.852083 0.684259 0.243750 0.072222
13 0.159016 0.235556 0.267978 0.177425
77 0.133085 0.183265 0.183249 0.040741
37 0.160417 0.262037 0.045833 0.057407
38 0.156771 0.258333 0.021875 0.027778
