77 0.500000 0.118210 0.640000 0.062867
10 0.500000 0.404358 0.391727 0.505012
77 0.569975 0.200568 0.230945 0.062963
32 0.498958 0.454630 0.281250 0.357407
44 0.581250 0.318519 0.037500 0.048148
14 0.838332 0.450645 0.266009 0.175713
77 0.845587 0.399305 0.182229 0.040741
72 0.838542 0.473148 0.047917 0.061111
70 0.833854 0.471296 0.019792 0.027778
9 0.841072 0.253570 0.260426 0.190646
77 0.780690 0.198916 0.118829 0.040741
2 0.841146 0.291667 0.226042 0.075926
71 0.784896 0.289815 0.107292 0.046296
18 0.497848 0.819177 0.387423 0.281509
77 0.557787 0.717940 0.246712 0.050483
51 0.497917 0.854630 0.352083 0.150000
54 0.569792 0.837963 0.189583 0.075926
7 0.846895 0.653423 0.262795 0.174483
77 0.786316 0.600568 0.120805 0.040741
6 0.847917 0.684259 0.233333 0.057407
19 0.157409 0.243353 0.273252 0.178702
77 0.105373 0.188534 0.134530 0.040741
57 0.155729 0.278704 0.242708 0.068519
76 0.103125 0.287963 0.018750 0.024074
15 0.154931 0.656224 0.259610 0.169609
77 0.191891 0.608918 0.164856 0.040741
25 0.154167 0.686111 0.039583 0.050000
63 0.236979 0.601852 0.017708 0.022222
8 0.839918 0.868823 0.262319 0.185457
77 0.891207 0.813079 0.138907 0.040741
27 0.842187 0.900000 0.063542 0.081481
27 0.920833 0.808333 0.018750 0.024074
7 0.150379 0.870231 0.261133 0.181187
77 0.148268 0.815254 0.178568 0.040741
83 0.149479 0.903704 0.230208 0.077778
0 0.185938 0.892593 0.142708 0.033333
14 0.154678 0.454614 0.271724 0.180514
77 0.154678 0.399687 0.194057 0.040741
11 0.152083 0.481481 0.241667 0.074074
14 0.092188 0.495370 0.023958 0.031481
63 0.253125 0.393519 0.016667 0.020370
