77 0.500000 0.142937 0.640000 0.061316
10 0.852000 0.443906 0.256406 0.175145
77 0.878302 0.393184 0.182968 0.040741
79 0.852604 0.470370 0.232292 0.062963
12 0.803646 0.479630 0.023958 0.029630
17 0.500438 0.859138 0.428130 0.207007
77 0.500438 0.791167 0.306903 0.040741
25 0.502083 0.885185 0.066667 0.085185
38 0.509896 0.899074 0.030208 0.035185
11 0.144868 0.870386 0.249095 0.190985
77 0.144868 0.811965 0.112500 0.040741
64 0.142187 0.896296 0.055208 0.070370
63 0.128646 0.886111 0.019792 0.024074
12 0.149618 0.452526 0.245256 0.184004
77 0.197778 0.397274 0.128102 0.040741
0 0.148438 0.486111 0.213542 0.079630
62 0.230208 0.391667 0.018750 0.024074
20 0.144541 0.231255 0.245130 0.170866
77 0.185449 0.185816 0.112500 0.040741
77 0.144271 0.262037 0.209375 0.016667
87 0.100521 0.277778 0.092708 0.025926
14 0.846329 0.869842 0.244040 0.192885
77 0.846329 0.806944 0.163968 0.040741
23 0.844271 0.907407 0.055208 0.070370
64 0.857812 0.908333 0.015625 0.020370
62 0.928125 0.804630 0.018750 0.024074
9 0.858080 0.660203 0.250217 0.181996
77 0.908642 0.603167 0.128259 0.040741
60 0.857812 0.691667 0.213542 0.072222
15 0.147693 0.649752 0.242183 0.176742
77 0.147693 0.595678 0.135986 0.040741
65 0.150000 0.676852 0.212500 0.057407
16 0.853049 0.238773 0.256837 0.181681
77 0.898987 0.183567 0.128189 0.040741
21 0.853646 0.263889 0.232292 0.072222
12 0.500000 0.438243 0.427254 0.572782
77 0.500000 0.201028 0.195306 0.062963
73 0.497396 0.501852 0.284375 0.362963
63 0.644271 0.183333 0.019792 0.025926
