77 0.500000 0.046257 0.380000 0.060297
19 0.610560 0.552814 0.215128 0.242085
77 0.625505 0.466869 0.159665 0.040741
42 0.613542 0.582407 0.091667 0.116667
34 0.584896 0.599074 0.019792 0.038889
37 0.679688 0.468519 0.026042 0.033333
17 0.138960 0.547516 0.220921 0.248996
77 0.161679 0.457293 0.154649 0.040741
50 0.138542 0.575926 0.191667 0.140741
32 0.206250 0.452778 0.016667 0.020370
20 0.377945 0.837400 0.217454 0.244017
77 0.420006 0.756125 0.112500 0.040741
79 0.376563 0.870370 0.184375 0.114815
8 0.396354 0.860185 0.042708 0.053704
11 0.381733 0.257256 0.223305 0.239829
77 0.404513 0.176305 0.156912 0.044923
4 0.380208 0.299074 0.189583 0.120370
89 0.378125 0.303704 0.029167 0.037037
16 0.373998 0.538822 0.216833 0.241546
77 0.338402 0.456151 0.124806 0.040741
19 0.376042 0.573148 0.183333 0.127778
30 0.440625 0.449074 0.016667 0.020370
13 0.863339 0.268121 0.217406 0.242931
77 0.873525 0.184604 0.124540 0.040741
22 0.864062 0.306481 0.188542 0.124074
59 0.836979 0.335185 0.119792 0.059259
30 0.932813 0.177778 0.017708 0.022222
13 0.619283 0.263366 0.221614 0.250430
77 0.663423 0.174649 0.112500 0.040741
9 0.617708 0.295370 0.189583 0.142593
29 0.585417 0.336111 0.027083 0.035185
23 0.696354 0.175000 0.023958 0.031481
11 0.140024 0.266051 0.224388 0.244215
77 0.140024 0.184310 0.135692 0.040741
82 0.138542 0.303704 0.200000 0.129630
32 0.095833 0.271296 0.025000 0.031481
18 0.861733 0.552384 0.219339 0.254238
77 0.861578 0.460704 0.120850 0.041323
17 0.860417 0.581481 0.191667 0.148148
1 0.818750 0.542593 0.087500 0.062963
16 0.139452 0.825713 0.225001 0.247253
77 0.139452 0.741044 0.126016 0.047803
27 0.142187 0.857407 0.107292 0.137037
