77 0.500000 0.057394 0.380000 0.066564
7 0.372803 0.268987 0.224409 0.243290
77 0.331166 0.187122 0.120301 0.046864
28 0.375521 0.299074 0.103125 0.131481
23 0.448958 0.181481 0.022917 0.029630
16 0.135313 0.829684 0.214101 0.244383
77 0.135313 0.747550 0.112500 0.045032
50 0.131771 0.860185 0.184375 0.131481
9 0.132675 0.267329 0.224874 0.254105
77 0.102183 0.176700 0.143057 0.040741
8 0.130208 0.293519 0.197917 0.135185
81 0.095312 0.314815 0.103125 0.077778
11 0.371637 0.559802 0.223074 0.251991
77 0.394785 0.473715 0.143430 0.040741
39 0.370312 0.593519 0.192708 0.142593
38 0.337500 0.617593 0.108333 0.087037
16 0.618500 0.546698 0.214398 0.251351
77 0.639248 0.459728 0.131217 0.040741
20 0.619271 0.574074 0.182292 0.140741
29 0.680208 0.460185 0.027083 0.035185
18 0.137604 0.543115 0.220820 0.241505
77 0.122427 0.457814 0.166133 0.040741
54 0.135417 0.570370 0.189583 0.122222
21 0.177604 0.575926 0.088542 0.070370
7 0.620431 0.275534 0.217292 0.250068
77 0.662410 0.188939 0.112500 0.044408
14 0.622396 0.308333 0.188542 0.135185
25 0.674479 0.288889 0.032292 0.040741
19 0.378167 0.822454 0.223185 0.242886
77 0.378167 0.737874 0.112500 0.045192
35 0.380208 0.851852 0.083333 0.107407
12 0.862497 0.260438 0.224446 0.246105
77 0.862497 0.174924 0.166833 0.040741
49 0.861979 0.294444 0.190625 0.125926
27 0.937500 0.170370 0.022917 0.029630
12 0.862752 0.555719 0.225543 0.244223
77 0.816647 0.470893 0.112500 0.046278
58 0.866146 0.588889 0.196875 0.140741
7 0.834896 0.607407 0.053125 0.066667
30 0.941146 0.464815 0.017708 0.022222
