77 0.500000 0.143766 0.640000 0.076787
12 0.377375 0.556684 0.217640 0.248851
77 0.377375 0.472292 0.134331 0.040741
1 0.378125 0.593519 0.183333 0.127778
17 0.377973 0.271495 0.221238 0.240995
77 0.377973 0.189630 0.136913 0.040741
11 0.376563 0.308333 0.196875 0.116667
17 0.373437 0.312963 0.034375 0.044444
62 0.448437 0.187963 0.028125 0.035185
8 0.862421 0.550553 0.216707 0.238938
77 0.824691 0.468980 0.120414 0.042112
68 0.863021 0.583333 0.182292 0.114815
12 0.616802 0.545885 0.223422 0.249914
77 0.578465 0.461499 0.125915 0.040741
45 0.616667 0.585185 0.095833 0.122222
8 0.374983 0.826753 0.224563 0.252623
77 0.374983 0.734084 0.112500 0.040741
32 0.377083 0.854630 0.089583 0.112963
31 0.446875 0.737963 0.025000 0.031481
12 0.612932 0.271094 0.222599 0.237545
77 0.612932 0.189212 0.135265 0.040741
20 0.611979 0.305556 0.188542 0.129630
36 0.610417 0.311111 0.118750 0.062963
31 0.692187 0.187037 0.023958 0.029630
17 0.140126 0.276785 0.221310 0.254210
77 0.140126 0.186413 0.161389 0.042757
64 0.141667 0.314815 0.102083 0.129630
34 0.125521 0.340741 0.021875 0.044444
8 0.139413 0.542428 0.217709 0.243254
77 0.137571 0.463351 0.161145 0.046545
54 0.137500 0.580556 0.191667 0.124074
10 0.139761 0.820660 0.221326 0.241727
77 0.183758 0.735399 0.112500 0.042979
13 0.139063 0.850926 0.188542 0.127778
9 0.853770 0.260155 0.221053 0.239345
77 0.853770 0.175421 0.112500 0.040741
14 0.852083 0.296296 0.191667 0.125926
78 0.823958 0.273148 0.120833 0.064815
