77 0.500000 0.128006 0.640000 0.066017
8 0.141121 0.442499 0.246273 0.168235
77 0.141121 0.397236 0.179924 0.040741
19 0.139063 0.472222 0.213542 0.055556
8 0.854791 0.239112 0.245216 0.172019
77 0.854791 0.190652 0.117312 0.040741
47 0.851562 0.268519 0.215625 0.055556
13 0.500000 0.444681 0.436436 0.585658
77 0.467568 0.199621 0.263163 0.062963
88 0.503125 0.504630 0.406250 0.424074
11 0.385937 0.413889 0.136458 0.172222
30 0.665104 0.187963 0.028125 0.035185
10 0.856286 0.666708 0.245389 0.182632
77 0.873864 0.615979 0.118630 0.040741
43 0.857292 0.702778 0.039583 0.050000
16 0.854289 0.460016 0.236337 0.188126
77 0.854289 0.404015 0.181751 0.040741
32 0.851562 0.493519 0.059375 0.075926
8 0.140035 0.861909 0.241198 0.176016
77 0.140035 0.807426 0.156183 0.040741
61 0.139583 0.893519 0.208333 0.057407
9 0.502192 0.863249 0.440819 0.188590
77 0.502192 0.804240 0.233262 0.040741
39 0.499479 0.896296 0.409375 0.081481
13 0.147566 0.657906 0.242730 0.172171
77 0.171039 0.612471 0.174949 0.040741
48 0.148438 0.689815 0.211458 0.061111
6 0.103125 0.694444 0.104167 0.033333
20 0.142884 0.252142 0.241237 0.193003
77 0.142884 0.190344 0.152125 0.040741
79 0.142187 0.282407 0.207292 0.072222
19 0.853716 0.862411 0.242619 0.181583
77 0.853716 0.812326 0.179240 0.040741
44 0.851562 0.900000 0.040625 0.051852
70 0.844792 0.896296 0.025000 0.025926
31 0.936979 0.808333 0.028125 0.035185
