77 0.714515 0.075581 0.321887 0.084496
15 0.376690 0.820635 0.215851 0.239914
77 0.348952 0.741357 0.139542 0.040741
9 0.375000 0.850926 0.183333 0.116667
78 0.371875 0.845370 0.122917 0.053704
63 0.443229 0.737037 0.026042 0.033333
8 0.132182 0.551762 0.221285 0.242549
77 0.132182 0.468199 0.153872 0.040741
48 0.131771 0.591667 0.192708 0.127778
69 0.160938 0.623148 0.126042 0.046296
18 0.376399 0.266353 0.222886 0.239369
77 0.421175 0.184514 0.112500 0.040741
43 0.376563 0.305556 0.092708 0.118519
10 0.619268 0.553430 0.216997 0.247486
77 0.619268 0.465779 0.112500 0.041088
75 0.618229 0.585185 0.188542 0.140741
32 0.687500 0.465741 0.025000 0.031481
12 0.612923 0.268597 0.216296 0.254448
77 0.591407 0.182067 0.152433 0.043688
24 0.611979 0.303704 0.107292 0.137037
4 0.591667 0.331481 0.052083 0.070370
11 0.139533 0.832415 0.223077 0.254880
77 0.117891 0.747130 0.158960 0.048830
25 0.140625 0.872222 0.095833 0.122222
57 0.161458 0.854630 0.041667 0.072222
13 0.384381 0.546730 0.224348 0.251547
77 0.404962 0.459515 0.140627 0.040741
36 0.384896 0.577778 0.196875 0.137037
18 0.861981 0.550597 0.223018 0.241960
77 0.851229 0.465757 0.168552 0.040741
4 0.861979 0.578704 0.194792 0.131481
27 0.867188 0.589815 0.023958 0.031481
14 0.143481 0.258811 0.224765 0.237166
77 0.184294 0.180735 0.122306 0.040741
61 0.141667 0.289815 0.191667 0.124074
29 0.211458 0.170370 0.016667 0.022222
7 0.859666 0.264050 0.224051 0.241869
77 0.899969 0.178181 0.122611 0.040741
53 0.859896 0.294444 0.090625 0.114815
58 0.876563 0.303704 0.042708 0.051852
