77 0.500000 0.069932 0.380000 0.071518
16 0.149027 0.870056 0.259881 0.186079
77 0.149027 0.814216 0.123676 0.040741
35 0.148958 0.907407 0.050000 0.062963
39 0.148958 0.918519 0.029167 0.040741
30 0.234375 0.814815 0.029167 0.037037
13 0.156885 0.449608 0.258681 0.178580
77 0.156885 0.395669 0.170448 0.040741
21 0.158854 0.484259 0.226042 0.053704
13 0.147753 0.234910 0.255479 0.172232
77 0.147753 0.185442 0.178690 0.040741
4 0.146875 0.261111 0.229167 0.062963
29 0.224479 0.186111 0.028125 0.035185
15 0.498013 0.854835 0.416447 0.197786
77 0.498013 0.789528 0.225944 0.040741
72 0.497396 0.883333 0.061458 0.077778
28 0.504687 0.864815 0.019792 0.025926
8 0.852746 0.646688 0.246571 0.170081
77 0.852746 0.599371 0.163799 0.040741
73 0.853125 0.680556 0.047917 0.061111
26 0.856771 0.685185 0.028125 0.025926
27 0.929167 0.592593 0.016667 0.022222
19 0.846850 0.246543 0.246129 0.178360
77 0.846850 0.197499 0.123633 0.040741
84 0.845313 0.275926 0.215625 0.066667
9 0.877604 0.284259 0.030208 0.038889
14 0.500000 0.440175 0.420421 0.576647
77 0.500000 0.202274 0.277969 0.062963
46 0.501042 0.497222 0.387500 0.424074
19 0.153414 0.667263 0.256384 0.183028
77 0.185677 0.612113 0.143657 0.040741
10 0.151562 0.699074 0.230208 0.061111
25 0.206771 0.698148 0.017708 0.022222
9 0.848121 0.868373 0.244319 0.185664
77 0.903613 0.815714 0.112500 0.040741
79 0.850521 0.904630 0.215625 0.057407
10 0.848526 0.450076 0.247467 0.168241
77 0.835791 0.405959 0.186341 0.040741
81 0.851562 0.477778 0.215625 0.055556
