77 0.745482 0.070278 0.314688 0.073889
7 0.131459 0.266552 0.220753 0.254643
77 0.150647 0.178375 0.138857 0.050674
26 0.131771 0.302778 0.192708 0.120370
19 0.137751 0.545593 0.216786 0.253411
77 0.097580 0.455826 0.112500 0.041850
43 0.133333 0.574074 0.104167 0.133333
18 0.111979 0.587963 0.051042 0.064815
20 0.619912 0.559032 0.222006 0.254391
77 0.634266 0.468188 0.172464 0.040741
87 0.622396 0.588889 0.194792 0.155556
30 0.670312 0.639815 0.030208 0.038889
16 0.852787 0.270134 0.214923 0.243413
77 0.852787 0.186568 0.122494 0.045771
15 0.852083 0.304630 0.185417 0.120370
5 0.856771 0.312963 0.121875 0.074074
8 0.854392 0.539335 0.219379 0.241376
77 0.897415 0.458802 0.112500 0.040741
31 0.854688 0.564815 0.090625 0.114815
79 0.832812 0.575000 0.040625 0.064815
12 0.368942 0.553908 0.215898 0.255353
77 0.342209 0.470537 0.112500 0.048591
6 0.365625 0.589815 0.189583 0.142593
62 0.444792 0.462037 0.025000 0.031481
9 0.373854 0.822284 0.219412 0.239691
77 0.373854 0.739485 0.112500 0.045701
65 0.369792 0.854630 0.189583 0.109259
17 0.376763 0.258790 0.221277 0.238430
77 0.376763 0.176799 0.116124 0.042979
63 0.376563 0.292593 0.082292 0.103704
17 0.622792 0.264675 0.226514 0.240077
77 0.657673 0.178156 0.135918 0.040741
61 0.622917 0.300926 0.204167 0.127778
14 0.576562 0.312963 0.046875 0.059259
10 0.133051 0.832512 0.226147 0.254120
77 0.131934 0.745233 0.156958 0.043845
58 0.132812 0.870370 0.190625 0.129630
