77 0.752131 0.066485 0.294493 0.066302
18 0.854957 0.863760 0.241363 0.172663
77 0.854957 0.817413 0.144579 0.040741
40 0.854167 0.901852 0.210417 0.048148
20 0.145311 0.458114 0.240708 0.188782
77 0.145311 0.403552 0.178507 0.040741
56 0.145833 0.484259 0.208333 0.068519
63 0.230208 0.394444 0.016667 0.022222
19 0.853705 0.456194 0.238862 0.193367
77 0.892348 0.393966 0.140742 0.040741
85 0.857812 0.483333 0.209375 0.077778
18 0.860047 0.239491 0.251952 0.178273
77 0.860047 0.189153 0.163359 0.040741
73 0.860417 0.275926 0.043750 0.055556
14 0.497878 0.805014 0.432726 0.296473
77 0.472269 0.701710 0.317562 0.049967
61 0.496354 0.835185 0.409375 0.170370
70 0.420833 0.793519 0.245833 0.075926
29 0.645833 0.694444 0.029167 0.037037
8 0.500000 0.394198 0.436969 0.484693
77 0.445462 0.197874 0.307060 0.062963
27 0.499479 0.444444 0.251042 0.318519
48 0.446354 0.491667 0.126042 0.190741
8 0.849555 0.658935 0.243108 0.191888
77 0.794667 0.603142 0.112500 0.040741
35 0.847917 0.690741 0.052083 0.066667
63 0.921875 0.593519 0.016667 0.020370
13 0.153340 0.658357 0.252180 0.179756
77 0.133336 0.605442 0.147317 0.040741
24 0.154167 0.690741 0.058333 0.074074
74 0.157292 0.695370 0.018750 0.024074
23 0.238021 0.600000 0.019792 0.025926
12 0.146788 0.857851 0.241866 0.174208
77 0.200239 0.805549 0.114129 0.040741
13 0.144792 0.883333 0.210417 0.062963
82 0.182292 0.881481 0.131250 0.025926
20 0.152431 0.248957 0.250074 0.181694
77 0.124534 0.193796 0.118181 0.040741
22 0.153646 0.276852 0.223958 0.068519
74 0.191146 0.274074 0.017708 0.022222
