77 0.748566 0.070289 0.323980 0.073911
17 0.166931 0.871115 0.281077 0.191950
77 0.212529 0.811624 0.169047 0.040741
18 0.168750 0.903704 0.256250 0.088889
48 0.101562 0.888889 0.111458 0.040741
29 0.267708 0.807407 0.020833 0.025926
16 0.166918 0.246910 0.285834 0.187002
77 0.166918 0.192579 0.128553 0.040741
56 0.168229 0.281481 0.255208 0.077778
26 0.135417 0.277778 0.166667 0.037037
14 0.832700 0.440695 0.285270 0.169497
77 0.867080 0.390624 0.195676 0.040741
77 0.835938 0.469444 0.257292 0.020370
11 0.839092 0.660198 0.285802 0.191892
77 0.863509 0.604750 0.167546 0.040741
89 0.839583 0.687037 0.060417 0.077778
27 0.852083 0.697222 0.018750 0.024074
12 0.170534 0.447003 0.287017 0.169065
77 0.170534 0.396370 0.150206 0.040741
3 0.169792 0.477778 0.052083 0.051852
13 0.500000 0.389696 0.354808 0.475689
77 0.559057 0.197383 0.215862 0.062963
63 0.496354 0.429630 0.253125 0.322222
10 0.830605 0.862808 0.284999 0.171147
77 0.830605 0.812617 0.144806 0.040741
47 0.830208 0.896296 0.262500 0.066667
50 0.780729 0.887963 0.153125 0.035185
13 0.831677 0.242764 0.279334 0.176084
77 0.804929 0.190206 0.181203 0.040741
11 0.834375 0.271296 0.252083 0.057407
9 0.171461 0.649221 0.293112 0.174085
77 0.169249 0.600128 0.140912 0.040741
73 0.172396 0.685185 0.040625 0.051852
66 0.175521 0.687963 0.019792 0.027778
16 0.502233 0.807213 0.359275 0.304247
77 0.502233 0.702422 0.175432 0.059581
71 0.502604 0.848148 0.323958 0.181481
