77 0.229042 0.066252 0.408084 0.065838
8 0.156689 0.253314 0.275988 0.192507
77 0.156689 0.195499 0.196024 0.040741
41 0.154167 0.287037 0.052083 0.066667
81 0.156771 0.280556 0.028125 0.031481
15 0.831309 0.864306 0.282688 0.178492
77 0.831309 0.809819 0.212808 0.040741
84 0.829688 0.893519 0.251042 0.057407
39 0.859375 0.900000 0.166667 0.025926
7 0.165056 0.451850 0.288990 0.188247
77 0.164357 0.398022 0.219355 0.040741
75 0.165104 0.479630 0.259375 0.066667
55 0.219271 0.482407 0.138542 0.042593
8 0.832174 0.448932 0.279867 0.191854
77 0.800501 0.386980 0.195688 0.040741
61 0.830208 0.480556 0.247917 0.079630
20 0.831383 0.239131 0.281074 0.184960
77 0.844788 0.186631 0.141687 0.040741
71 0.832812 0.268519 0.248958 0.070370
7 0.835304 0.656481 0.290687 0.174091
77 0.835304 0.606489 0.224304 0.040741
65 0.834375 0.688889 0.266667 0.059259
8 0.500000 0.389948 0.356530 0.476192
77 0.416182 0.196530 0.165118 0.062963
5 0.500521 0.432407 0.328125 0.338889
20 0.500065 0.804977 0.356660 0.302013
77 0.500065 0.692245 0.226432 0.047615
78 0.498958 0.837037 0.325000 0.177778
76 0.612500 0.688889 0.022917 0.029630
20 0.163117 0.651971 0.284356 0.168210
77 0.125478 0.608192 0.188244 0.040741
74 0.161458 0.689815 0.033333 0.042593
3 0.167708 0.699074 0.016667 0.016667
20 0.162273 0.859029 0.288895 0.169669
77 0.162273 0.807618 0.166831 0.040741
89 0.164062 0.891667 0.044792 0.057407
8 0.160938 0.891667 0.023958 0.031481
