77 0.500000 0.124937 0.640000 0.077680
8 0.618858 0.272199 0.226136 0.250407
77 0.664691 0.191332 0.113636 0.049961
55 0.617708 0.302778 0.191667 0.124074
25 0.559375 0.267593 0.027083 0.035185
19 0.129723 0.546796 0.219271 0.243108
77 0.129723 0.464853 0.112500 0.040741
0 0.130729 0.583333 0.190625 0.118519
18 0.155208 0.569444 0.033333 0.042593
9 0.379393 0.274387 0.218187 0.251040
77 0.379393 0.188086 0.152529 0.046590
62 0.379688 0.313889 0.092708 0.116667
9 0.132924 0.827169 0.218137 0.238199
77 0.102167 0.741829 0.135788 0.040741
88 0.128646 0.862037 0.188542 0.127778
17 0.088542 0.844444 0.045833 0.059259
18 0.853451 0.261195 0.215199 0.246492
77 0.837961 0.174707 0.163387 0.040741
21 0.851562 0.293519 0.184375 0.142593
17 0.619411 0.550448 0.224572 0.254345
77 0.665030 0.462412 0.112500 0.046632
42 0.621875 0.584259 0.091667 0.116667
73 0.615625 0.566667 0.020833 0.025926
20 0.377972 0.822934 0.219276 0.245894
77 0.394140 0.734604 0.138585 0.040741
66 0.375000 0.847222 0.189583 0.131481
7 0.131755 0.269202 0.214397 0.239556
77 0.115010 0.188267 0.160074 0.040741
37 0.133333 0.303704 0.100000 0.125926
13 0.377520 0.553918 0.216100 0.253201
77 0.377520 0.471189 0.143217 0.050198
4 0.377604 0.591667 0.186458 0.112963
14 0.850520 0.554363 0.216282 0.254220
77 0.870120 0.462471 0.156248 0.042531
72 0.850000 0.588889 0.104167 0.133333
22 0.840625 0.610185 0.058333 0.068519
