77 0.249485 0.069763 0.448971 0.072860
19 0.498040 0.827736 0.348825 0.273618
77 0.498040 0.729853 0.210519 0.044195
46 0.496354 0.855556 0.321875 0.159259
15 0.563021 0.810185 0.044792 0.057407
20 0.173216 0.459761 0.291539 0.187260
77 0.205194 0.402532 0.161351 0.040741
66 0.173437 0.489815 0.267708 0.061111
10 0.832992 0.667996 0.285358 0.184415
77 0.832992 0.615771 0.151952 0.040741
57 0.833854 0.698148 0.261458 0.077778
19 0.166927 0.869212 0.281229 0.192816
77 0.166927 0.809380 0.186870 0.040741
38 0.167708 0.903704 0.258333 0.074074
3 0.245833 0.904630 0.025000 0.024074
32 0.256250 0.806481 0.020833 0.027778
10 0.160008 0.653516 0.282330 0.175904
77 0.160008 0.602342 0.213899 0.040741
15 0.159375 0.684259 0.260417 0.072222
25 0.240625 0.695370 0.022917 0.027778
15 0.836335 0.869142 0.281210 0.171756
77 0.843215 0.823361 0.175337 0.040741
1 0.835938 0.908333 0.244792 0.050000
62 0.933333 0.820370 0.027083 0.033333
7 0.835287 0.241336 0.292550 0.182887
77 0.835287 0.186348 0.173285 0.040741
31 0.837500 0.276852 0.047917 0.061111
12 0.167747 0.233365 0.292741 0.168656
77 0.140560 0.185040 0.217536 0.040741
51 0.167187 0.264815 0.257292 0.062963
16 0.835814 0.455527 0.282502 0.182902
77 0.867611 0.397967 0.152106 0.040741
69 0.835938 0.481481 0.246875 0.074074
9 0.500000 0.409430 0.352745 0.515155
77 0.521743 0.198980 0.203517 0.062963
65 0.502083 0.462963 0.325000 0.366667
25 0.392188 0.364815 0.098958 0.125926
23 0.630729 0.187037 0.023958 0.029630
