77 0.500000 0.065126 0.520000 0.070993
18 0.500400 0.861925 0.366853 0.198989
77 0.500400 0.797687 0.232219 0.040741
7 0.500000 0.888889 0.337500 0.096296
17 0.500000 0.440736 0.366054 0.577767
77 0.583351 0.197945 0.178518 0.062963
41 0.502083 0.500000 0.308333 0.392593
32 0.617188 0.187037 0.023958 0.029630
7 0.155639 0.229700 0.273481 0.169097
77 0.155639 0.180360 0.151514 0.040741
11 0.155729 0.257407 0.238542 0.051852
84 0.153125 0.262963 0.156250 0.025926
14 0.840019 0.870851 0.279269 0.181940
77 0.875503 0.813628 0.179966 0.040741
79 0.838021 0.900926 0.255208 0.079630
28 0.923958 0.812037 0.018750 0.024074
12 0.164513 0.457655 0.284086 0.188892
77 0.164513 0.400299 0.159953 0.040741
70 0.165104 0.487963 0.257292 0.068519
8 0.155801 0.861954 0.273608 0.168083
77 0.155801 0.811878 0.177841 0.040741
43 0.159375 0.899074 0.039583 0.050000
17 0.841826 0.448454 0.286851 0.191000
77 0.863490 0.386896 0.222691 0.040741
61 0.844271 0.476852 0.259375 0.087037
16 0.838610 0.246153 0.281555 0.174304
77 0.803029 0.196382 0.148625 0.040741
25 0.840625 0.283333 0.043750 0.055556
15 0.164012 0.668507 0.284339 0.192393
77 0.208155 0.607751 0.175220 0.040741
34 0.164062 0.701852 0.040625 0.081481
19 0.836316 0.649035 0.283263 0.172922
77 0.853198 0.602389 0.128120 0.040741
75 0.837500 0.684259 0.250000 0.064815
76 0.922396 0.600000 0.026042 0.033333
