1 0.203767 0.071311 0.357534 0.075956
6 0.128972 0.264304 0.219432 0.233319
1 0.148762 0.184129 0.118305 0.040741
8 0.129688 0.299074 0.082292 0.105556
2 0.116146 0.281481 0.044792 0.037037
6 0.606762 0.275477 0.216509 0.237279
1 0.648350 0.193683 0.112500 0.040741
4 0.607292 0.306481 0.181250 0.120370
6 0.845670 0.276923 0.216885 0.248789
1 0.845670 0.191271 0.140640 0.048421
5 0.845833 0.313889 0.085417 0.109259
2 0.844792 0.321296 0.037500 0.038889
0 0.624297 0.551189 0.224869 0.252363
1 0.636641 0.460430 0.163038 0.040741
2 0.622917 0.583333 0.197917 0.140741
7 0.700520 0.456902 0.047422 0.026750
0 0.378183 0.819798 0.215717 0.232302
1 0.377034 0.741742 0.146500 0.040741
2 0.378125 0.855556 0.183333 0.114815
8 0.344792 0.836111 0.022917 0.027778
6 0.122205 0.827317 0.218269 0.245964
1 0.130917 0.739627 0.143211 0.042718
7 0.123958 0.856481 0.095833 0.120370
2 0.146875 0.863889 0.041667 0.068519
6 0.379554 0.545758 0.219022 0.233061
1 0.379554 0.469288 0.115618 0.040741
7 0.377604 0.575000 0.086458 0.109259
6 0.384375 0.570370 0.043750 0.055556
6 0.852242 0.807039 0.218251 0.226795
1 0.852242 0.732585 0.117166 0.040741
2 0.853646 0.846296 0.192708 0.107407
6 0.846913 0.542993 0.208776 0.244891
1 0.846913 0.456412 0.124561 0.040741
5 0.848958 0.578704 0.125000 0.124074
0 0.622766 0.834466 0.218840 0.251688
1 0.583470 0.746681 0.119415 0.040741
2 0.621875 0.868519 0.189583 0.129630
7 0.562500 0.839815 0.025000 0.031481
6 0.138839 0.557634 0.223031 0.249094
1 0.138839 0.467010 0.129731 0.040741
4 0.135937 0.588889 0.194792 0.144444
7 0.214296 0.465630 0.047119 0.028049
0 0.386188 0.267705 0.219841 0.234240
1 0.364763 0.184858 0.156159 0.041642
2 0.385937 0.303704 0.188542 0.122222
2 0.426042 0.280556 0.083333 0.068519
7 0.462398 0.185262 0.042420 0.032317
