1 0.209504 0.077379 0.369009 0.088092
0 0.605586 0.820420 0.214732 0.241251
1 0.605586 0.737468 0.132324 0.044844
2 0.604688 0.852778 0.188542 0.116667
2 0.645312 0.851852 0.084375 0.070370
6 0.846555 0.267558 0.211118 0.240365
1 0.842063 0.184658 0.151713 0.040741
2 0.846875 0.301852 0.179167 0.133333
7 0.879687 0.275926 0.023958 0.029630
0 0.615920 0.250980 0.208619 0.244252
1 0.586730 0.168664 0.112500 0.044066
2 0.616146 0.288889 0.176042 0.125926
0 0.377791 0.820828 0.222612 0.234882
1 0.377791 0.736875 0.165542 0.040741
2 0.377604 0.850926 0.188542 0.112963
5 0.430729 0.839815 0.028125 0.035185
0 0.370042 0.257974 0.214592 0.255417
1 0.351652 0.166632 0.112500 0.041212
7 0.368750 0.290741 0.102083 0.129630
6 0.606146 0.554521 0.214351 0.252473
1 0.606146 0.472830 0.147617 0.049677
2 0.605729 0.593519 0.190625 0.131481
7 0.673552 0.459025 0.054540 0.024443
0 0.862616 0.829824 0.210807 0.230178
1 0.874708 0.750943 0.145109 0.040741
2 0.865104 0.859259 0.180208 0.114815
7 0.927690 0.751310 0.055658 0.036113
0 0.128120 0.252324 0.225735 0.229688
1 0.118497 0.177895 0.122162 0.045190
2 0.130208 0.292593 0.200000 0.103704
6 0.095312 0.295370 0.048958 0.061111
0 0.118141 0.823527 0.209680 0.249419
1 0.104557 0.741129 0.158120 0.048497
2 0.117708 0.861111 0.183333 0.133333
4 0.149479 0.881481 0.113542 0.051852
7 0.180123 0.734363 0.060717 0.034054
6 0.131252 0.549818 0.214658 0.241712
1 0.104965 0.469483 0.141250 0.044196
2 0.132292 0.585185 0.189583 0.125926
6 0.376315 0.554435 0.210892 0.227965
1 0.373087 0.478086 0.155550 0.040741
8 0.377083 0.586111 0.085417 0.109259
7 0.449506 0.476263 0.039510 0.034582
0 0.860652 0.543708 0.213460 0.228730
1 0.860652 0.463127 0.137076 0.040741
6 0.858333 0.573148 0.183333 0.116667
