1 0.238010 0.066227 0.426021 0.065788
0 0.125457 0.826863 0.219718 0.232733
1 0.125457 0.745592 0.150243 0.044136
8 0.125000 0.853704 0.089583 0.114815
0 0.604242 0.813287 0.209811 0.239236
1 0.594845 0.729549 0.148092 0.040741
5 0.602083 0.838889 0.056250 0.114815
2 0.598958 0.830556 0.027083 0.072222
7 0.677500 0.729075 0.038293 0.033774
0 0.381566 0.273765 0.212139 0.227322
1 0.381566 0.194735 0.142156 0.040741
2 0.378125 0.300000 0.181250 0.122222
0 0.846566 0.815454 0.213108 0.227415
1 0.846566 0.738811 0.137038 0.040741
6 0.848437 0.850000 0.184375 0.107407
0 0.621135 0.256138 0.217552 0.231986
1 0.621135 0.178831 0.124988 0.042332
8 0.619792 0.288889 0.072917 0.092593
2 0.607812 0.291667 0.040625 0.053704
6 0.136687 0.525231 0.210480 0.228830
1 0.175260 0.451715 0.112500 0.042441
5 0.134896 0.564815 0.084375 0.107407
0 0.380731 0.841668 0.217448 0.250288
1 0.380731 0.758526 0.144292 0.046029
6 0.383854 0.878704 0.186458 0.138889
2 0.380208 0.889815 0.087500 0.068519
6 0.370537 0.540795 0.210553 0.254904
1 0.370537 0.446980 0.130557 0.040741
5 0.371354 0.571296 0.115625 0.146296
7 0.437279 0.448405 0.052069 0.033088
0 0.143338 0.258638 0.217443 0.234883
1 0.138284 0.183598 0.122098 0.046074
3 0.142187 0.292593 0.190625 0.114815
6 0.103125 0.305556 0.031250 0.040741
0 0.609882 0.546084 0.224042 0.241963
1 0.628661 0.463532 0.112500 0.042134
7 0.611458 0.580556 0.097917 0.124074
8 0.627604 0.552778 0.023958 0.031481
6 0.855948 0.276550 0.209412 0.238399
1 0.875159 0.198018 0.150156 0.040741
6 0.856771 0.315741 0.182292 0.116667
7 0.919374 0.193761 0.057559 0.035785
6 0.849667 0.556294 0.224635 0.246087
1 0.828062 0.473644 0.151861 0.043337
5 0.850000 0.582407 0.097917 0.124074
7 0.930154 0.464444 0.038661 0.025349
