1 0.500000 0.071835 0.520000 0.084412
0 0.854134 0.259891 0.215869 0.240655
1 0.867985 0.176842 0.112500 0.040741
2 0.853646 0.290741 0.192708 0.133333
0 0.361590 0.525778 0.215662 0.229330
1 0.342682 0.447872 0.157011 0.040741
2 0.360417 0.557407 0.185417 0.114815
7 0.437234 0.448109 0.039374 0.036954
0 0.375895 0.264543 0.209497 0.253205
1 0.375895 0.173886 0.123126 0.041244
2 0.378125 0.293519 0.183333 0.138889
6 0.606396 0.537371 0.217634 0.252611
1 0.606396 0.451721 0.144486 0.045473
2 0.603646 0.573148 0.190625 0.127778
2 0.569792 0.593519 0.108333 0.064815
6 0.138389 0.831978 0.217272 0.246454
1 0.132078 0.745982 0.122009 0.048231
2 0.138021 0.870370 0.188542 0.122222
3 0.083854 0.900926 0.073958 0.053704
7 0.205115 0.745938 0.058820 0.037337
0 0.868545 0.560726 0.215707 0.237696
1 0.850823 0.484409 0.129026 0.045055
7 0.869271 0.597222 0.078125 0.098148
6 0.368260 0.815720 0.214519 0.227341
1 0.368260 0.737851 0.135517 0.044254
2 0.369792 0.849074 0.183333 0.120370
6 0.367708 0.852778 0.039583 0.050000
7 0.433900 0.738594 0.058238 0.036051
0 0.119000 0.270122 0.208211 0.243107
1 0.148615 0.188477 0.128148 0.040741
7 0.118750 0.305556 0.104167 0.133333
0 0.128136 0.539650 0.212277 0.246961
1 0.128136 0.453448 0.139364 0.046112
6 0.129167 0.569444 0.181250 0.124074
2 0.092188 0.602778 0.086458 0.042593
6 0.620776 0.827847 0.209884 0.239779
1 0.633717 0.747026 0.163169 0.040741
8 0.621354 0.856481 0.088542 0.112963
5 0.599479 0.885185 0.026042 0.033333
7 0.682237 0.742766 0.061962 0.032581
6 0.619557 0.269632 0.222892 0.230115
1 0.619557 0.190678 0.112500 0.042467
2 0.621354 0.298148 0.192708 0.114815
2 0.623437 0.305556 0.088542 0.044444
7 0.684227 0.186086 0.068552 0.025985
0 0.867177 0.820897 0.219786 0.242176
1 0.867177 0.739778 0.134914 0.047491
1 0.866146 0.855556 0.090625 0.114815
2 0.854167 0.876852 0.043750 0.061111
