1 0.500000 0.061588 0.380000 0.083825
0 0.624926 0.818333 0.219258 0.248820
1 0.624926 0.735228 0.136602 0.042571
5 0.625000 0.856481 0.091667 0.116667
2 0.604167 0.872222 0.035417 0.055556
7 0.700182 0.725047 0.043747 0.025211
6 0.621810 0.545432 0.209481 0.252049
1 0.599939 0.458355 0.144906 0.040741
7 0.623437 0.575000 0.103125 0.131481
0 0.376625 0.275698 0.215083 0.247755
1 0.414613 0.194337 0.114395 0.049319
6 0.375000 0.306481 0.187500 0.127778
7 0.451287 0.184273 0.040760 0.027868
0 0.617664 0.269649 0.210463 0.227112
1 0.631124 0.194201 0.112513 0.044234
7 0.620313 0.301852 0.086458 0.111111
0 0.123604 0.557967 0.212671 0.243359
1 0.123604 0.474979 0.139833 0.040741
6 0.120313 0.592593 0.182292 0.125926
6 0.127154 0.252895 0.219688 0.243888
1 0.127154 0.168194 0.112500 0.040741
8 0.123958 0.279630 0.095833 0.122222
0 0.389050 0.542518 0.221088 0.227943
1 0.389050 0.464295 0.126439 0.040741
6 0.388021 0.571296 0.198958 0.105556
6 0.137955 0.829099 0.219448 0.228886
1 0.151519 0.754430 0.159648 0.040741
2 0.136979 0.859259 0.184375 0.103704
2 0.083854 0.872222 0.071875 0.059259
7 0.208731 0.751075 0.052898 0.035801
0 0.865495 0.828379 0.214455 0.232577
1 0.899347 0.746154 0.112500 0.040741
2 0.866146 0.860185 0.182292 0.131481
0 0.376499 0.824885 0.210033 0.240821
1 0.376499 0.744793 0.130743 0.040741
2 0.377604 0.858333 0.180208 0.116667
0 0.872189 0.250609 0.226274 0.229891
1 0.872189 0.174674 0.127674 0.040741
7 0.873958 0.286111 0.085417 0.109259
6 0.878125 0.300926 0.033333 0.042593
7 0.951327 0.172152 0.042998 0.035940
0 0.851158 0.530786 0.209656 0.235656
1 0.889319 0.450454 0.112500 0.040741
3 0.850000 0.560185 0.185417 0.124074
