1 0.500000 0.141210 0.640000 0.067831
6 0.849173 0.537096 0.216821 0.245438
1 0.890917 0.448904 0.112500 0.040741
5 0.853125 0.567593 0.114583 0.146296
6 0.607778 0.563776 0.208457 0.245656
1 0.631628 0.479372 0.139924 0.043580
6 0.606771 0.589815 0.173958 0.131481
2 0.641667 0.554630 0.091667 0.050000
0 0.367020 0.276250 0.220950 0.238817
1 0.367020 0.193197 0.154941 0.045342
1 0.368750 0.310185 0.091667 0.116667
0 0.610508 0.263371 0.219600 0.244932
1 0.610508 0.181464 0.112500 0.047639
2 0.613542 0.295370 0.189583 0.120370
2 0.648438 0.271296 0.090625 0.061111
7 0.689549 0.178499 0.036517 0.038150
0 0.364674 0.835119 0.218114 0.230565
1 0.364674 0.755231 0.135864 0.040997
7 0.366146 0.863889 0.086458 0.109259
6 0.344271 0.879630 0.032292 0.040741
7 0.426934 0.755553 0.068593 0.034397
6 0.613525 0.844565 0.224468 0.242649
1 0.620863 0.760931 0.144444 0.040741
5 0.614583 0.880556 0.083333 0.105556
0 0.129913 0.257963 0.212997 0.231138
1 0.090081 0.182597 0.112500 0.040741
6 0.130729 0.294444 0.188542 0.118519
6 0.864073 0.837177 0.221696 0.243321
1 0.894191 0.752735 0.112500 0.040741
6 0.867188 0.869444 0.194792 0.142593
2 0.836458 0.850926 0.116667 0.079630
6 0.136378 0.539165 0.214039 0.249506
1 0.136378 0.452347 0.134400 0.041290
1 0.136458 0.576852 0.093750 0.120370
0 0.127977 0.808473 0.214210 0.232695
1 0.127977 0.731617 0.112500 0.040741
2 0.127604 0.838889 0.184375 0.111111
4 0.149479 0.838889 0.111458 0.059259
7 0.194430 0.726068 0.056304 0.030846
0 0.377292 0.543223 0.221992 0.248969
1 0.364385 0.455286 0.158432 0.044358
4 0.377083 0.575000 0.193750 0.131481
0 0.842731 0.262957 0.212041 0.229556
1 0.842731 0.187370 0.138134 0.040741
6 0.842708 0.300926 0.183333 0.105556
7 0.905898 0.178143 0.060708 0.022889
