1 0.500000 0.129604 0.640000 0.068145
6 0.384965 0.530232 0.220669 0.234460
1 0.406625 0.451156 0.146490 0.040741
2 0.383854 0.565741 0.188542 0.112963
2 0.384375 0.555556 0.075000 0.048148
7 0.455204 0.443280 0.055192 0.023519
0 0.147307 0.827191 0.220606 0.231622
1 0.103671 0.750413 0.112500 0.043282
2 0.144271 0.853704 0.190625 0.111111
2 0.173437 0.869444 0.105208 0.064815
6 0.620559 0.556795 0.216135 0.250404
1 0.595009 0.470658 0.144203 0.048061
3 0.617188 0.592593 0.188542 0.133333
7 0.689878 0.466912 0.052496 0.033602
6 0.866360 0.543631 0.212514 0.230486
1 0.905950 0.463892 0.112500 0.044723
5 0.867188 0.574074 0.090625 0.114815
4 0.856771 0.556481 0.059375 0.053704
7 0.935820 0.466922 0.048593 0.040031
6 0.862303 0.272066 0.215966 0.254885
1 0.862303 0.182591 0.141668 0.046804
2 0.864062 0.301852 0.186458 0.133333
7 0.927922 0.178967 0.059728 0.031651
0 0.375348 0.826429 0.215479 0.253020
1 0.375348 0.738266 0.143329 0.050255
7 0.375521 0.856481 0.101042 0.127778
6 0.394271 0.851852 0.048958 0.062963
0 0.614616 0.267542 0.226320 0.255281
1 0.614616 0.176429 0.118058 0.044166
2 0.615625 0.298148 0.200000 0.148148
7 0.688985 0.169964 0.052582 0.023089
6 0.119297 0.549318 0.210977 0.247141
1 0.119297 0.464367 0.162595 0.040752
6 0.120313 0.587037 0.182292 0.125926
7 0.171354 0.551852 0.023958 0.029630
0 0.377813 0.255253 0.220290 0.241716
1 0.377813 0.173001 0.142328 0.047815
2 0.380208 0.286111 0.193750 0.127778
7 0.440691 0.170048 0.069533 0.034269
0 0.134408 0.254386 0.215032 0.248268
1 0.123900 0.168027 0.117484 0.045220
2 0.133333 0.286111 0.189583 0.142593
0 0.845233 0.819776 0.218175 0.243021
1 0.885637 0.737096 0.116534 0.044174
4 0.841667 0.847222 0.187500 0.124074
7 0.916496 0.734016 0.050649 0.034463
6 0.606507 0.832847 0.210975 0.228306
1 0.606507 0.755492 0.160759 0.040741
2 0.606250 0.865741 0.175000 0.109259
