1 0.500000 0.148000 0.640000 0.075187
6 0.619926 0.809437 0.213035 0.227911
1 0.615327 0.732169 0.161962 0.042306
8 0.618750 0.837963 0.079167 0.101852
2 0.626563 0.858333 0.048958 0.053704
0 0.362144 0.280496 0.216302 0.244865
1 0.362144 0.196039 0.126280 0.040741
3 0.363021 0.313889 0.190625 0.120370
8 0.389062 0.281481 0.023958 0.029630
7 0.438847 0.196853 0.037895 0.040542
6 0.625454 0.279517 0.222043 0.238689
1 0.625454 0.200683 0.171996 0.040741
7 0.625000 0.313889 0.085417 0.109259
5 0.628646 0.318519 0.023958 0.029630
6 0.134270 0.807906 0.220971 0.232286
1 0.141298 0.728950 0.124640 0.040741
2 0.132812 0.840741 0.196875 0.125926
6 0.857443 0.807650 0.208948 0.227726
1 0.885068 0.732791 0.132866 0.040741
6 0.858333 0.838889 0.179167 0.103704
7 0.928698 0.724383 0.041439 0.024154
6 0.126027 0.559887 0.210329 0.249058
1 0.126027 0.470330 0.146602 0.040741
5 0.126562 0.587963 0.096875 0.124074
2 0.102083 0.579630 0.043750 0.074074
6 0.141512 0.253948 0.211704 0.225987
1 0.141512 0.177238 0.147038 0.040741
7 0.143750 0.287963 0.089583 0.112963
6 0.373969 0.807628 0.214356 0.232830
1 0.394943 0.725154 0.112500 0.040741
2 0.371875 0.836111 0.187500 0.120370
7 0.368229 0.843519 0.021875 0.027778
6 0.600269 0.559601 0.208676 0.249295
1 0.582386 0.474380 0.152077 0.041012
7 0.598958 0.600000 0.093750 0.118519
6 0.850121 0.538154 0.223651 0.246931
1 0.895280 0.450079 0.112500 0.040741
7 0.851562 0.570370 0.098958 0.125926
7 0.917093 0.448145 0.064708 0.029876
6 0.362348 0.538740 0.215366 0.233779
1 0.362348 0.461074 0.145580 0.040741
7 0.364583 0.575000 0.075000 0.094444
2 0.367188 0.572222 0.046875 0.037037
7 0.428931 0.459394 0.057201 0.038052
0 0.868979 0.270161 0.216836 0.238437
1 0.868979 0.191042 0.115316 0.041962
2 0.869792 0.308333 0.183333 0.112963
3 0.907292 0.297222 0.081250 0.053704
