1 0.500000 0.050613 0.380000 0.060977
0 0.605142 0.565238 0.216700 0.255261
1 0.645111 0.479561 0.115928 0.050195
2 0.604167 0.602778 0.187500 0.138889
0 0.614000 0.262966 0.216417 0.236575
1 0.598670 0.182045 0.159741 0.040741
3 0.614062 0.297222 0.184375 0.120370
8 0.663021 0.326852 0.021875 0.027778
0 0.616725 0.814847 0.220735 0.231938
1 0.616725 0.734349 0.127293 0.043719
1 0.620313 0.845370 0.176042 0.012963
7 0.589583 0.837963 0.018750 0.024074
6 0.364773 0.823814 0.214157 0.236954
1 0.364773 0.741107 0.128421 0.045341
5 0.362500 0.853704 0.085417 0.107407
6 0.128264 0.261446 0.217130 0.246202
1 0.159263 0.179671 0.134298 0.048589
5 0.131771 0.294444 0.098958 0.125926
7 0.197493 0.175526 0.053672 0.037325
0 0.121765 0.529603 0.210056 0.231876
1 0.136317 0.450364 0.160119 0.044463
2 0.123438 0.561111 0.186458 0.129630
1 0.179167 0.523148 0.025000 0.031481
0 0.859854 0.275739 0.218407 0.248921
1 0.853965 0.188278 0.115762 0.040741
2 0.862500 0.310185 0.187500 0.127778
1 0.892188 0.278704 0.023958 0.031481
7 0.936784 0.185944 0.039546 0.032294
0 0.120460 0.830559 0.215309 0.242189
1 0.120460 0.753095 0.138533 0.046664
6 0.120313 0.871296 0.188542 0.124074
2 0.093750 0.865741 0.122917 0.064815
7 0.192368 0.746089 0.046492 0.036212
6 0.850827 0.546432 0.217447 0.246451
1 0.850827 0.463870 0.128005 0.048906
6 0.849479 0.585185 0.188542 0.122222
2 0.891146 0.589815 0.080208 0.075926
6 0.867528 0.827316 0.214924 0.246860
1 0.862350 0.742550 0.154638 0.040741
4 0.867188 0.859259 0.188542 0.122222
7 0.913542 0.894444 0.022917 0.029630
7 0.934640 0.739835 0.055700 0.034861
6 0.372943 0.542812 0.211308 0.226871
1 0.338216 0.466480 0.121021 0.040741
5 0.369792 0.568519 0.050000 0.100000
2 0.371875 0.549074 0.027083 0.038889
6 0.383501 0.255283 0.215997 0.233328
1 0.414344 0.172333 0.117435 0.040741
4 0.385417 0.281481 0.187500 0.125926
7 0.453804 0.171712 0.050390 0.029149
