1 0.500000 0.070828 0.520000 0.082398
0 0.376383 0.537900 0.208100 0.234962
1 0.376383 0.457619 0.112500 0.040741
6 0.377604 0.568519 0.184375 0.125926
6 0.425521 0.550000 0.044792 0.055556
6 0.853784 0.846931 0.226131 0.254655
1 0.853784 0.757723 0.148998 0.047275
2 0.853125 0.883333 0.193750 0.133333
0 0.370703 0.833257 0.221364 0.249910
1 0.386817 0.746569 0.156752 0.040741
2 0.373437 0.866667 0.194792 0.118519
1 0.397917 0.840741 0.108333 0.007407
0 0.863721 0.538876 0.208270 0.241246
1 0.863721 0.458162 0.112500 0.040741
6 0.862500 0.567593 0.175000 0.124074
2 0.830208 0.550000 0.093750 0.055556
0 0.602214 0.253158 0.212472 0.235329
1 0.570051 0.173386 0.127313 0.046784
3 0.601562 0.289815 0.182292 0.105556
4 0.570312 0.311111 0.103125 0.037037
6 0.849906 0.284171 0.224778 0.247132
1 0.808120 0.199116 0.120373 0.049310
8 0.847396 0.326852 0.094792 0.120370
6 0.847396 0.335185 0.032292 0.040741
6 0.124802 0.553776 0.213519 0.233459
1 0.151997 0.475741 0.138295 0.040741
8 0.124479 0.578704 0.086458 0.109259
6 0.624587 0.821719 0.215198 0.246256
1 0.665333 0.738414 0.112873 0.048410
2 0.622396 0.861111 0.186458 0.118519
2 0.601562 0.851852 0.117708 0.055556
0 0.363198 0.283676 0.216465 0.254500
1 0.369705 0.192793 0.162415 0.040741
6 0.363021 0.312037 0.186458 0.142593
6 0.133912 0.253763 0.224425 0.247199
1 0.133912 0.170185 0.112500 0.044925
4 0.135937 0.285185 0.192708 0.129630
2 0.169792 0.280556 0.102083 0.075926
7 0.209702 0.160103 0.047844 0.022842
6 0.132889 0.827913 0.208218 0.235394
1 0.132889 0.746857 0.112500 0.040741
2 0.133854 0.860185 0.178125 0.127778
2 0.100521 0.850000 0.098958 0.059259
7 0.202781 0.740104 0.043435 0.022738
6 0.608111 0.542666 0.224828 0.231467
1 0.608111 0.462412 0.143732 0.043963
2 0.607292 0.573148 0.195833 0.112963
6 0.642708 0.561111 0.037500 0.048148
