1 0.701226 0.075304 0.319228 0.083942
0 0.129506 0.560486 0.221740 0.242785
1 0.114440 0.474085 0.156186 0.040741
2 0.128646 0.594444 0.198958 0.137037
0 0.386615 0.549589 0.225331 0.246146
1 0.386615 0.463872 0.115190 0.040741
8 0.386979 0.577778 0.098958 0.125926
2 0.396875 0.555556 0.052083 0.062963
6 0.607497 0.818678 0.216725 0.227576
1 0.566540 0.744478 0.113977 0.041782
2 0.610417 0.852778 0.189583 0.109259
2 0.578646 0.845370 0.101042 0.046296
7 0.684437 0.742496 0.037847 0.038174
6 0.132298 0.839002 0.216164 0.239434
1 0.132298 0.757327 0.132556 0.040741
2 0.130729 0.867593 0.184375 0.120370
6 0.843888 0.548692 0.212956 0.255412
1 0.866410 0.457903 0.147079 0.047774
2 0.843229 0.581481 0.188542 0.148148
6 0.844271 0.583333 0.059375 0.074074
6 0.860759 0.833688 0.208533 0.233391
1 0.877692 0.756794 0.132993 0.040741
2 0.857812 0.868519 0.180208 0.107407
0 0.389700 0.259816 0.225999 0.254754
1 0.389700 0.170881 0.159593 0.048338
6 0.391667 0.292593 0.200000 0.140741
8 0.431771 0.333333 0.026042 0.033333
0 0.623706 0.541132 0.224289 0.238762
1 0.598208 0.463022 0.112500 0.047105
5 0.626042 0.573148 0.085417 0.109259
6 0.620470 0.285495 0.211985 0.251892
1 0.628145 0.197183 0.112500 0.040741
2 0.619792 0.321296 0.181250 0.135185
6 0.846757 0.243188 0.219517 0.229999
1 0.830545 0.165402 0.166259 0.040741
2 0.844792 0.274074 0.191667 0.125926
0 0.135478 0.270586 0.226241 0.242724
1 0.135478 0.186477 0.144569 0.040741
6 0.138021 0.303704 0.194792 0.137037
8 0.078646 0.270370 0.026042 0.033333
6 0.377108 0.829847 0.216925 0.254263
1 0.377108 0.740174 0.148292 0.040741
4 0.376563 0.864815 0.184375 0.125926
