1 0.500000 0.072212 0.380000 0.070513
0 0.854174 0.543498 0.214769 0.250916
1 0.869068 0.452984 0.112500 0.043559
7 0.854167 0.571296 0.108333 0.138889
6 0.384250 0.548385 0.212607 0.238813
1 0.371893 0.463960 0.112500 0.040741
6 0.382812 0.581481 0.178125 0.125926
6 0.427083 0.550000 0.035417 0.044444
7 0.452896 0.461811 0.050315 0.028628
0 0.122941 0.249991 0.212935 0.242881
1 0.083140 0.166978 0.112500 0.042355
5 0.121875 0.285185 0.104167 0.103704
7 0.187699 0.163901 0.058418 0.033663
6 0.370312 0.281586 0.210429 0.244390
1 0.370312 0.200037 0.160763 0.045910
7 0.371875 0.317593 0.091667 0.116667
6 0.374479 0.316667 0.038542 0.048148
7 0.434252 0.194673 0.057549 0.033527
6 0.363549 0.821917 0.212711 0.240518
1 0.341581 0.739008 0.147942 0.041156
4 0.363542 0.856481 0.189583 0.127778
2 0.394792 0.850000 0.106250 0.066667
6 0.141266 0.849533 0.222140 0.253502
1 0.161684 0.760880 0.160470 0.049570
7 0.141667 0.886111 0.097917 0.124074
2 0.151042 0.896296 0.060417 0.055556
7 0.210603 0.755226 0.058465 0.027852
0 0.863353 0.274790 0.213462 0.230864
1 0.894881 0.199273 0.114810 0.043988
2 0.863021 0.307407 0.188542 0.107407
2 0.863542 0.298148 0.091667 0.040741
0 0.619611 0.264798 0.225232 0.237252
1 0.622943 0.183815 0.175467 0.043070
5 0.619271 0.294444 0.090625 0.114815
0 0.619753 0.831325 0.208374 0.248294
1 0.619753 0.748399 0.112500 0.043848
6 0.618750 0.865741 0.181250 0.120370
0 0.611953 0.563081 0.217059 0.245466
1 0.611953 0.477713 0.140885 0.040741
6 0.610417 0.600926 0.193750 0.124074
2 0.577083 0.587963 0.120833 0.050000
6 0.853713 0.842965 0.207822 0.246384
1 0.874883 0.759756 0.144650 0.048025
2 0.853125 0.877778 0.177083 0.114815
6 0.121173 0.548229 0.214809 0.237015
1 0.121173 0.469118 0.154011 0.040741
7 0.117708 0.583333 0.095833 0.122222
3 0.129167 0.608333 0.052083 0.057407
7 0.193712 0.460032 0.044731 0.023585
