1 0.233959 0.076984 0.417918 0.087302
0 0.365447 0.836389 0.212425 0.248018
1 0.328730 0.753333 0.118158 0.043626
8 0.365104 0.872222 0.092708 0.118519
6 0.854303 0.536575 0.208828 0.246823
1 0.854303 0.455321 0.141360 0.049295
7 0.855729 0.573148 0.080208 0.101852
2 0.854167 0.584259 0.054167 0.053704
7 0.918632 0.451450 0.055170 0.039536
0 0.369410 0.260718 0.215013 0.252318
1 0.384289 0.177863 0.164422 0.047305
2 0.369792 0.297222 0.189583 0.116667
0 0.367539 0.561024 0.220922 0.238904
1 0.347236 0.479290 0.159483 0.041839
2 0.368750 0.600000 0.191667 0.122222
7 0.439466 0.478908 0.052068 0.037636
0 0.144933 0.546221 0.224007 0.228156
1 0.145071 0.466947 0.158593 0.040741
2 0.148438 0.576852 0.194792 0.101852
6 0.854926 0.272628 0.224971 0.250425
1 0.869357 0.183098 0.175276 0.040779
5 0.853646 0.303704 0.107292 0.137037
2 0.833854 0.293519 0.053125 0.087037
6 0.119199 0.834974 0.209184 0.251869
1 0.119199 0.747784 0.151100 0.048821
2 0.118750 0.870370 0.172917 0.137037
2 0.151562 0.876852 0.096875 0.083333
0 0.608651 0.565831 0.224414 0.246517
1 0.607604 0.476637 0.138919 0.040741
2 0.607292 0.594444 0.189583 0.140741
6 0.859849 0.825822 0.217275 0.234921
1 0.859849 0.743779 0.124664 0.042585
7 0.857812 0.854630 0.088542 0.112963
5 0.854688 0.862037 0.030208 0.038889
6 0.125983 0.250806 0.211943 0.242769
1 0.146804 0.168344 0.141336 0.043197
2 0.127604 0.283333 0.182292 0.129630
0 0.626073 0.835964 0.224406 0.227502
1 0.647482 0.760478 0.159807 0.040741
5 0.625521 0.873148 0.080208 0.101852
0 0.605355 0.266184 0.211098 0.227271
1 0.618067 0.193193 0.139997 0.040741
7 0.604688 0.300926 0.082292 0.105556
7 0.594792 0.315741 0.020833 0.027778
