1 0.720236 0.069643 0.281552 0.072620
0 0.380870 0.547034 0.208974 0.251434
1 0.380870 0.461204 0.112500 0.044730
2 0.379167 0.578704 0.179167 0.131481
7 0.446236 0.458759 0.053242 0.037847
6 0.374054 0.840911 0.218435 0.244639
1 0.386239 0.753269 0.165421 0.040741
2 0.371875 0.870370 0.189583 0.125926
2 0.371354 0.864815 0.092708 0.081481
0 0.131243 0.556699 0.224944 0.253630
1 0.156432 0.469532 0.153732 0.040741
8 0.130729 0.585185 0.103125 0.129630
0 0.863948 0.545762 0.208810 0.228613
1 0.828393 0.466521 0.115363 0.042994
2 0.863542 0.580556 0.175000 0.112963
2 0.816667 0.588889 0.068750 0.055556
7 0.928643 0.469433 0.054419 0.038918
0 0.375640 0.255912 0.226276 0.249028
1 0.341325 0.176147 0.136813 0.048846
7 0.375000 0.294444 0.079167 0.100000
0 0.127091 0.848636 0.218583 0.249358
1 0.146257 0.762048 0.159417 0.049667
2 0.125521 0.887037 0.188542 0.118519
2 0.126042 0.891667 0.118750 0.050000
7 0.191374 0.755874 0.065017 0.026797
6 0.853607 0.269409 0.209458 0.228521
1 0.845240 0.193679 0.132262 0.040903
6 0.855208 0.305556 0.183333 0.114815
0 0.611053 0.834425 0.209005 0.238846
1 0.631532 0.755983 0.147214 0.046591
3 0.611458 0.863889 0.177083 0.120370
7 0.684325 0.753276 0.037462 0.039512
6 0.125968 0.258885 0.208668 0.243087
1 0.125968 0.171043 0.112500 0.040741
2 0.125000 0.285185 0.181250 0.133333
7 0.186868 0.172574 0.061868 0.033430
0 0.859252 0.818831 0.216297 0.239764
1 0.859252 0.738695 0.134918 0.041330
5 0.860938 0.850926 0.096875 0.124074
5 0.839063 0.876852 0.030208 0.038889
7 0.934709 0.737244 0.040382 0.039553
6 0.610343 0.253030 0.210227 0.232408
1 0.613854 0.179022 0.148655 0.045875
8 0.608333 0.289815 0.091667 0.116667
6 0.589583 0.288889 0.043750 0.055556
7 0.678479 0.172788 0.048955 0.034887
6 0.615510 0.535506 0.207888 0.247397
1 0.652787 0.448157 0.112500 0.042934
7 0.616146 0.570370 0.098958 0.125926
6 0.626563 0.552778 0.051042 0.064815
