1 0.500000 0.086600 0.380000 0.082443
6 0.617984 0.546708 0.209164 0.252561
1 0.580069 0.455259 0.112500 0.040741
7 0.616146 0.574074 0.107292 0.137037
6 0.635417 0.549074 0.014583 0.053704
0 0.617128 0.845412 0.216542 0.253467
1 0.579078 0.758332 0.112500 0.040741
2 0.615104 0.875926 0.190625 0.148148
0 0.127540 0.247808 0.217880 0.237096
1 0.094629 0.167058 0.131226 0.040741
2 0.130729 0.278704 0.186458 0.127778
0 0.124928 0.540997 0.211771 0.231773
1 0.118973 0.463059 0.150393 0.042988
2 0.122917 0.578704 0.181250 0.116667
0 0.365913 0.824820 0.209849 0.227266
1 0.397737 0.749988 0.125368 0.040741
2 0.366146 0.858333 0.188542 0.101852
3 0.323437 0.875000 0.082292 0.053704
0 0.384173 0.277614 0.213686 0.236240
1 0.384173 0.198885 0.114309 0.045328
7 0.385937 0.311111 0.101042 0.129630
3 0.379688 0.283333 0.063542 0.066667
0 0.867105 0.825382 0.220002 0.243504
1 0.867105 0.740075 0.112500 0.046678
8 0.868229 0.861111 0.092708 0.118519
2 0.852604 0.847222 0.042708 0.061111
0 0.375636 0.556507 0.209132 0.239453
1 0.375636 0.476103 0.112500 0.040741
6 0.373437 0.587037 0.178125 0.129630
0 0.867181 0.553875 0.214286 0.253017
1 0.881379 0.465386 0.165057 0.040741
7 0.869792 0.584259 0.095833 0.120370
5 0.894792 0.598148 0.029167 0.037037
6 0.603196 0.270231 0.209588 0.250950
1 0.577280 0.188548 0.112500 0.046936
5 0.601562 0.304630 0.082292 0.105556
6 0.131359 0.819498 0.212675 0.249068
1 0.131359 0.734660 0.120553 0.045976
2 0.129167 0.860185 0.183333 0.131481
1 0.123438 0.849074 0.023958 0.031481
0 0.859936 0.248252 0.211597 0.226662
1 0.863510 0.170648 0.117144 0.040741
2 0.860417 0.283333 0.185417 0.103704
6 0.907292 0.269444 0.025000 0.031481
