1 0.681917 0.064987 0.321753 0.063308
6 0.135517 0.275621 0.214001 0.232184
1 0.132277 0.198975 0.148301 0.040741
2 0.135417 0.311111 0.181250 0.111111
6 0.134896 0.321296 0.038542 0.050000
0 0.364023 0.541982 0.210086 0.226165
1 0.398239 0.468597 0.112500 0.042665
2 0.362500 0.569444 0.175000 0.112963
2 0.361979 0.562037 0.117708 0.050000
7 0.433949 0.459085 0.045233 0.023334
6 0.864359 0.566800 0.210056 0.255513
1 0.847694 0.479398 0.119990 0.044188
2 0.863021 0.600000 0.184375 0.140741
3 0.817708 0.580556 0.075000 0.064815
7 0.923965 0.476556 0.065845 0.037988
6 0.363734 0.280261 0.214024 0.241081
1 0.363734 0.199397 0.142305 0.043169
1 0.365625 0.318519 0.089583 0.114815
4 0.350521 0.335185 0.040625 0.059259
7 0.424089 0.189671 0.068313 0.022864
6 0.615282 0.552072 0.222097 0.250355
1 0.635975 0.462940 0.159876 0.043422
4 0.614583 0.585185 0.191667 0.122222
6 0.376869 0.806987 0.217560 0.226437
1 0.355591 0.729878 0.154169 0.040741
2 0.375000 0.837037 0.185417 0.111111
2 0.345833 0.831481 0.104167 0.059259
7 0.453458 0.728622 0.039382 0.032670
0 0.863675 0.252212 0.219643 0.229340
1 0.861808 0.173317 0.112500 0.040741
2 0.867188 0.287037 0.188542 0.114815
6 0.611298 0.280540 0.225179 0.245474
1 0.614831 0.195279 0.122428 0.042815
2 0.611979 0.312963 0.194792 0.133333
6 0.624120 0.843412 0.217810 0.239085
1 0.624120 0.763741 0.144255 0.040741
2 0.625521 0.869444 0.192708 0.120370
7 0.702310 0.761939 0.036429 0.039102
6 0.131939 0.806929 0.223782 0.229115
1 0.086715 0.733366 0.112500 0.042717
6 0.133333 0.848148 0.191667 0.107407
6 0.851705 0.839871 0.212807 0.242692
1 0.879063 0.752223 0.137257 0.040741
7 0.848958 0.871296 0.089583 0.112963
0 0.132421 0.552684 0.210984 0.250602
1 0.132421 0.464362 0.130731 0.040741
6 0.131771 0.580556 0.178125 0.146296
7 0.202985 0.460286 0.044855 0.028768
