1 0.500000 0.063597 0.380000 0.076372
6 0.859809 0.268914 0.209757 0.239942
1 0.854511 0.187292 0.151477 0.040741
3 0.861458 0.307407 0.185417 0.125926
6 0.136975 0.256888 0.221418 0.250073
1 0.096545 0.173629 0.119725 0.043051
5 0.137500 0.294444 0.104167 0.133333
2 0.128646 0.322222 0.063542 0.055556
6 0.125086 0.542587 0.217759 0.236738
1 0.118062 0.458879 0.112500 0.040741
5 0.124479 0.568519 0.096875 0.122222
6 0.622137 0.532550 0.209451 0.232236
1 0.644086 0.451915 0.144722 0.043389
2 0.619271 0.562037 0.180208 0.112963
6 0.373767 0.252151 0.220858 0.232292
1 0.353402 0.170358 0.159294 0.040741
4 0.376042 0.278704 0.191667 0.127778
6 0.854268 0.527523 0.216719 0.232872
1 0.895960 0.452999 0.112500 0.045378
5 0.854167 0.560185 0.085417 0.109259
0 0.856370 0.825340 0.222026 0.240017
1 0.865522 0.747603 0.127516 0.047011
2 0.855729 0.862963 0.196875 0.103704
3 0.859896 0.862963 0.082292 0.044444
7 0.936354 0.739328 0.037058 0.030956
6 0.139706 0.822170 0.217466 0.244722
1 0.139706 0.739625 0.137058 0.040741
5 0.140625 0.850000 0.102083 0.129630
0 0.624119 0.816520 0.218482 0.242811
1 0.632001 0.735064 0.118732 0.041224
1 0.626042 0.854630 0.085417 0.109259
6 0.625766 0.278018 0.223320 0.252858
1 0.589694 0.185452 0.130341 0.040741
2 0.625000 0.307407 0.193750 0.140741
6 0.369558 0.544656 0.210974 0.254311
1 0.392560 0.454927 0.137927 0.047976
6 0.368750 0.576852 0.187500 0.135185
7 0.428791 0.448341 0.067509 0.024644
0 0.370539 0.819867 0.219869 0.239833
1 0.370539 0.738203 0.170209 0.046703
7 0.368750 0.856481 0.083333 0.105556
