1 0.500000 0.082770 0.380000 0.065868
6 0.612353 0.257330 0.219943 0.245055
1 0.612353 0.171919 0.161941 0.040741
5 0.614583 0.288889 0.095833 0.122222
6 0.126223 0.549983 0.225884 0.233739
1 0.104361 0.473940 0.161327 0.044164
2 0.127604 0.580556 0.192708 0.120370
2 0.169271 0.600926 0.094792 0.068519
0 0.857219 0.814438 0.224050 0.241124
1 0.816884 0.732640 0.122547 0.040741
7 0.855208 0.845370 0.091667 0.116667
2 0.861458 0.850000 0.041667 0.070370
0 0.143522 0.807517 0.214963 0.233111
1 0.109726 0.728640 0.126537 0.040741
1 0.144271 0.842593 0.078125 0.100000
6 0.372435 0.257097 0.215939 0.232433
1 0.368365 0.180870 0.150550 0.040741
2 0.371875 0.292593 0.183333 0.122222
6 0.845176 0.543315 0.216322 0.231369
1 0.845176 0.467765 0.140635 0.041326
6 0.846354 0.577778 0.184375 0.111111
6 0.371158 0.807154 0.218712 0.227143
1 0.399075 0.732364 0.112500 0.040741
2 0.371875 0.837037 0.191667 0.107407
7 0.330208 0.821296 0.018750 0.024074
6 0.126994 0.265965 0.218660 0.242859
1 0.164915 0.182486 0.121984 0.040741
5 0.128646 0.293519 0.082292 0.105556
5 0.108854 0.275000 0.023958 0.031481
0 0.851823 0.267451 0.217623 0.242566
1 0.853995 0.182819 0.165871 0.047002
7 0.855208 0.293519 0.097917 0.124074
7 0.880729 0.259259 0.023958 0.029630
0 0.602372 0.823424 0.210241 0.253167
1 0.581342 0.731349 0.147348 0.040741
2 0.602083 0.856481 0.183333 0.135185
2 0.606250 0.848148 0.097917 0.051852
6 0.367558 0.556466 0.223646 0.243011
1 0.360339 0.469593 0.112500 0.040741
2 0.364583 0.587963 0.193750 0.127778
0 0.610954 0.535397 0.218599 0.238356
1 0.610954 0.455667 0.151300 0.040741
2 0.613542 0.567593 0.187500 0.135185
8 0.578125 0.595370 0.027083 0.035185
