1 0.500000 0.061796 0.380000 0.067875
6 0.384812 0.830630 0.213843 0.228772
1 0.384812 0.752157 0.112500 0.045336
2 0.382292 0.860185 0.183333 0.112963
0 0.626779 0.276062 0.221882 0.232564
1 0.606061 0.199028 0.159612 0.044246
7 0.625521 0.316667 0.084375 0.107407
4 0.613021 0.318519 0.051042 0.062963
6 0.610465 0.836879 0.210089 0.228078
1 0.610465 0.760770 0.112500 0.043562
6 0.610417 0.868519 0.187500 0.100000
2 0.557813 0.884259 0.076042 0.035185
6 0.854106 0.842310 0.220187 0.238546
1 0.852120 0.758406 0.160132 0.040741
5 0.851562 0.868519 0.117708 0.118519
6 0.370048 0.546689 0.215452 0.233517
1 0.364568 0.468640 0.139734 0.040741
8 0.367708 0.579630 0.095833 0.122222
3 0.385417 0.547222 0.050000 0.046296
6 0.857032 0.557362 0.213446 0.231894
1 0.873159 0.480790 0.120685 0.044377
2 0.855208 0.596296 0.187500 0.114815
2 0.848958 0.603704 0.093750 0.048148
0 0.136411 0.533997 0.226441 0.234948
1 0.168349 0.454746 0.112500 0.040741
2 0.136979 0.568519 0.192708 0.125926
6 0.387141 0.271623 0.222627 0.250965
1 0.342493 0.183094 0.112500 0.041327
2 0.387500 0.299074 0.187500 0.131481
0 0.129780 0.248465 0.219081 0.235479
1 0.129780 0.166979 0.133641 0.040741
2 0.132292 0.283333 0.191667 0.111111
5 0.177604 0.268519 0.034375 0.033333
6 0.854549 0.263522 0.208976 0.237429
1 0.839322 0.179357 0.157689 0.040741
2 0.856250 0.292593 0.181250 0.118519
3 0.861458 0.295370 0.093750 0.061111
0 0.608597 0.534851 0.217815 0.230356
1 0.567746 0.453377 0.115280 0.040741
6 0.606771 0.561111 0.192708 0.111111
5 0.555729 0.586111 0.028125 0.035185
6 0.130873 0.840203 0.213677 0.241794
1 0.130873 0.756107 0.141698 0.040741
7 0.130729 0.869444 0.092708 0.116667
2 0.117188 0.856481 0.057292 0.072222
