1 0.500000 0.071825 0.520000 0.084392
0 0.125611 0.814293 0.214005 0.237384
1 0.104575 0.731413 0.151098 0.040741
1 0.125000 0.847222 0.097917 0.124074
4 0.121875 0.840741 0.047917 0.074074
7 0.193272 0.730878 0.053684 0.033517
0 0.367943 0.548771 0.223352 0.231823
1 0.367943 0.473923 0.112500 0.041533
6 0.370312 0.581481 0.192708 0.107407
7 0.408854 0.611111 0.019792 0.025926
6 0.620165 0.269281 0.220562 0.253319
1 0.663779 0.183564 0.112500 0.044226
2 0.623437 0.305556 0.192708 0.129630
6 0.867302 0.827452 0.221061 0.226188
1 0.867302 0.749026 0.139789 0.041338
2 0.868750 0.851852 0.187500 0.118519
6 0.377603 0.819301 0.211124 0.241462
1 0.407178 0.741618 0.131142 0.045660
2 0.379167 0.853704 0.181250 0.133333
0 0.125957 0.547512 0.215211 0.253201
1 0.157681 0.458754 0.130929 0.047807
2 0.127083 0.581481 0.185417 0.144444
0 0.625700 0.814359 0.225834 0.241715
1 0.600675 0.732646 0.154951 0.048043
2 0.623437 0.847222 0.196875 0.124074
5 0.683333 0.819444 0.025000 0.031481
0 0.144575 0.281796 0.221112 0.249377
1 0.131582 0.193568 0.137350 0.046727
2 0.145313 0.312037 0.196875 0.131481
7 0.096354 0.277778 0.026042 0.033333
7 0.209234 0.194616 0.066794 0.037981
0 0.864416 0.555546 0.222653 0.240882
1 0.869178 0.471317 0.168509 0.040741
8 0.864583 0.583333 0.100000 0.125926
5 0.850000 0.570370 0.037500 0.048148
6 0.364581 0.268746 0.208758 0.232160
1 0.364581 0.191310 0.150550 0.040741
4 0.365104 0.301852 0.176042 0.111111
2 0.399479 0.318519 0.084375 0.040741
6 0.861343 0.263019 0.220476 0.251537
1 0.861343 0.174251 0.154645 0.040741
6 0.859896 0.300926 0.188542 0.135185
4 0.911979 0.272222 0.076042 0.051852
6 0.608457 0.549138 0.215070 0.245917
1 0.606158 0.466391 0.163027 0.047225
6 0.607812 0.585185 0.182292 0.122222
