1 0.767037 0.069882 0.360799 0.073098
0 0.366616 0.837913 0.222504 0.231474
1 0.384246 0.756040 0.159041 0.040741
7 0.369792 0.864815 0.085417 0.107407
6 0.857359 0.822151 0.209150 0.245141
1 0.857359 0.739139 0.141431 0.040741
2 0.857812 0.850000 0.173958 0.133333
0 0.370432 0.248591 0.219923 0.236859
1 0.370432 0.165944 0.123215 0.040741
6 0.369271 0.277778 0.190625 0.137037
6 0.120638 0.841047 0.208544 0.251385
1 0.125496 0.753053 0.151864 0.048143
2 0.121354 0.869444 0.182292 0.135185
0 0.372515 0.537851 0.221230 0.252545
1 0.372515 0.450063 0.112500 0.046000
2 0.370312 0.574074 0.194792 0.137037
2 0.339062 0.553704 0.115625 0.077778
6 0.613955 0.829452 0.218600 0.250297
1 0.653329 0.741720 0.119019 0.048488
2 0.614062 0.868519 0.186458 0.133333
6 0.617708 0.867593 0.041667 0.053704
0 0.133478 0.551861 0.210460 0.248452
1 0.133478 0.465468 0.129119 0.048782
5 0.130208 0.589815 0.089583 0.112963
0 0.131616 0.264044 0.212341 0.249285
1 0.131616 0.175179 0.157252 0.042500
6 0.129688 0.287963 0.178125 0.135185
2 0.100000 0.311111 0.095833 0.059259
6 0.615656 0.562258 0.219255 0.242112
1 0.654094 0.479169 0.121546 0.041053
2 0.613021 0.593519 0.190625 0.127778
2 0.618750 0.603704 0.072917 0.055556
6 0.619565 0.261028 0.208814 0.253882
1 0.628793 0.173411 0.116552 0.040741
2 0.620313 0.294444 0.184375 0.137037
0 0.862182 0.531966 0.225492 0.241948
1 0.832631 0.447235 0.145557 0.044663
2 0.864062 0.562963 0.196875 0.137037
4 0.868750 0.566667 0.097917 0.085185
7 0.937699 0.445445 0.049457 0.031870
6 0.854256 0.284573 0.217269 0.251254
1 0.858716 0.201501 0.148107 0.045896
2 0.853125 0.317593 0.183333 0.131481
2 0.850521 0.314815 0.109375 0.077778
