1 0.237118 0.074651 0.424236 0.082636
0 0.377764 0.817989 0.208312 0.228600
1 0.343184 0.740973 0.118319 0.040755
2 0.375521 0.854630 0.182292 0.112963
2 0.333333 0.877778 0.089583 0.059259
0 0.871726 0.554320 0.226197 0.233159
1 0.890154 0.473869 0.112500 0.040741
2 0.874479 0.590741 0.196875 0.122222
7 0.945045 0.476014 0.054559 0.039510
6 0.384807 0.546098 0.215363 0.229997
1 0.343792 0.470541 0.112500 0.040741
4 0.383854 0.582407 0.188542 0.109259
7 0.450548 0.468833 0.058881 0.038430
0 0.141159 0.544556 0.219774 0.245938
1 0.175330 0.461048 0.130600 0.040741
2 0.138542 0.579630 0.189583 0.125926
6 0.606062 0.274403 0.221422 0.244209
1 0.593649 0.194877 0.154470 0.048288
8 0.605208 0.313889 0.091667 0.116667
7 0.670309 0.187131 0.067928 0.032627
6 0.149064 0.833004 0.225440 0.250042
1 0.168875 0.747123 0.164985 0.044124
4 0.147917 0.864815 0.200000 0.140741
7 0.223608 0.740576 0.051354 0.028149
0 0.137542 0.243448 0.217296 0.227509
1 0.159904 0.169683 0.151739 0.040741
2 0.134896 0.279630 0.186458 0.100000
7 0.200430 0.167208 0.066520 0.037993
6 0.870814 0.255822 0.222758 0.247530
1 0.884327 0.172428 0.112500 0.048514
1 0.867188 0.291667 0.086458 0.109259
6 0.866523 0.810707 0.226511 0.232290
1 0.886507 0.733918 0.165710 0.042793
2 0.865104 0.844444 0.192708 0.122222
2 0.842187 0.866667 0.121875 0.055556
0 0.391094 0.268903 0.225089 0.249226
1 0.350310 0.187588 0.122688 0.048867
2 0.392188 0.307407 0.194792 0.129630
3 0.444792 0.331481 0.075000 0.066667
6 0.619161 0.554953 0.211540 0.230369
1 0.658264 0.475219 0.112500 0.040741
2 0.617708 0.585185 0.183333 0.122222
6 0.617145 0.825331 0.226090 0.255146
1 0.645244 0.735943 0.149058 0.040741
7 0.616146 0.857407 0.096875 0.122222
