1 0.500000 0.078903 0.380000 0.079638
0 0.604268 0.842315 0.210803 0.241400
1 0.604268 0.759879 0.155366 0.041420
1 0.601562 0.873148 0.161458 0.012963
7 0.670694 0.752000 0.052951 0.023733
0 0.140292 0.563581 0.223414 0.242735
1 0.117568 0.482908 0.143843 0.040741
6 0.140104 0.595370 0.201042 0.135185
5 0.205208 0.574074 0.037500 0.048148
0 0.367635 0.828412 0.213168 0.231442
1 0.367635 0.752858 0.112500 0.040741
2 0.368229 0.864815 0.188542 0.103704
2 0.370312 0.870370 0.084375 0.051852
6 0.123348 0.819099 0.208731 0.228359
1 0.085649 0.739818 0.112500 0.040741
7 0.123438 0.848148 0.078125 0.100000
6 0.846296 0.848540 0.216917 0.253419
1 0.846296 0.765238 0.160406 0.049969
2 0.845313 0.879630 0.188542 0.129630
6 0.842187 0.875000 0.059375 0.075926
6 0.854652 0.275011 0.218949 0.248985
1 0.854652 0.187346 0.112500 0.040741
6 0.855208 0.303704 0.185417 0.133333
0 0.141824 0.242856 0.213126 0.228798
1 0.141824 0.170675 0.112500 0.044251
2 0.141146 0.279630 0.182292 0.107407
0 0.620009 0.262231 0.222197 0.246280
1 0.620009 0.179106 0.152783 0.049165
4 0.618750 0.300926 0.193750 0.124074
6 0.624962 0.560973 0.226251 0.242761
1 0.626509 0.476565 0.154617 0.040741
2 0.622917 0.589815 0.197917 0.116667
0 0.365066 0.543134 0.213684 0.228044
1 0.363557 0.462554 0.112500 0.040741
2 0.365625 0.567593 0.181250 0.120370
6 0.397396 0.557407 0.044792 0.055556
6 0.373796 0.255848 0.209868 0.253031
1 0.373796 0.168186 0.136136 0.041709
5 0.373958 0.294444 0.104167 0.133333
2 0.365104 0.277778 0.057292 0.051852
7 0.444028 0.161290 0.044405 0.026877
6 0.852836 0.560775 0.223983 0.239039
1 0.852836 0.481167 0.126951 0.040741
2 0.850521 0.596296 0.194792 0.129630
2 0.881250 0.574074 0.106250 0.062963
