1 0.500000 0.140182 0.640000 0.071639
0 0.859952 0.264705 0.226433 0.250213
1 0.859952 0.177893 0.126883 0.040741
2 0.863021 0.290741 0.196875 0.137037
7 0.940916 0.173993 0.039506 0.031751
0 0.367917 0.536917 0.208939 0.247617
1 0.367917 0.456232 0.143636 0.047250
5 0.364583 0.569444 0.054167 0.109259
2 0.361979 0.550926 0.030208 0.046296
0 0.137429 0.534434 0.211579 0.243915
1 0.137429 0.449076 0.144379 0.040741
7 0.135937 0.561111 0.105208 0.133333
0 0.130412 0.825733 0.215138 0.230575
1 0.130412 0.746984 0.113736 0.044807
6 0.128125 0.862037 0.187500 0.112963
6 0.369034 0.817358 0.207897 0.248496
1 0.360064 0.733730 0.115311 0.046702
6 0.367708 0.856481 0.175000 0.124074
0 0.631688 0.847652 0.225776 0.255018
1 0.618401 0.753748 0.132258 0.040741
4 0.632812 0.877778 0.194792 0.133333
2 0.597396 0.864815 0.113542 0.074074
6 0.605727 0.549163 0.212549 0.235072
1 0.591903 0.469700 0.164069 0.043025
2 0.606250 0.585185 0.183333 0.118519
7 0.667791 0.469752 0.063421 0.039215
6 0.868429 0.814485 0.222216 0.247443
1 0.868429 0.731461 0.142301 0.040741
2 0.868750 0.846296 0.187500 0.129630
5 0.927604 0.876852 0.036458 0.046296
7 0.944946 0.722414 0.044182 0.026263
6 0.371819 0.266090 0.208855 0.234224
1 0.334059 0.186550 0.112500 0.045314
2 0.372396 0.298148 0.184375 0.111111
7 0.441507 0.186854 0.044479 0.038716
0 0.611599 0.271997 0.210340 0.230063
1 0.611599 0.192087 0.112500 0.040741
7 0.613542 0.305556 0.081250 0.103704
6 0.864905 0.538585 0.212394 0.234959
1 0.864905 0.460291 0.123640 0.040741
2 0.866146 0.569444 0.186458 0.116667
2 0.824479 0.591667 0.086458 0.061111
0 0.143910 0.254793 0.214894 0.245859
1 0.143910 0.167285 0.155317 0.040741
4 0.143750 0.284259 0.187500 0.127778
7 0.220698 0.166318 0.036318 0.031870
