1 0.500000 0.084012 0.380000 0.080719
6 0.858522 0.531376 0.223973 0.239290
1 0.847523 0.447417 0.112500 0.042713
5 0.861458 0.561111 0.056250 0.114815
2 0.856250 0.562963 0.031250 0.051852
0 0.144229 0.275364 0.215639 0.243198
1 0.144229 0.195863 0.141455 0.045811
6 0.141667 0.312037 0.183333 0.124074
6 0.180208 0.295370 0.039583 0.050000
6 0.377407 0.842456 0.221998 0.247984
1 0.333074 0.753379 0.112500 0.040741
1 0.377083 0.875000 0.100000 0.127778
7 0.450325 0.750289 0.051161 0.026613
6 0.378411 0.251275 0.222995 0.245612
1 0.333581 0.167674 0.112500 0.048079
4 0.378646 0.281481 0.190625 0.125926
2 0.375521 0.273148 0.109375 0.057407
6 0.124102 0.548157 0.219078 0.240227
1 0.158310 0.462364 0.129828 0.042279
3 0.122917 0.577778 0.187500 0.125926
6 0.367827 0.547142 0.220643 0.239151
1 0.367827 0.461203 0.116140 0.040741
6 0.367708 0.581481 0.189583 0.129630
6 0.142915 0.808863 0.221898 0.230024
1 0.120559 0.729631 0.156352 0.040741
2 0.141146 0.844444 0.196875 0.107407
7 0.215468 0.730613 0.051792 0.036487
0 0.860558 0.832812 0.223812 0.229941
1 0.879453 0.753103 0.147513 0.040741
4 0.859896 0.862037 0.196875 0.124074
6 0.864520 0.263054 0.225678 0.230207
1 0.864520 0.187025 0.163026 0.040741
2 0.864583 0.294444 0.200000 0.103704
1 0.862500 0.300926 0.018750 0.024074
7 0.930305 0.185948 0.069106 0.038958
0 0.615453 0.822802 0.219884 0.228384
1 0.615453 0.750990 0.128044 0.045261
7 0.617188 0.856481 0.082292 0.105556
8 0.621875 0.860185 0.020833 0.027778
6 0.622689 0.279698 0.218073 0.246532
1 0.622689 0.192727 0.112500 0.045379
6 0.619271 0.311111 0.188542 0.118519
7 0.695476 0.190632 0.047499 0.031362
0 0.620703 0.540689 0.221855 0.236854
1 0.620703 0.460267 0.165910 0.040741
6 0.622396 0.576852 0.194792 0.124074
6 0.621875 0.579630 0.050000 0.062963
