1 0.500000 0.142329 0.640000 0.076756
6 0.378768 0.820338 0.220162 0.229848
1 0.336900 0.741316 0.115594 0.041988
8 0.378125 0.857407 0.087500 0.111111
0 0.132954 0.539040 0.213616 0.242528
1 0.132954 0.453387 0.159476 0.045050
5 0.131250 0.566667 0.095833 0.122222
0 0.149221 0.833828 0.225228 0.227317
1 0.155313 0.755525 0.133454 0.040741
2 0.148958 0.864815 0.202083 0.114815
2 0.103125 0.891667 0.081250 0.038889
6 0.373689 0.271236 0.218169 0.236055
1 0.373689 0.191617 0.112500 0.040741
7 0.377083 0.300926 0.085417 0.109259
5 0.360417 0.288889 0.029167 0.037037
0 0.604864 0.252710 0.214355 0.237324
1 0.636271 0.173109 0.130707 0.043745
2 0.604688 0.284259 0.180208 0.120370
3 0.599479 0.282407 0.090625 0.064815
6 0.612757 0.814955 0.219468 0.229396
1 0.569690 0.741327 0.112500 0.042978
7 0.611458 0.850926 0.075000 0.094444
2 0.629687 0.850926 0.034375 0.053704
0 0.615011 0.543060 0.215061 0.237453
1 0.583618 0.464497 0.131442 0.040741
2 0.616146 0.569444 0.184375 0.120370
0 0.861643 0.554919 0.211984 0.226507
1 0.822318 0.480799 0.112500 0.041153
7 0.861458 0.590741 0.075000 0.096296
0 0.857685 0.834287 0.217613 0.232324
1 0.857685 0.754488 0.137701 0.044719
3 0.858333 0.861111 0.193750 0.122222
4 0.833854 0.848148 0.121875 0.070370
6 0.864966 0.257697 0.222233 0.242661
1 0.909416 0.172615 0.112500 0.040741
2 0.865625 0.284259 0.200000 0.131481
2 0.859896 0.278704 0.113542 0.061111
0 0.375106 0.539336 0.215712 0.229178
1 0.390455 0.462825 0.112500 0.045779
8 0.373437 0.576852 0.080208 0.101852
6 0.385417 0.560185 0.031250 0.038889
6 0.131328 0.245689 0.209326 0.231944
1 0.131328 0.170355 0.136210 0.040741
6 0.132292 0.275000 0.181250 0.116667
7 0.198832 0.160440 0.049317 0.024408
