1 0.500000 0.068712 0.520000 0.078164
6 0.620362 0.543950 0.208156 0.242239
1 0.620362 0.459318 0.157767 0.040741
2 0.619271 0.571296 0.184375 0.124074
7 0.684950 0.458959 0.053980 0.035220
6 0.147633 0.543473 0.225912 0.228852
1 0.147633 0.465525 0.152858 0.040791
2 0.150000 0.571296 0.197917 0.109259
6 0.608353 0.823291 0.207855 0.231847
1 0.584069 0.743827 0.138453 0.045851
2 0.607292 0.859259 0.177083 0.111111
0 0.123594 0.265599 0.215699 0.234954
1 0.083973 0.184373 0.115623 0.040741
7 0.121875 0.298148 0.095833 0.122222
6 0.860268 0.247272 0.213703 0.236466
1 0.827390 0.167290 0.127114 0.045982
2 0.863021 0.275000 0.186458 0.120370
4 0.884375 0.294444 0.122917 0.066667
0 0.379496 0.537281 0.217019 0.230509
1 0.347637 0.459924 0.132468 0.041371
4 0.379688 0.568519 0.182292 0.125926
0 0.129964 0.823377 0.208017 0.253660
1 0.129964 0.736749 0.159075 0.046587
2 0.131250 0.858333 0.175000 0.135185
6 0.603533 0.272996 0.211280 0.231067
1 0.603533 0.191998 0.140467 0.040741
5 0.604688 0.300000 0.092708 0.118519
0 0.857737 0.833904 0.217158 0.234798
1 0.863959 0.751965 0.154387 0.040741
3 0.854688 0.869444 0.188542 0.112963
3 0.806250 0.868519 0.087500 0.059259
7 0.930612 0.752288 0.046407 0.034528
6 0.369336 0.825482 0.212211 0.252350
1 0.387965 0.736247 0.154120 0.042808
4 0.369792 0.852778 0.189583 0.138889
6 0.853104 0.532382 0.219382 0.236144
1 0.853104 0.454638 0.168221 0.042755
2 0.852604 0.563889 0.182292 0.131481
7 0.849479 0.562963 0.026042 0.033333
0 0.371282 0.255954 0.213358 0.253198
1 0.371282 0.171950 0.112500 0.050303
2 0.368229 0.291667 0.182292 0.135185
6 0.318750 0.317593 0.047917 0.061111
