1 0.228814 0.072167 0.407629 0.077666
6 0.374965 0.264666 0.219608 0.252893
1 0.341350 0.177522 0.131546 0.040741
6 0.375000 0.301852 0.197917 0.129630
7 0.446351 0.174197 0.051836 0.034917
6 0.604510 0.277831 0.210833 0.244215
1 0.571433 0.197010 0.123845 0.045583
6 0.602083 0.306481 0.179167 0.124074
7 0.675415 0.188993 0.044022 0.029501
6 0.610955 0.556022 0.212814 0.247834
1 0.629194 0.469908 0.155502 0.044128
2 0.613542 0.592593 0.185417 0.137037
0 0.858891 0.819814 0.219580 0.234494
1 0.858891 0.739620 0.149694 0.043612
6 0.860417 0.845370 0.189583 0.116667
0 0.855658 0.556886 0.223091 0.250384
1 0.846838 0.470238 0.158720 0.043648
6 0.854688 0.584259 0.194792 0.138889
0 0.369793 0.833396 0.213331 0.247005
1 0.343208 0.749790 0.139328 0.040741
6 0.372396 0.866667 0.186458 0.133333
6 0.614121 0.822131 0.216955 0.240568
1 0.641718 0.736220 0.140927 0.040741
2 0.614062 0.845370 0.182292 0.131481
6 0.132581 0.545475 0.214938 0.226249
1 0.161753 0.469175 0.129821 0.040741
6 0.132812 0.578704 0.190625 0.116667
6 0.124573 0.811247 0.219282 0.237395
1 0.124573 0.726496 0.113601 0.040741
2 0.126562 0.846296 0.186458 0.122222
6 0.384510 0.552419 0.214909 0.228655
1 0.384510 0.477711 0.112500 0.040741
2 0.386458 0.585185 0.183333 0.103704
6 0.850948 0.241493 0.209071 0.226642
1 0.863913 0.167968 0.162307 0.040741
5 0.851562 0.275000 0.065625 0.083333
6 0.130999 0.262370 0.216779 0.249891
1 0.130999 0.180569 0.112500 0.048391
2 0.130729 0.299074 0.184375 0.116667
7 0.177604 0.332407 0.021875 0.027778
7 0.198695 0.168691 0.056388 0.025496
