1 0.500000 0.116899 0.640000 0.062792
0 0.360396 0.818638 0.212656 0.240679
1 0.340966 0.736882 0.123781 0.043746
8 0.358854 0.850926 0.096875 0.124074
3 0.357812 0.856481 0.065625 0.079630
6 0.857805 0.842303 0.209261 0.240689
1 0.857805 0.758449 0.112500 0.040741
4 0.856250 0.873148 0.183333 0.131481
0 0.129045 0.806313 0.216075 0.229252
1 0.123391 0.729363 0.165726 0.040741
5 0.127083 0.839815 0.050000 0.101852
7 0.200688 0.725790 0.047790 0.031167
6 0.615518 0.553302 0.223893 0.247734
1 0.615518 0.466425 0.125511 0.047601
4 0.616667 0.580556 0.200000 0.131481
6 0.122646 0.545163 0.210976 0.227881
1 0.122646 0.470462 0.132378 0.040741
2 0.120833 0.580556 0.181250 0.109259
5 0.076042 0.609259 0.029167 0.037037
0 0.855575 0.278292 0.220084 0.242256
1 0.855575 0.192951 0.117820 0.040741
2 0.856250 0.309259 0.185417 0.125926
7 0.927616 0.193499 0.051002 0.035633
0 0.119515 0.250407 0.207846 0.239513
1 0.119515 0.170463 0.161846 0.043736
4 0.118229 0.283333 0.176042 0.118519
6 0.382496 0.273004 0.214521 0.234367
1 0.400107 0.196053 0.158466 0.040741
6 0.382292 0.300000 0.185417 0.114815
2 0.386458 0.292593 0.095833 0.059259
7 0.445540 0.192398 0.063432 0.036118
0 0.867871 0.560852 0.222051 0.247201
1 0.902043 0.476390 0.132874 0.043314
2 0.864583 0.595370 0.193750 0.131481
0 0.622510 0.273972 0.211218 0.246068
1 0.583568 0.193646 0.112500 0.045588
6 0.621875 0.310185 0.181250 0.135185
6 0.614035 0.843605 0.211326 0.240960
1 0.614035 0.761413 0.163226 0.044139
1 0.615625 0.881481 0.089583 0.114815
2 0.633854 0.861111 0.048958 0.059259
7 0.678125 0.755518 0.058146 0.027750
0 0.375740 0.557064 0.222349 0.242247
1 0.414905 0.474050 0.123187 0.045527
7 0.374479 0.588889 0.092708 0.118519
2 0.367188 0.575926 0.059375 0.062963
7 0.450691 0.471652 0.047448 0.034387
