1 0.500000 0.069014 0.520000 0.078768
0 0.613306 0.828713 0.211575 0.227529
1 0.596429 0.757240 0.112500 0.044501
2 0.612500 0.865741 0.187500 0.090741
4 0.607292 0.869444 0.102083 0.053704
6 0.371184 0.835732 0.211989 0.243802
1 0.371184 0.751366 0.164204 0.041400
2 0.373958 0.868519 0.181250 0.140741
7 0.371354 0.879630 0.026042 0.033333
6 0.615313 0.264244 0.211175 0.237713
1 0.615313 0.181059 0.112500 0.040741
4 0.614583 0.292593 0.179167 0.125926
0 0.147798 0.277505 0.220856 0.250476
1 0.156422 0.192402 0.162599 0.046547
7 0.147396 0.309259 0.084375 0.107407
0 0.851510 0.248677 0.211364 0.234097
1 0.851510 0.170745 0.112598 0.041430
5 0.847917 0.278704 0.052083 0.105556
6 0.372050 0.249361 0.208121 0.237191
1 0.388001 0.170530 0.155385 0.040741
2 0.371875 0.284259 0.172917 0.105556
6 0.610442 0.562480 0.208185 0.254086
1 0.634885 0.475369 0.118219 0.044856
2 0.612500 0.597222 0.181250 0.120370
0 0.127551 0.843865 0.226503 0.243053
1 0.155577 0.758007 0.149619 0.040741
6 0.127083 0.880556 0.189583 0.127778
8 0.093229 0.907407 0.026042 0.033333
0 0.123866 0.542146 0.215468 0.243126
1 0.137554 0.459471 0.131720 0.044098
6 0.124479 0.575926 0.186458 0.137037
2 0.147917 0.592593 0.122917 0.051852
7 0.197522 0.454859 0.043156 0.031514
6 0.864845 0.543822 0.210133 0.247508
1 0.864845 0.458326 0.114620 0.048596
2 0.863542 0.583333 0.179167 0.122222
0 0.363579 0.548119 0.218920 0.249795
1 0.363579 0.462342 0.112500 0.040741
8 0.362500 0.582407 0.106250 0.135185
6 0.851158 0.840436 0.223944 0.236999
1 0.849318 0.762669 0.135324 0.040741
6 0.854167 0.870370 0.195833 0.118519
2 0.858333 0.870370 0.091667 0.044444
