1 0.500000 0.130287 0.640000 0.072818
6 0.846840 0.530768 0.221545 0.240802
1 0.810537 0.451195 0.128105 0.046390
2 0.848437 0.567593 0.190625 0.109259
6 0.606716 0.832150 0.219362 0.249985
1 0.606716 0.742578 0.136023 0.040741
7 0.609375 0.863889 0.097917 0.124074
0 0.850994 0.829587 0.209661 0.236021
1 0.850994 0.745345 0.112500 0.040741
2 0.853125 0.860185 0.181250 0.109259
2 0.900000 0.860185 0.070833 0.057407
0 0.125523 0.818423 0.225277 0.239774
1 0.125523 0.734907 0.112500 0.044611
2 0.125521 0.851852 0.194792 0.118519
2 0.174479 0.850926 0.090625 0.072222
6 0.128368 0.259658 0.223059 0.237878
1 0.136645 0.181099 0.128481 0.041015
8 0.126042 0.293519 0.091667 0.116667
2 0.130208 0.296296 0.041667 0.062963
7 0.201052 0.171205 0.052691 0.023935
6 0.368254 0.259826 0.225396 0.230123
1 0.368088 0.183932 0.172345 0.040741
2 0.370312 0.294444 0.196875 0.103704
7 0.450288 0.180712 0.036329 0.034859
0 0.366825 0.817563 0.226014 0.251894
1 0.413165 0.732981 0.112500 0.046906
2 0.368750 0.848148 0.195833 0.125926
7 0.446260 0.721518 0.042143 0.022768
6 0.621019 0.540541 0.210592 0.251761
1 0.634895 0.450241 0.138199 0.044391
2 0.622917 0.568519 0.185417 0.137037
6 0.139878 0.553012 0.216333 0.251974
1 0.139878 0.462461 0.112500 0.040741
2 0.141667 0.584259 0.187500 0.142593
3 0.107813 0.603704 0.094792 0.059259
6 0.864519 0.277999 0.215389 0.239012
1 0.864519 0.197221 0.135468 0.046825
7 0.862500 0.314815 0.085417 0.107407
2 0.861979 0.302778 0.057292 0.064815
6 0.606719 0.269167 0.210904 0.255246
1 0.606719 0.181024 0.131955 0.044406
4 0.606771 0.309259 0.186458 0.133333
0 0.378695 0.551306 0.224861 0.240921
1 0.378695 0.467476 0.114007 0.040741
6 0.380208 0.585185 0.200000 0.133333
7 0.452309 0.468996 0.052631 0.039262
