1 0.500000 0.070845 0.520000 0.082430
6 0.612902 0.263868 0.214016 0.252271
1 0.572560 0.175075 0.112500 0.044626
2 0.614583 0.296296 0.185417 0.125926
2 0.636979 0.260185 0.117708 0.042593
0 0.846003 0.822991 0.208007 0.239262
1 0.846003 0.739741 0.112500 0.040741
7 0.846875 0.859259 0.095833 0.122222
7 0.917074 0.741362 0.040865 0.038967
6 0.854643 0.562256 0.208792 0.244501
1 0.882938 0.482931 0.131369 0.048320
6 0.854688 0.595370 0.182292 0.112963
7 0.922571 0.473599 0.047937 0.030150
6 0.617658 0.816721 0.217313 0.232218
1 0.607743 0.740439 0.127590 0.040741
1 0.620833 0.855556 0.185417 0.014815
2 0.620313 0.862963 0.109375 0.025926
7 0.694029 0.735042 0.039570 0.031823
6 0.385261 0.543322 0.222474 0.237359
1 0.374655 0.466403 0.143312 0.047364
2 0.381771 0.580556 0.194792 0.105556
6 0.140514 0.535033 0.217968 0.247351
1 0.129745 0.450737 0.139812 0.042713
6 0.142708 0.572222 0.187500 0.122222
0 0.142947 0.277735 0.216501 0.241682
1 0.111618 0.191575 0.133011 0.042056
8 0.142187 0.312963 0.098958 0.125926
0 0.377770 0.825746 0.213031 0.251262
1 0.401311 0.739878 0.112500 0.044114
5 0.376563 0.861111 0.084375 0.107407
7 0.445718 0.733891 0.052135 0.030514
6 0.141778 0.840884 0.221208 0.233683
1 0.144455 0.759252 0.153456 0.040741
2 0.140625 0.870370 0.195833 0.118519
7 0.146354 0.874074 0.023958 0.029630
7 0.216941 0.756260 0.045881 0.027398
0 0.615926 0.538188 0.218083 0.249039
1 0.593849 0.449036 0.112500 0.040741
2 0.619271 0.570370 0.190625 0.129630
6 0.366017 0.251792 0.219238 0.235564
1 0.366017 0.174961 0.114329 0.043403
2 0.365625 0.288889 0.185417 0.111111
8 0.338542 0.325926 0.022917 0.029630
7 0.441901 0.167114 0.042470 0.029172
6 0.841767 0.273288 0.208927 0.245997
1 0.841767 0.189496 0.160293 0.045336
2 0.843229 0.306481 0.178125 0.124074
