1 0.704027 0.074904 0.366196 0.083141
0 0.138138 0.280195 0.221229 0.255488
1 0.120965 0.194302 0.166049 0.049709
8 0.138021 0.321296 0.088542 0.112963
7 0.213877 0.187461 0.044751 0.032983
6 0.382229 0.271081 0.226300 0.233451
1 0.423259 0.193578 0.123407 0.043461
7 0.380729 0.306481 0.092708 0.116667
6 0.858314 0.533857 0.216486 0.226839
1 0.867983 0.459256 0.152801 0.043003
2 0.857292 0.568519 0.189583 0.118519
2 0.859375 0.566667 0.129167 0.040741
0 0.626915 0.560067 0.222164 0.252523
1 0.612150 0.475034 0.171799 0.044494
6 0.626563 0.596296 0.194792 0.118519
3 0.655208 0.624074 0.116667 0.048148
7 0.698804 0.466905 0.053386 0.029161
6 0.123624 0.528893 0.208101 0.237922
1 0.123624 0.448558 0.112500 0.040741
2 0.121354 0.556481 0.180208 0.120370
2 0.169792 0.572222 0.077083 0.044444
0 0.371542 0.826226 0.219392 0.228662
1 0.387646 0.752238 0.166349 0.040741
6 0.372917 0.854630 0.189583 0.105556
6 0.413542 0.864815 0.037500 0.048148
7 0.443955 0.749695 0.049565 0.038563
6 0.853128 0.835918 0.213569 0.245768
1 0.813011 0.747040 0.112500 0.040741
2 0.853125 0.866667 0.185417 0.133333
6 0.364470 0.540266 0.209227 0.226783
1 0.364470 0.463251 0.112500 0.040741
7 0.363021 0.567593 0.080208 0.101852
0 0.617737 0.273829 0.209762 0.242373
1 0.632051 0.190140 0.126429 0.047246
2 0.616146 0.303704 0.182292 0.118519
0 0.626062 0.826188 0.216351 0.238331
1 0.600843 0.741586 0.141170 0.040741
5 0.622917 0.852778 0.093750 0.120370
7 0.697198 0.742568 0.049078 0.034053
6 0.849748 0.266041 0.223971 0.227947
1 0.895066 0.189461 0.112500 0.040741
5 0.849479 0.300926 0.080208 0.101852
2 0.845833 0.277778 0.052083 0.040741
6 0.133098 0.842601 0.215762 0.255121
1 0.124230 0.755530 0.162594 0.047224
2 0.131250 0.879630 0.187500 0.122222
2 0.091667 0.852778 0.087500 0.046296
