1 0.500000 0.076494 0.520000 0.093728
6 0.127976 0.277170 0.222020 0.238708
1 0.172320 0.195607 0.112500 0.040741
2 0.129167 0.304630 0.193750 0.120370
0 0.381002 0.840510 0.223134 0.249411
1 0.381002 0.759014 0.112500 0.047773
8 0.379688 0.878704 0.094792 0.120370
2 0.391667 0.866667 0.062500 0.055556
7 0.461548 0.748540 0.037042 0.028434
6 0.377142 0.268292 0.221866 0.238227
1 0.396414 0.186206 0.128248 0.042883
2 0.377604 0.296296 0.194792 0.118519
2 0.418750 0.302778 0.104167 0.072222
7 0.449204 0.187141 0.052741 0.038889
0 0.619472 0.259882 0.222842 0.241317
1 0.577900 0.179455 0.118865 0.047528
7 0.617708 0.288889 0.087500 0.111111
7 0.686425 0.177469 0.063937 0.039453
6 0.613950 0.846062 0.224425 0.246853
1 0.641928 0.766572 0.133394 0.049290
2 0.614062 0.877778 0.192708 0.118519
6 0.564583 0.851852 0.031250 0.040741
6 0.138698 0.557130 0.211088 0.236314
1 0.152041 0.473025 0.158442 0.040741
1 0.141146 0.590741 0.092708 0.118519
2 0.126042 0.610185 0.037500 0.053704
6 0.630395 0.545659 0.225106 0.232357
1 0.599724 0.467757 0.118713 0.040741
2 0.630208 0.583333 0.189583 0.114815
2 0.655208 0.562037 0.122917 0.064815
0 0.859778 0.564491 0.208500 0.246996
1 0.859778 0.478549 0.136853 0.040741
6 0.858854 0.593519 0.182292 0.135185
0 0.126470 0.837438 0.217833 0.244809
1 0.168720 0.756462 0.112500 0.042247
2 0.125000 0.870370 0.185417 0.129630
6 0.863719 0.282788 0.222964 0.255146
1 0.852893 0.193183 0.122850 0.044652
3 0.866667 0.314815 0.193750 0.140741
0 0.386776 0.553132 0.216468 0.251669
1 0.410318 0.464716 0.131879 0.046902
6 0.384375 0.587037 0.187500 0.144444
1 0.436979 0.629630 0.028125 0.037037
6 0.864730 0.832762 0.209895 0.231503
1 0.894091 0.751292 0.130338 0.040741
6 0.864583 0.862037 0.175000 0.112963
2 0.824479 0.848148 0.078125 0.048148
