1 0.215919 0.067975 0.381839 0.069284
0 0.129822 0.275360 0.214697 0.245289
1 0.170504 0.188954 0.112500 0.043811
7 0.131250 0.308333 0.091667 0.116667
0 0.617582 0.545395 0.220760 0.234964
1 0.582153 0.468995 0.129068 0.046094
2 0.617188 0.582407 0.190625 0.109259
6 0.663542 0.576852 0.033333 0.042593
7 0.687370 0.458332 0.056183 0.023801
6 0.361621 0.274833 0.211817 0.247569
1 0.333339 0.191104 0.112500 0.046512
8 0.360938 0.310185 0.088542 0.112963
5 0.342708 0.338889 0.022917 0.029630
7 0.434439 0.181259 0.041179 0.023384
6 0.868879 0.534905 0.217349 0.246205
1 0.868879 0.449935 0.125591 0.046605
6 0.872396 0.562963 0.188542 0.129630
2 0.896875 0.579630 0.122917 0.055556
0 0.627170 0.258582 0.218397 0.248832
1 0.628947 0.172496 0.127641 0.047419
1 0.628125 0.292593 0.089583 0.114815
0 0.384540 0.844130 0.217135 0.251121
1 0.350991 0.755327 0.125329 0.042708
4 0.383333 0.880556 0.191667 0.138889
0 0.850354 0.823638 0.213516 0.236629
1 0.864961 0.742227 0.163468 0.040741
5 0.848437 0.859259 0.090625 0.114815
2 0.861979 0.850926 0.057292 0.061111
7 0.916486 0.739941 0.056252 0.032197
0 0.855337 0.266924 0.213106 0.252091
1 0.855337 0.177480 0.130489 0.040741
8 0.855729 0.296296 0.107292 0.137037
4 0.884896 0.330556 0.042708 0.050000
6 0.366739 0.547881 0.223023 0.245394
1 0.405707 0.463297 0.124253 0.041734
6 0.365625 0.584259 0.187500 0.131481
7 0.435591 0.460510 0.060318 0.033614
0 0.132474 0.834638 0.224943 0.228079
1 0.132474 0.760419 0.158278 0.040741
2 0.132292 0.869444 0.197917 0.109259
7 0.203492 0.752130 0.057906 0.026027
6 0.146574 0.551509 0.224894 0.248238
1 0.146574 0.464305 0.173715 0.041330
7 0.144792 0.586111 0.108333 0.138889
0 0.627382 0.846569 0.224287 0.246762
1 0.611978 0.758385 0.144027 0.040741
2 0.627604 0.877778 0.192708 0.122222
6 0.654687 0.900926 0.036458 0.046296
