1 0.500000 0.084312 0.380000 0.083136
0 0.371691 0.550665 0.214473 0.243091
1 0.386950 0.469360 0.125454 0.040741
2 0.370833 0.576852 0.191667 0.124074
6 0.121460 0.542301 0.216456 0.227085
1 0.087569 0.468592 0.127841 0.040741
1 0.125000 0.575926 0.085417 0.107407
0 0.626077 0.538165 0.226425 0.249141
1 0.595037 0.451562 0.143511 0.040741
7 0.627083 0.571296 0.093750 0.120370
5 0.652604 0.548148 0.026042 0.033333
0 0.376723 0.265195 0.225023 0.237183
1 0.405430 0.186902 0.128470 0.040805
2 0.377083 0.291667 0.195833 0.120370
2 0.411979 0.273148 0.103125 0.072222
6 0.852287 0.828017 0.211456 0.227890
1 0.852287 0.752436 0.153010 0.040741
2 0.854688 0.855556 0.182292 0.118519
7 0.923593 0.751886 0.043845 0.038591
0 0.609027 0.827821 0.226089 0.245953
1 0.648199 0.741307 0.112500 0.040741
6 0.607292 0.862037 0.193750 0.138889
0 0.617779 0.286427 0.223937 0.254520
1 0.647730 0.195724 0.143202 0.040741
2 0.617708 0.312963 0.202083 0.137037
2 0.645312 0.344444 0.119792 0.051852
7 0.698853 0.189740 0.036790 0.024108
6 0.845258 0.557421 0.218511 0.251228
1 0.833458 0.469435 0.121570 0.042180
7 0.845313 0.581481 0.098958 0.125926
5 0.876563 0.597222 0.028125 0.035185
0 0.360936 0.823162 0.211777 0.242508
1 0.391254 0.738131 0.130308 0.040741
2 0.361458 0.849074 0.185417 0.124074
1 0.398958 0.820370 0.104167 0.007407
7 0.431644 0.737316 0.045362 0.033778
6 0.143768 0.266077 0.216099 0.227713
1 0.143768 0.191703 0.118406 0.040741
2 0.144271 0.297222 0.182292 0.098148
4 0.141146 0.287963 0.101042 0.053704
6 0.130700 0.823177 0.222874 0.232926
1 0.103573 0.744794 0.147785 0.041522
5 0.130729 0.849074 0.080208 0.101852
7 0.203685 0.742399 0.051906 0.034334
6 0.862828 0.278258 0.208527 0.247950
1 0.862828 0.195223 0.136816 0.043436
2 0.865104 0.315741 0.182292 0.124074
