1 0.500000 0.072154 0.520000 0.085048
0 0.143252 0.829175 0.220346 0.254085
1 0.186270 0.738998 0.113476 0.041168
4 0.145313 0.853704 0.192708 0.140741
0 0.858932 0.822816 0.216876 0.246626
1 0.846499 0.735821 0.154043 0.044398
2 0.859896 0.855556 0.182292 0.137037
2 0.861979 0.857407 0.109375 0.051852
0 0.618564 0.847932 0.211711 0.248121
1 0.618564 0.760844 0.114831 0.040741
3 0.618750 0.876852 0.189583 0.146296
7 0.681319 0.758770 0.061201 0.032758
6 0.622722 0.261595 0.225157 0.228079
1 0.663354 0.184427 0.123060 0.040741
6 0.622396 0.291667 0.201042 0.105556
7 0.697497 0.182175 0.050606 0.032202
0 0.853079 0.527031 0.222651 0.226644
1 0.834673 0.453457 0.151558 0.040741
2 0.854688 0.565741 0.194792 0.105556
0 0.621947 0.550396 0.222394 0.227689
1 0.654756 0.470402 0.112500 0.040741
2 0.621875 0.585185 0.200000 0.122222
6 0.365171 0.259657 0.215895 0.235766
1 0.365171 0.180275 0.130028 0.044790
2 0.363021 0.290741 0.188542 0.118519
6 0.867620 0.269263 0.219505 0.255186
1 0.867620 0.178573 0.125079 0.040741
2 0.867708 0.304630 0.183333 0.142593
6 0.382357 0.822805 0.219809 0.239009
1 0.387196 0.739750 0.150857 0.040741
5 0.378125 0.851852 0.095833 0.122222
6 0.365625 0.869444 0.035417 0.046296
6 0.123719 0.547915 0.212075 0.231286
1 0.123719 0.471358 0.112500 0.040741
2 0.124479 0.575000 0.188542 0.120370
5 0.118229 0.572222 0.028125 0.037037
7 0.194935 0.462168 0.044644 0.022755
0 0.137379 0.248080 0.209191 0.234933
1 0.104553 0.167158 0.112500 0.043549
2 0.137500 0.282407 0.187500 0.127778
2 0.166146 0.257407 0.107292 0.051852
0 0.366301 0.550258 0.217911 0.231353
1 0.336284 0.468998 0.120823 0.041210
2 0.364583 0.586111 0.189583 0.120370
2 0.406250 0.594444 0.089583 0.062963
7 0.429599 0.468346 0.066316 0.030491
