1 0.201577 0.074536 0.353154 0.082406
0 0.375909 0.272598 0.220487 0.230000
1 0.375909 0.195459 0.152990 0.040741
3 0.373958 0.302778 0.191667 0.112963
6 0.383157 0.838443 0.222223 0.241445
1 0.383157 0.756273 0.112943 0.044422
2 0.381250 0.864815 0.195833 0.122222
6 0.130618 0.563629 0.219632 0.249905
1 0.123000 0.476649 0.170043 0.042962
2 0.133333 0.601852 0.187500 0.137037
6 0.117639 0.277244 0.209454 0.236292
1 0.137292 0.196966 0.112500 0.045609
2 0.118229 0.311111 0.180208 0.111111
7 0.180916 0.194757 0.057900 0.034281
6 0.857777 0.829033 0.221694 0.241375
1 0.857777 0.747518 0.171717 0.042266
1 0.859375 0.865741 0.162500 0.012963
8 0.830208 0.871296 0.018750 0.024074
6 0.848582 0.526099 0.212273 0.230336
1 0.809113 0.453029 0.112500 0.045526
7 0.844792 0.563889 0.083333 0.105556
2 0.832292 0.567593 0.041667 0.053704
6 0.853339 0.273907 0.217572 0.245656
1 0.853339 0.184569 0.112500 0.040741
5 0.852604 0.300926 0.096875 0.124074
6 0.609676 0.248087 0.223992 0.237749
1 0.609676 0.169512 0.150142 0.040741
2 0.612500 0.281481 0.195833 0.114815
2 0.655729 0.306481 0.086458 0.046296
0 0.603032 0.823924 0.213631 0.232441
1 0.569334 0.743654 0.125400 0.042510
6 0.604688 0.852778 0.188542 0.127778
0 0.388640 0.547860 0.222886 0.232253
1 0.383345 0.468137 0.142606 0.045452
4 0.388542 0.580556 0.195833 0.105556
5 0.448958 0.562963 0.020833 0.025926
0 0.131494 0.821356 0.220635 0.239788
1 0.156623 0.741612 0.112500 0.044881
6 0.131771 0.849074 0.198958 0.120370
0 0.616873 0.531088 0.225895 0.240913
1 0.616873 0.447857 0.171383 0.040741
5 0.614583 0.560185 0.097917 0.124074
2 0.596875 0.577778 0.058333 0.051852
