1 0.500000 0.126949 0.640000 0.067545
6 0.854795 0.271621 0.213503 0.239968
1 0.894880 0.189841 0.112500 0.046852
6 0.853125 0.310185 0.181250 0.124074
2 0.811979 0.337963 0.090625 0.053704
6 0.134140 0.543630 0.217217 0.236921
1 0.134140 0.465283 0.140316 0.041681
1 0.134375 0.577778 0.072917 0.092593
4 0.139063 0.566667 0.038542 0.055556
6 0.844670 0.539824 0.215787 0.236051
1 0.881540 0.462801 0.121213 0.044409
2 0.842187 0.572222 0.186458 0.114815
7 0.884896 0.602778 0.021875 0.027778
0 0.614828 0.257752 0.207906 0.243376
1 0.640783 0.175602 0.135164 0.046018
2 0.613021 0.290741 0.180208 0.118519
7 0.612500 0.290741 0.022917 0.029630
7 0.675011 0.166049 0.062541 0.022933
6 0.365928 0.817844 0.222836 0.249797
1 0.397820 0.730286 0.138219 0.040741
7 0.363021 0.849074 0.096875 0.124074
6 0.117550 0.259635 0.209536 0.231649
1 0.103250 0.177556 0.142100 0.040741
2 0.118750 0.289815 0.175000 0.109259
6 0.148958 0.297222 0.045833 0.057407
7 0.191663 0.180556 0.036309 0.036453
6 0.384093 0.258045 0.220327 0.234928
1 0.384093 0.175498 0.121982 0.040741
7 0.383854 0.287037 0.096875 0.122222
2 0.402083 0.304630 0.052083 0.072222
7 0.457593 0.175621 0.048328 0.033042
0 0.613880 0.821460 0.224938 0.253609
1 0.613880 0.734351 0.125383 0.040741
2 0.615625 0.855556 0.193750 0.129630
2 0.569271 0.833333 0.088542 0.066667
7 0.682725 0.724764 0.062249 0.023179
0 0.137905 0.839972 0.221692 0.240024
1 0.180629 0.760488 0.112500 0.040741
7 0.140104 0.874074 0.078125 0.100000
6 0.863452 0.811988 0.220699 0.226579
1 0.904272 0.736445 0.118226 0.040741
2 0.859896 0.846296 0.192708 0.100000
7 0.815625 0.863889 0.018750 0.024074
7 0.934236 0.734248 0.054132 0.034062
6 0.615991 0.547799 0.223453 0.239320
1 0.581067 0.463807 0.132327 0.042162
8 0.614062 0.581481 0.098958 0.125926
2 0.626042 0.605556 0.050000 0.051852
7 0.687699 0.466332 0.055037 0.039350
6 0.367699 0.532441 0.216246 0.243400
1 0.350496 0.444940 0.112500 0.040741
2 0.365104 0.560185 0.188542 0.135185
7 0.443847 0.442898 0.038950 0.027276
