1 0.720717 0.065641 0.324730 0.064615
6 0.133019 0.829590 0.222590 0.252979
1 0.151628 0.743010 0.135584 0.040741
4 0.130208 0.866667 0.193750 0.133333
7 0.213263 0.736983 0.037103 0.030727
6 0.865252 0.825153 0.220511 0.255112
1 0.844211 0.739059 0.157594 0.046838
7 0.865625 0.864815 0.093750 0.118519
6 0.622340 0.840310 0.209522 0.235721
1 0.617114 0.758261 0.112500 0.040741
2 0.619792 0.870370 0.181250 0.125926
0 0.125420 0.541843 0.208500 0.250193
1 0.150098 0.450965 0.138312 0.040741
1 0.125000 0.570370 0.183333 0.014815
1 0.156771 0.581481 0.019792 0.025926
0 0.605840 0.275412 0.210143 0.249031
1 0.605840 0.184361 0.118336 0.040741
7 0.607292 0.306481 0.091667 0.116667
0 0.863849 0.274642 0.210171 0.247290
1 0.825637 0.191881 0.112913 0.042806
3 0.863542 0.306481 0.181250 0.135185
0 0.372520 0.256014 0.212626 0.230601
1 0.372520 0.178022 0.113907 0.040741
6 0.372396 0.283333 0.182292 0.114815
8 0.414062 0.250000 0.019792 0.025926
6 0.385967 0.560631 0.215479 0.255477
1 0.371146 0.467890 0.132635 0.042623
2 0.385937 0.591667 0.182292 0.131481
6 0.388021 0.595370 0.063542 0.079630
0 0.362338 0.824090 0.208906 0.247834
1 0.374871 0.738362 0.118717 0.040741
3 0.361979 0.858333 0.180208 0.124074
2 0.343229 0.841667 0.115625 0.050000
0 0.126226 0.279253 0.216288 0.253123
1 0.121299 0.189389 0.126810 0.040741
2 0.126042 0.305556 0.189583 0.140741
7 0.192540 0.182936 0.058659 0.023450
0 0.620943 0.552773 0.222180 0.245358
1 0.620943 0.469021 0.142211 0.040741
4 0.620833 0.583333 0.197917 0.133333
6 0.862834 0.545612 0.213092 0.250238
1 0.894753 0.455355 0.128421 0.042187
2 0.861979 0.575000 0.188542 0.127778
2 0.833854 0.562037 0.117708 0.075926
