1 0.500000 0.071045 0.520000 0.082831
6 0.387043 0.562536 0.221309 0.246919
1 0.423554 0.473580 0.127455 0.040741
2 0.385937 0.595370 0.192708 0.135185
2 0.338542 0.584259 0.075000 0.061111
0 0.378843 0.261904 0.207937 0.239033
1 0.405408 0.182679 0.133975 0.040741
2 0.378646 0.294444 0.176042 0.122222
2 0.355208 0.291667 0.110417 0.075926
0 0.603348 0.284779 0.214436 0.247574
1 0.603348 0.201766 0.119150 0.045353
6 0.605208 0.321296 0.185417 0.116667
5 0.643750 0.300926 0.025000 0.031481
7 0.670202 0.194256 0.055727 0.029491
6 0.844975 0.278736 0.215127 0.245691
1 0.844975 0.196529 0.141381 0.040741
4 0.845833 0.314815 0.191667 0.133333
6 0.124128 0.545837 0.214330 0.229265
1 0.106759 0.467400 0.129669 0.041373
6 0.124479 0.577778 0.184375 0.125926
2 0.160938 0.553704 0.105208 0.051852
0 0.136339 0.839826 0.209549 0.237431
1 0.124317 0.756101 0.141861 0.042466
2 0.139583 0.866667 0.181250 0.122222
2 0.100000 0.862037 0.072917 0.072222
7 0.205925 0.751733 0.045375 0.024208
6 0.871167 0.833245 0.225245 0.227837
1 0.871167 0.756421 0.125131 0.040741
6 0.871875 0.861111 0.189583 0.107407
0 0.860509 0.552478 0.220480 0.242308
1 0.839947 0.472673 0.158524 0.046700
7 0.859375 0.587037 0.095833 0.122222
2 0.872396 0.564815 0.057292 0.062963
6 0.129210 0.263336 0.212209 0.228699
1 0.129210 0.184335 0.143370 0.040741
5 0.130729 0.289815 0.088542 0.112963
4 0.119271 0.266667 0.057292 0.040741
0 0.604993 0.824113 0.213192 0.243513
1 0.615256 0.740418 0.163727 0.040741
5 0.606771 0.855556 0.059375 0.118519
2 0.606250 0.866667 0.035417 0.055556
7 0.670876 0.734624 0.056427 0.027499
0 0.606893 0.546862 0.217390 0.229520
1 0.648921 0.469427 0.112500 0.040741
6 0.605208 0.577778 0.183333 0.107407
1 0.636979 0.609259 0.019792 0.025926
0 0.360486 0.827851 0.210611 0.244897
1 0.333945 0.743205 0.136695 0.040741
6 0.357812 0.853704 0.178125 0.125926
7 0.424252 0.737608 0.058079 0.027375
