1 0.500000 0.067639 0.520000 0.076018
6 0.857903 0.829622 0.217087 0.255151
1 0.857903 0.739173 0.150611 0.040823
2 0.860417 0.862037 0.189583 0.150000
2 0.831771 0.852778 0.117708 0.090741
7 0.933799 0.739005 0.040295 0.036880
6 0.608020 0.249804 0.213682 0.226899
1 0.608020 0.171728 0.112500 0.043351
5 0.609375 0.287037 0.075000 0.096296
2 0.594271 0.288889 0.034375 0.048148
7 0.672802 0.170706 0.059119 0.031666
0 0.365742 0.274360 0.207910 0.239189
1 0.381835 0.190037 0.135439 0.040741
1 0.363021 0.308333 0.157292 0.012963
2 0.327604 0.333333 0.067708 0.025926
6 0.627282 0.550738 0.218136 0.242441
1 0.627282 0.471405 0.112500 0.046421
2 0.630729 0.582407 0.188542 0.112963
4 0.654167 0.568519 0.116667 0.070370
6 0.121589 0.566888 0.209050 0.250454
1 0.117915 0.484061 0.157729 0.049122
2 0.125521 0.598148 0.180208 0.122222
2 0.073438 0.623148 0.071875 0.050000
0 0.847579 0.254848 0.218482 0.231958
1 0.842109 0.178594 0.112500 0.046177
2 0.846875 0.288889 0.191667 0.125926
6 0.868229 0.311111 0.040625 0.051852
0 0.138455 0.263144 0.214252 0.235223
1 0.136583 0.179453 0.161903 0.041596
1 0.141146 0.292593 0.090625 0.114815
0 0.607434 0.815522 0.212310 0.232131
1 0.616184 0.736371 0.128973 0.045070
6 0.604167 0.851852 0.183333 0.122222
7 0.605729 0.851852 0.023958 0.029630
7 0.676758 0.737541 0.048662 0.039133
0 0.371310 0.569322 0.216223 0.253473
1 0.345737 0.483152 0.126119 0.040741
2 0.375000 0.601852 0.187500 0.133333
0 0.868867 0.555756 0.224197 0.227506
1 0.835963 0.476246 0.137555 0.040741
2 0.870313 0.585185 0.194792 0.107407
6 0.821354 0.571296 0.034375 0.042593
0 0.137497 0.827297 0.219208 0.231072
1 0.094559 0.752877 0.112500 0.045057
3 0.136979 0.862963 0.192708 0.111111
0 0.367679 0.817977 0.216163 0.241302
1 0.374965 0.738194 0.152954 0.041438
6 0.368229 0.851852 0.180208 0.122222
7 0.431988 0.732887 0.062546 0.034085
