1 0.208893 0.067354 0.367787 0.068041
0 0.864368 0.260555 0.217053 0.233265
1 0.864368 0.179480 0.112500 0.044906
2 0.861979 0.295370 0.190625 0.124074
7 0.897917 0.270370 0.022917 0.029630
6 0.135823 0.832228 0.223504 0.229331
1 0.135823 0.757159 0.167327 0.041587
6 0.133854 0.866667 0.192708 0.114815
6 0.371859 0.837371 0.219457 0.245080
1 0.371859 0.756020 0.114485 0.046657
2 0.373437 0.872222 0.192708 0.129630
0 0.859917 0.833893 0.209923 0.227020
1 0.821622 0.760473 0.112500 0.044651
2 0.863021 0.865741 0.178125 0.116667
7 0.919019 0.750030 0.066719 0.022256
6 0.625559 0.546894 0.220465 0.228582
1 0.625559 0.472520 0.131842 0.040741
2 0.627083 0.585185 0.193750 0.107407
0 0.848363 0.550918 0.216306 0.232055
1 0.848363 0.473355 0.112500 0.040741
1 0.849479 0.579630 0.082292 0.103704
0 0.365789 0.554206 0.211041 0.250581
1 0.365789 0.465784 0.161413 0.040741
7 0.365104 0.590741 0.096875 0.122222
3 0.381771 0.562037 0.057292 0.050000
6 0.616902 0.826874 0.211772 0.237684
1 0.600883 0.749575 0.158901 0.045071
2 0.616667 0.866667 0.181250 0.111111
6 0.624181 0.272303 0.210805 0.238923
1 0.629366 0.193556 0.151277 0.046767
2 0.626042 0.310185 0.185417 0.105556
7 0.691710 0.188823 0.050745 0.034926
6 0.142019 0.551576 0.219427 0.253137
1 0.163597 0.463962 0.112500 0.045046
5 0.144792 0.583333 0.137500 0.137037
0 0.378045 0.281950 0.218023 0.247379
1 0.378045 0.192794 0.112884 0.040741
7 0.377083 0.308333 0.104167 0.131481
6 0.361979 0.289815 0.048958 0.061111
6 0.125776 0.262655 0.210663 0.238331
1 0.148484 0.181245 0.112500 0.040828
6 0.125521 0.294444 0.182292 0.137037
7 0.186431 0.173806 0.064352 0.023597
