1 0.702034 0.070394 0.363401 0.074121
0 0.604330 0.269855 0.208446 0.236940
1 0.611967 0.186356 0.112500 0.040741
2 0.607812 0.296296 0.180208 0.118519
2 0.654687 0.276852 0.071875 0.072222
6 0.388493 0.831694 0.221942 0.239710
1 0.388493 0.751039 0.114669 0.040741
6 0.390625 0.862037 0.193750 0.135185
0 0.845974 0.262927 0.207941 0.246015
1 0.808670 0.179110 0.112500 0.042800
6 0.847396 0.293519 0.180208 0.124074
7 0.906704 0.176092 0.061481 0.035308
6 0.614077 0.828191 0.217275 0.244236
1 0.608261 0.745678 0.112500 0.040741
4 0.610938 0.868519 0.188542 0.125926
2 0.562500 0.889815 0.075000 0.050000
6 0.124915 0.267696 0.224707 0.243390
1 0.157456 0.183028 0.112500 0.040741
2 0.124479 0.299074 0.198958 0.131481
2 0.144792 0.301852 0.133333 0.081481
6 0.855938 0.535122 0.223291 0.241332
1 0.855938 0.454769 0.155511 0.041226
2 0.854167 0.564815 0.195833 0.122222
2 0.857812 0.574074 0.113542 0.070370
6 0.124636 0.548851 0.212997 0.235934
1 0.084804 0.468111 0.112500 0.046493
2 0.122396 0.580556 0.186458 0.116667
0 0.370128 0.257714 0.217848 0.240724
1 0.370128 0.177554 0.134658 0.040741
7 0.369792 0.296296 0.089583 0.114815
0 0.607362 0.553599 0.222479 0.241201
1 0.607362 0.467646 0.166307 0.040741
7 0.605208 0.576852 0.097917 0.124074
4 0.589583 0.598148 0.045833 0.051852
6 0.369771 0.549201 0.224151 0.247214
1 0.369771 0.459830 0.115104 0.041510
4 0.370833 0.574074 0.195833 0.140741
3 0.323437 0.591667 0.078125 0.061111
7 0.437173 0.459264 0.064347 0.030302
6 0.849734 0.823605 0.216467 0.233112
1 0.836052 0.747185 0.157103 0.040741
2 0.846875 0.856481 0.185417 0.124074
2 0.812500 0.839815 0.093750 0.050000
0 0.141024 0.837208 0.215037 0.238327
1 0.140219 0.758434 0.163808 0.040928
7 0.142187 0.872222 0.084375 0.107407
1 0.129167 0.848148 0.020833 0.025926
