1 0.500000 0.074878 0.380000 0.082466
0 0.609411 0.249329 0.218020 0.241070
1 0.615920 0.166687 0.168872 0.040741
2 0.611458 0.280556 0.189583 0.131481
0 0.370627 0.815210 0.220777 0.236113
1 0.370627 0.739566 0.120034 0.044901
2 0.367188 0.852778 0.190625 0.109259
6 0.392188 0.860185 0.042708 0.053704
6 0.141787 0.269255 0.208584 0.229016
1 0.141787 0.188899 0.112500 0.040741
2 0.141146 0.292593 0.180208 0.118519
6 0.846993 0.257259 0.211431 0.235319
1 0.846993 0.180350 0.156123 0.045982
4 0.843750 0.287037 0.181250 0.118519
6 0.142320 0.535427 0.223911 0.235650
1 0.156470 0.456248 0.169180 0.040741
8 0.143750 0.564815 0.089583 0.114815
2 0.127083 0.555556 0.047917 0.055556
7 0.217442 0.452593 0.048666 0.032945
6 0.390266 0.534853 0.225239 0.227444
1 0.379862 0.460610 0.172979 0.040741
8 0.391146 0.567593 0.080208 0.101852
6 0.623316 0.534945 0.211759 0.243417
1 0.594218 0.453467 0.125191 0.046911
1 0.625000 0.567593 0.097917 0.124074
4 0.631250 0.563889 0.066667 0.072222
7 0.683658 0.446134 0.066077 0.028757
6 0.148158 0.821204 0.224606 0.239939
1 0.108819 0.741601 0.125094 0.041138
5 0.148438 0.858333 0.094792 0.120370
7 0.219593 0.732118 0.056737 0.024731
0 0.864736 0.826392 0.217684 0.232386
1 0.864736 0.751197 0.112500 0.043914
7 0.866146 0.862037 0.071875 0.090741
6 0.622239 0.830653 0.220874 0.246821
1 0.622239 0.744805 0.112500 0.045816
2 0.624479 0.862037 0.192708 0.124074
6 0.371184 0.249609 0.207899 0.238920
1 0.371184 0.172240 0.135994 0.044430
2 0.371875 0.287963 0.172917 0.124074
0 0.847247 0.531035 0.211712 0.238891
1 0.854118 0.448394 0.112500 0.040741
6 0.845833 0.560185 0.179167 0.131481
7 0.912405 0.448238 0.056396 0.036259
