1 0.241698 0.068624 0.433396 0.070581
6 0.122162 0.818739 0.219263 0.248548
1 0.122162 0.733657 0.168985 0.043429
7 0.122917 0.854630 0.091667 0.116667
2 0.136458 0.865741 0.050000 0.068519
6 0.841298 0.277783 0.209602 0.252580
1 0.841298 0.190843 0.144069 0.049941
2 0.842187 0.310185 0.178125 0.127778
6 0.379738 0.548484 0.224742 0.229217
1 0.406707 0.468756 0.149969 0.040741
8 0.380729 0.575926 0.086458 0.111111
2 0.384896 0.576852 0.048958 0.068519
0 0.136794 0.257234 0.226540 0.243860
1 0.136794 0.170776 0.161066 0.042333
8 0.135937 0.287963 0.088542 0.112963
6 0.623308 0.836875 0.222129 0.236081
1 0.623308 0.758430 0.132795 0.045092
5 0.624479 0.872222 0.084375 0.107407
2 0.629167 0.880556 0.052083 0.042593
0 0.625208 0.563079 0.222838 0.251795
1 0.583221 0.472646 0.118030 0.040812
2 0.628125 0.593519 0.191667 0.135185
0 0.376120 0.829340 0.220325 0.243737
1 0.414166 0.749677 0.123398 0.048476
2 0.373958 0.865741 0.189583 0.116667
3 0.373958 0.857407 0.095833 0.051852
7 0.445006 0.740192 0.057551 0.028403
6 0.849988 0.549181 0.217912 0.249414
1 0.849988 0.460920 0.117616 0.040741
5 0.847917 0.579630 0.104167 0.133333
7 0.827083 0.606481 0.027083 0.035185
6 0.849172 0.819243 0.214720 0.236435
1 0.849172 0.738720 0.112500 0.044089
2 0.847396 0.858333 0.186458 0.116667
0 0.128471 0.532085 0.212108 0.243323
1 0.128471 0.448584 0.137157 0.040741
2 0.126042 0.567593 0.185417 0.120370
7 0.131771 0.563889 0.021875 0.027778
0 0.364597 0.242069 0.209560 0.226132
1 0.353158 0.169745 0.143328 0.044353
2 0.363021 0.271296 0.178125 0.101852
6 0.622778 0.271135 0.219052 0.253438
1 0.608014 0.178554 0.168691 0.040743
6 0.625000 0.300000 0.191667 0.155556
2 0.628646 0.296296 0.080208 0.066667
7 0.701673 0.174624 0.036263 0.023379
