1 0.500000 0.085764 0.380000 0.081708
6 0.362279 0.263266 0.208696 0.229921
1 0.365315 0.189465 0.155637 0.045104
2 0.359896 0.305556 0.182292 0.107407
6 0.340104 0.325926 0.032292 0.040741
6 0.864471 0.820031 0.217395 0.244938
1 0.864471 0.737842 0.139731 0.046670
2 0.864583 0.853704 0.187500 0.129630
7 0.936634 0.731864 0.048068 0.031566
6 0.370608 0.839816 0.221168 0.254110
1 0.370608 0.754706 0.150390 0.043455
2 0.370312 0.879630 0.194792 0.133333
2 0.401562 0.865741 0.111458 0.079630
0 0.124790 0.836542 0.212034 0.231016
1 0.124790 0.761603 0.150147 0.042739
5 0.127604 0.867593 0.080208 0.101852
6 0.610177 0.261518 0.223367 0.254299
1 0.569423 0.171357 0.112500 0.045870
2 0.611458 0.294444 0.193750 0.144444
5 0.547396 0.275000 0.044792 0.057407
6 0.626849 0.545428 0.216790 0.251320
1 0.626849 0.455344 0.144541 0.042641
6 0.626563 0.574074 0.192708 0.129630
1 0.656771 0.537037 0.094792 0.007407
6 0.611256 0.831011 0.209185 0.231026
1 0.611256 0.750851 0.149575 0.040741
6 0.608854 0.858333 0.176042 0.116667
6 0.142667 0.255135 0.218446 0.240663
1 0.142667 0.168953 0.145811 0.040741
2 0.144792 0.284259 0.189583 0.127778
0 0.861924 0.548442 0.215832 0.243445
1 0.825258 0.464086 0.121666 0.041494
5 0.864062 0.584259 0.080208 0.101852
6 0.134951 0.540624 0.225670 0.242217
1 0.128930 0.454798 0.124437 0.044487
5 0.132812 0.568519 0.098958 0.125926
2 0.134896 0.562963 0.046875 0.048148
0 0.861763 0.265835 0.224605 0.240621
1 0.861763 0.183425 0.112500 0.045871
5 0.862500 0.303704 0.087500 0.111111
7 0.938526 0.178771 0.046080 0.029456
0 0.376063 0.546133 0.212275 0.248666
1 0.376063 0.461257 0.131921 0.041014
3 0.376042 0.582407 0.183333 0.131481
6 0.352083 0.562037 0.039583 0.050000
