1 0.500000 0.127249 0.640000 0.067051
0 0.368340 0.251504 0.209293 0.245245
1 0.368340 0.172836 0.115597 0.048316
2 0.367708 0.288889 0.175000 0.133333
5 0.365104 0.297222 0.036458 0.046296
0 0.619563 0.272061 0.225693 0.226558
1 0.619563 0.192368 0.167244 0.040965
8 0.620833 0.303704 0.072917 0.092593
2 0.606250 0.303704 0.031250 0.044444
6 0.144675 0.280606 0.218601 0.250289
1 0.144675 0.192275 0.145679 0.045215
4 0.144271 0.307407 0.190625 0.133333
6 0.852319 0.281296 0.226036 0.251334
1 0.885359 0.198343 0.139123 0.047332
7 0.852083 0.319444 0.083333 0.105556
7 0.932856 0.191100 0.039961 0.033906
0 0.377356 0.548536 0.218922 0.239059
1 0.377356 0.464353 0.112500 0.043043
7 0.375521 0.585185 0.086458 0.111111
7 0.454987 0.464040 0.038660 0.033032
6 0.849308 0.834970 0.212529 0.248360
1 0.849308 0.751401 0.115607 0.041342
2 0.845833 0.872222 0.183333 0.125926
0 0.614615 0.820091 0.220970 0.251411
1 0.585130 0.729953 0.112500 0.042864
6 0.614062 0.855556 0.186458 0.140741
2 0.592187 0.876852 0.117708 0.079630
0 0.611077 0.539481 0.216124 0.238303
1 0.611077 0.455986 0.125661 0.040741
2 0.609896 0.569444 0.186458 0.131481
7 0.677271 0.459160 0.058735 0.040624
0 0.863517 0.560615 0.212721 0.247664
1 0.859341 0.475153 0.151284 0.048378
8 0.867188 0.596296 0.092708 0.118519
5 0.853125 0.573148 0.025000 0.031481
7 0.936168 0.467140 0.042418 0.023677
0 0.141958 0.528502 0.219250 0.231407
1 0.102158 0.451594 0.118816 0.041733
2 0.143229 0.565741 0.186458 0.109259
0 0.124218 0.817496 0.218327 0.241453
1 0.166715 0.738060 0.112500 0.046664
5 0.123438 0.854630 0.094792 0.120370
6 0.388138 0.821382 0.221652 0.254777
1 0.388138 0.729008 0.132257 0.041707
6 0.388021 0.850000 0.184375 0.144444
2 0.428646 0.887963 0.073958 0.053704
7 0.451606 0.725127 0.069715 0.025231
