1 0.195576 0.071401 0.341153 0.076136
6 0.141533 0.827006 0.210781 0.239479
1 0.141533 0.747493 0.112500 0.046035
5 0.142187 0.855556 0.121875 0.122222
7 0.204785 0.737904 0.059278 0.024238
6 0.135810 0.547996 0.222119 0.240185
1 0.151798 0.467764 0.169311 0.040741
6 0.133854 0.579630 0.196875 0.133333
3 0.178125 0.605556 0.081250 0.070370
7 0.208773 0.463880 0.051194 0.034916
6 0.605575 0.264768 0.220743 0.253519
1 0.649280 0.180381 0.112500 0.048613
6 0.607292 0.300000 0.193750 0.118519
6 0.378252 0.842317 0.208434 0.251133
1 0.378252 0.755252 0.162157 0.040741
6 0.378646 0.871296 0.176042 0.138889
0 0.626161 0.831997 0.222307 0.250872
1 0.642180 0.741358 0.154173 0.042672
2 0.625521 0.868519 0.186458 0.133333
6 0.867673 0.528057 0.223097 0.237287
1 0.867673 0.446478 0.172953 0.040741
5 0.868750 0.564815 0.081250 0.103704
7 0.944508 0.439206 0.044427 0.022550
6 0.145488 0.262388 0.225556 0.240566
1 0.145488 0.175738 0.112500 0.040741
2 0.146875 0.292593 0.195833 0.125926
7 0.214268 0.179835 0.062995 0.038423
6 0.366520 0.281167 0.215289 0.240142
1 0.366520 0.198166 0.147052 0.040741
5 0.364063 0.314815 0.092708 0.118519
0 0.848060 0.816672 0.221150 0.230932
1 0.838817 0.737961 0.125248 0.040741
2 0.848437 0.845370 0.188542 0.116667
0 0.850078 0.269961 0.212717 0.243531
1 0.816786 0.186665 0.125299 0.040741
4 0.852604 0.304630 0.184375 0.131481
6 0.381012 0.552138 0.212210 0.248260
1 0.362183 0.471948 0.136255 0.047802
1 0.379167 0.590741 0.102083 0.129630
0 0.609092 0.542725 0.224651 0.230676
1 0.609092 0.461942 0.160804 0.040741
5 0.610938 0.567593 0.086458 0.109259
