1 0.707716 0.069383 0.349044 0.072098
6 0.369875 0.821276 0.213302 0.226702
1 0.380850 0.746779 0.131787 0.040741
8 0.370312 0.852778 0.073958 0.094444
7 0.349479 0.864815 0.019792 0.025926
7 0.443215 0.743897 0.041620 0.034905
6 0.379440 0.533485 0.215880 0.229244
1 0.347721 0.455626 0.131608 0.040741
2 0.378125 0.562963 0.183333 0.122222
0 0.852528 0.817029 0.209228 0.237212
1 0.831376 0.736969 0.112500 0.044784
7 0.854688 0.845370 0.088542 0.112963
2 0.869792 0.837037 0.047917 0.055556
0 0.613829 0.525623 0.216738 0.231596
1 0.613829 0.445156 0.165200 0.040741
2 0.610938 0.553704 0.188542 0.129630
0 0.126705 0.541445 0.217438 0.254579
1 0.141442 0.453924 0.112500 0.043148
6 0.124479 0.572222 0.188542 0.140741
7 0.156250 0.609259 0.027083 0.033333
6 0.127009 0.839023 0.213509 0.249431
1 0.095680 0.753204 0.130018 0.041048
1 0.126042 0.874074 0.104167 0.133333
7 0.189416 0.751934 0.063695 0.038216
6 0.870614 0.556594 0.222721 0.240760
1 0.870614 0.473179 0.121779 0.040741
4 0.872396 0.588889 0.196875 0.118519
6 0.130783 0.261356 0.216604 0.240911
1 0.130783 0.179721 0.136254 0.040741
2 0.131771 0.295370 0.180208 0.127778
2 0.092708 0.301852 0.075000 0.081481
7 0.194172 0.172302 0.064826 0.025765
6 0.612614 0.277880 0.223511 0.254883
1 0.612614 0.189296 0.156306 0.040741
2 0.612500 0.312037 0.189583 0.135185
0 0.612723 0.824086 0.223800 0.227112
1 0.629813 0.749562 0.168785 0.040741
6 0.611979 0.859259 0.190625 0.100000
0 0.851156 0.248985 0.213796 0.238835
1 0.869765 0.166855 0.144031 0.041026
2 0.850000 0.276852 0.189583 0.124074
7 0.924375 0.161406 0.042358 0.026639
0 0.379653 0.257010 0.224551 0.229425
1 0.396931 0.184300 0.169160 0.044637
6 0.380208 0.294444 0.189583 0.103704
2 0.333333 0.270370 0.072917 0.037037
