1 0.774493 0.074196 0.364941 0.081726
0 0.611045 0.282080 0.221410 0.251925
1 0.611045 0.192659 0.133398 0.040741
2 0.613021 0.318519 0.194792 0.140741
0 0.376115 0.260428 0.213655 0.230702
1 0.381722 0.178899 0.166600 0.040741
2 0.376042 0.291667 0.183333 0.127778
7 0.439669 0.175026 0.061547 0.022862
6 0.862553 0.825010 0.212906 0.227744
1 0.822767 0.745215 0.112500 0.040741
2 0.863542 0.851852 0.181250 0.111111
0 0.847978 0.555257 0.222709 0.231904
1 0.847978 0.478888 0.171105 0.040741
2 0.849479 0.588889 0.190625 0.118519
7 0.928267 0.470314 0.037130 0.024982
0 0.865808 0.265577 0.220060 0.226827
1 0.865808 0.187861 0.122486 0.040741
4 0.864062 0.298148 0.194792 0.107407
2 0.894271 0.317593 0.123958 0.053704
6 0.137001 0.563014 0.208923 0.242486
1 0.174795 0.481921 0.112500 0.040741
6 0.141146 0.593519 0.180208 0.131481
0 0.610563 0.823139 0.216014 0.244793
1 0.569223 0.735521 0.112500 0.040741
2 0.609896 0.850926 0.184375 0.142593
6 0.381610 0.822020 0.221837 0.252921
1 0.337358 0.736766 0.112500 0.043351
7 0.382812 0.850926 0.088542 0.112963
5 0.395833 0.882407 0.016667 0.035185
7 0.451547 0.734356 0.056965 0.040556
0 0.621185 0.537217 0.221722 0.247892
1 0.635914 0.447378 0.171431 0.040741
7 0.619792 0.567593 0.112500 0.142593
2 0.627083 0.528704 0.075000 0.057407
7 0.696057 0.448219 0.046978 0.032859
0 0.143386 0.286176 0.225549 0.250520
1 0.143386 0.203413 0.167888 0.047352
3 0.144792 0.325000 0.200000 0.127778
0 0.370506 0.528628 0.223229 0.232753
1 0.387824 0.451098 0.167760 0.040741
7 0.370833 0.560185 0.083333 0.105556
6 0.144713 0.818896 0.221390 0.254233
1 0.100685 0.725257 0.112500 0.040741
2 0.145313 0.843519 0.188542 0.150000
7 0.109896 0.795370 0.030208 0.038889
7 0.208238 0.726519 0.069339 0.032441
