1 0.766725 0.068603 0.303789 0.070540
0 0.128242 0.262648 0.222821 0.248295
1 0.145997 0.181406 0.131822 0.048324
7 0.131771 0.295370 0.088542 0.112963
3 0.150521 0.277778 0.036458 0.040741
7 0.206721 0.177043 0.040864 0.040049
6 0.379254 0.822024 0.223463 0.253914
1 0.424319 0.738414 0.112500 0.047030
2 0.379688 0.852778 0.190625 0.131481
2 0.330729 0.837037 0.082292 0.048148
0 0.377300 0.543967 0.220007 0.234661
1 0.377300 0.462292 0.112500 0.040741
7 0.376042 0.572222 0.095833 0.122222
5 0.356771 0.603704 0.034375 0.033333
6 0.365265 0.254196 0.210057 0.244945
1 0.365265 0.168632 0.147517 0.042526
7 0.364583 0.285185 0.087500 0.111111
2 0.371354 0.257407 0.057292 0.044444
0 0.602510 0.261130 0.213779 0.243981
1 0.602907 0.174551 0.153751 0.040741
2 0.602083 0.289815 0.177083 0.120370
6 0.640104 0.300926 0.036458 0.046296
0 0.620907 0.543658 0.212781 0.240592
1 0.582924 0.466084 0.115981 0.045107
3 0.620833 0.584259 0.185417 0.120370
2 0.596354 0.550000 0.113542 0.040741
0 0.130880 0.833356 0.224655 0.238795
1 0.140390 0.750019 0.136612 0.040741
3 0.130729 0.865741 0.201042 0.135185
6 0.843028 0.533908 0.208471 0.249049
1 0.851739 0.450640 0.152670 0.048658
2 0.843229 0.563889 0.173958 0.127778
6 0.854587 0.831112 0.222906 0.240530
1 0.854587 0.751045 0.112500 0.040741
2 0.854688 0.867593 0.198958 0.112963
7 0.935670 0.740897 0.035741 0.023064
6 0.142868 0.530447 0.211537 0.233710
1 0.173888 0.450309 0.127753 0.040741
2 0.144271 0.562963 0.186458 0.129630
7 0.216237 0.444815 0.039798 0.025408
6 0.615324 0.830542 0.211515 0.244067
1 0.615324 0.743075 0.121925 0.040741
6 0.614583 0.860185 0.183333 0.135185
3 0.576562 0.852778 0.082292 0.072222
0 0.862155 0.281810 0.215407 0.248229
1 0.845657 0.191347 0.112500 0.040741
2 0.863542 0.314815 0.187500 0.137037
2 0.834896 0.275926 0.117708 0.048148
