1 0.500000 0.047503 0.380000 0.061430
6 0.865649 0.542069 0.225224 0.244417
1 0.881812 0.457204 0.172064 0.040741
2 0.865625 0.565741 0.200000 0.131481
2 0.864062 0.570370 0.086458 0.051852
0 0.606462 0.250198 0.222447 0.240247
1 0.606462 0.167464 0.136063 0.043240
7 0.606771 0.286111 0.094792 0.120370
4 0.589583 0.312037 0.039583 0.046296
6 0.127456 0.247962 0.222271 0.230417
1 0.171925 0.170824 0.112500 0.042946
7 0.127083 0.281481 0.079167 0.100000
0 0.364961 0.536014 0.222548 0.246460
1 0.364961 0.451641 0.114254 0.046157
4 0.366667 0.572222 0.189583 0.118519
7 0.428866 0.447676 0.069737 0.032747
6 0.137459 0.834909 0.216953 0.232573
1 0.095649 0.756379 0.112500 0.040741
7 0.140104 0.865741 0.092708 0.116667
6 0.145833 0.880556 0.045833 0.057407
6 0.865710 0.274231 0.211546 0.232358
1 0.865710 0.198440 0.131816 0.040741
2 0.866146 0.308333 0.178125 0.124074
6 0.902604 0.328704 0.051042 0.064815
6 0.623791 0.568695 0.216439 0.252544
1 0.623791 0.479944 0.168077 0.040741
2 0.625521 0.602778 0.184375 0.138889
6 0.602083 0.632407 0.039583 0.050000
0 0.140625 0.551321 0.216143 0.236715
1 0.140625 0.471571 0.125499 0.040741
5 0.141667 0.585185 0.089583 0.114815
6 0.619011 0.824587 0.218832 0.226632
1 0.619011 0.745578 0.145318 0.040741
2 0.622917 0.856481 0.189583 0.105556
1 0.593750 0.825926 0.020833 0.025926
7 0.689901 0.749588 0.052053 0.039597
0 0.378881 0.805974 0.217556 0.229492
1 0.378881 0.725522 0.139044 0.040741
6 0.381250 0.829630 0.191667 0.118519
7 0.352083 0.862963 0.022917 0.029630
6 0.862026 0.813784 0.214503 0.242328
1 0.862026 0.726200 0.112500 0.041078
2 0.861979 0.838889 0.190625 0.137037
7 0.830208 0.878704 0.027083 0.035185
0 0.362425 0.268916 0.209696 0.227865
1 0.362425 0.193066 0.129482 0.042763
8 0.360938 0.303704 0.084375 0.107407
