1 0.500000 0.087905 0.380000 0.075564
0 0.841511 0.827220 0.209863 0.248560
1 0.841511 0.736894 0.136701 0.040741
2 0.840104 0.860185 0.176042 0.135185
5 0.786458 0.886111 0.039583 0.050000
7 0.907250 0.734928 0.053386 0.026939
0 0.614115 0.272758 0.218283 0.244411
1 0.644093 0.191100 0.112500 0.048685
6 0.614583 0.302778 0.195833 0.120370
8 0.651042 0.276852 0.020833 0.027778
0 0.138149 0.835734 0.222113 0.248821
1 0.138149 0.747080 0.157363 0.044563
7 0.141146 0.869444 0.086458 0.109259
0 0.848300 0.259343 0.218506 0.244413
1 0.848300 0.174518 0.169089 0.040741
4 0.850000 0.292593 0.185417 0.129630
2 0.813021 0.291667 0.090625 0.083333
0 0.378713 0.261193 0.213705 0.253638
1 0.389262 0.172386 0.150635 0.044878
5 0.376042 0.290741 0.102083 0.129630
3 0.384896 0.314815 0.063542 0.044444
7 0.440179 0.170104 0.065772 0.034423
0 0.125870 0.542876 0.220092 0.247395
1 0.125870 0.457778 0.147903 0.043115
2 0.126042 0.570370 0.185417 0.125926
2 0.130729 0.570370 0.117708 0.077778
6 0.603188 0.552384 0.212907 0.254298
1 0.625324 0.459099 0.113326 0.041279
2 0.603646 0.576852 0.176042 0.138889
6 0.145426 0.268136 0.217794 0.237580
1 0.136700 0.185971 0.135413 0.046347
8 0.146875 0.295370 0.083333 0.105556
7 0.163542 0.321296 0.018750 0.024074
6 0.366975 0.829577 0.219746 0.236756
1 0.366975 0.747364 0.133201 0.040741
6 0.366667 0.863889 0.185417 0.116667
5 0.310417 0.837037 0.033333 0.033333
0 0.628327 0.839113 0.218048 0.242531
1 0.628327 0.755499 0.114883 0.047346
6 0.627604 0.870370 0.184375 0.114815
0 0.375460 0.533530 0.219788 0.239382
1 0.344595 0.448197 0.137224 0.040741
2 0.376042 0.563889 0.191667 0.138889
6 0.847189 0.551733 0.218496 0.240470
1 0.871628 0.467349 0.119705 0.040741
7 0.844792 0.578704 0.093750 0.120370
7 0.925256 0.466464 0.037360 0.032893
