1 0.226680 0.077427 0.403360 0.088188
6 0.136695 0.282525 0.211737 0.249409
1 0.124105 0.195642 0.123074 0.040741
6 0.135937 0.314815 0.176042 0.148148
6 0.129369 0.833327 0.212820 0.254215
1 0.106638 0.747462 0.126253 0.049417
8 0.130208 0.864815 0.095833 0.122222
0 0.605595 0.827545 0.217194 0.244687
1 0.566749 0.744480 0.118669 0.040741
5 0.601562 0.854630 0.096875 0.124074
2 0.606771 0.864815 0.040625 0.070370
7 0.680481 0.737219 0.042422 0.026996
0 0.853275 0.548093 0.218241 0.237653
1 0.876306 0.468918 0.151346 0.040741
2 0.854688 0.576852 0.188542 0.127778
6 0.845474 0.820393 0.210349 0.243830
1 0.845474 0.740040 0.135707 0.043257
8 0.845833 0.849074 0.089583 0.112963
4 0.853125 0.847222 0.052083 0.072222
7 0.904963 0.730520 0.066372 0.027048
6 0.866736 0.252304 0.221302 0.240472
1 0.866736 0.169822 0.112500 0.041793
7 0.866667 0.279630 0.093750 0.118519
2 0.880729 0.294444 0.042708 0.070370
6 0.375236 0.279825 0.216136 0.254816
1 0.416638 0.196963 0.112500 0.049587
2 0.374479 0.320370 0.190625 0.122222
6 0.142858 0.527740 0.216004 0.226386
1 0.142858 0.449715 0.137144 0.040741
2 0.141146 0.557407 0.186458 0.129630
6 0.611187 0.561922 0.223974 0.248981
1 0.611187 0.479203 0.112500 0.048284
2 0.610417 0.596296 0.191667 0.129630
7 0.685081 0.473059 0.051188 0.034219
0 0.361937 0.556180 0.210857 0.247033
1 0.360259 0.473070 0.145664 0.041265
6 0.362500 0.584259 0.181250 0.135185
2 0.324479 0.609259 0.078125 0.055556
6 0.380979 0.830008 0.217747 0.248597
1 0.380979 0.745323 0.123808 0.049170
5 0.377604 0.863889 0.123958 0.124074
2 0.356771 0.879630 0.057292 0.044444
6 0.628303 0.263105 0.221081 0.246375
1 0.623641 0.176878 0.166111 0.040741
2 0.629167 0.290741 0.193750 0.137037
7 0.703443 0.171948 0.045801 0.027024
