1 0.768465 0.073514 0.332047 0.080362
6 0.126924 0.269093 0.217152 0.231593
1 0.162033 0.191437 0.124063 0.045932
5 0.128125 0.299074 0.085417 0.109259
7 0.190187 0.188873 0.065626 0.034117
6 0.854881 0.261924 0.209154 0.238435
1 0.876902 0.184520 0.132009 0.044612
7 0.857812 0.290741 0.096875 0.122222
6 0.610865 0.270854 0.226179 0.249058
1 0.620861 0.184679 0.157684 0.042693
7 0.611979 0.310185 0.094792 0.120370
7 0.680908 0.182161 0.061093 0.034636
6 0.384722 0.543950 0.225606 0.237777
1 0.411697 0.461779 0.129494 0.040741
2 0.381771 0.575000 0.194792 0.116667
6 0.131523 0.539998 0.215494 0.230312
1 0.171110 0.464659 0.112500 0.043698
2 0.131250 0.571296 0.179167 0.105556
0 0.382896 0.840560 0.224025 0.243492
1 0.364600 0.760954 0.166600 0.045088
2 0.383854 0.876852 0.198958 0.116667
6 0.613137 0.554456 0.225096 0.229461
1 0.630528 0.478398 0.158359 0.042026
3 0.614062 0.582407 0.196875 0.116667
7 0.685611 0.476960 0.055147 0.037433
0 0.857050 0.815960 0.213577 0.228909
1 0.897172 0.737654 0.112500 0.045732
6 0.855729 0.847222 0.188542 0.109259
7 0.923021 0.731546 0.056635 0.023044
6 0.143837 0.819584 0.217583 0.249960
1 0.143837 0.739271 0.148860 0.048807
5 0.143229 0.859259 0.053125 0.107407
0 0.866235 0.549554 0.220826 0.250391
1 0.866235 0.462984 0.113402 0.044980
1 0.868229 0.577778 0.098958 0.125926
6 0.381111 0.274328 0.216315 0.245517
1 0.381111 0.185574 0.116023 0.041085
4 0.381771 0.304630 0.182292 0.142593
2 0.407292 0.278704 0.102083 0.061111
6 0.612356 0.824683 0.216876 0.230722
1 0.612356 0.750914 0.142507 0.045733
2 0.612500 0.855556 0.193750 0.103704
7 0.677392 0.744913 0.061804 0.034145
