1 0.500000 0.063870 0.380000 0.084987
0 0.871032 0.276551 0.225951 0.251733
1 0.917340 0.186358 0.112500 0.041882
7 0.872396 0.306481 0.101042 0.127778
5 0.867188 0.313889 0.030208 0.038889
7 0.944478 0.180596 0.054059 0.022786
6 0.379668 0.821843 0.220853 0.253150
1 0.388343 0.737490 0.128806 0.043837
7 0.378646 0.854630 0.109375 0.138889
6 0.610037 0.275525 0.219989 0.232975
1 0.621463 0.194700 0.112500 0.041421
6 0.610417 0.308333 0.189583 0.124074
6 0.572917 0.326852 0.039583 0.050000
0 0.382766 0.558504 0.226134 0.236891
1 0.382766 0.477384 0.112500 0.040741
2 0.380729 0.592593 0.201042 0.118519
6 0.351042 0.571296 0.033333 0.042593
0 0.125728 0.816316 0.212123 0.235571
1 0.159989 0.736672 0.122766 0.041955
6 0.126042 0.851852 0.179167 0.122222
2 0.098437 0.825000 0.105208 0.061111
0 0.863500 0.529233 0.211011 0.228989
1 0.843488 0.449266 0.150154 0.040741
7 0.866146 0.557407 0.082292 0.103704
7 0.929761 0.446543 0.053489 0.026571
6 0.607590 0.834356 0.210140 0.248906
1 0.617423 0.748671 0.134978 0.046922
7 0.609896 0.861111 0.098958 0.125926
2 0.598437 0.840741 0.053125 0.077778
7 0.667080 0.743001 0.066160 0.029158
6 0.138263 0.277145 0.226386 0.238085
1 0.150439 0.193553 0.123255 0.040836
2 0.138542 0.309259 0.204167 0.129630
0 0.380590 0.261625 0.211610 0.252985
1 0.348224 0.180014 0.112500 0.049803
6 0.380208 0.302778 0.183333 0.124074
0 0.615106 0.552241 0.222535 0.253535
1 0.615106 0.468403 0.157284 0.048518
7 0.612500 0.582407 0.106250 0.135185
2 0.631250 0.546296 0.052083 0.055556
6 0.866298 0.835297 0.224422 0.234974
1 0.866298 0.757135 0.161297 0.044353
7 0.869271 0.868519 0.078125 0.100000
7 0.851562 0.846296 0.017708 0.022222
7 0.933797 0.752816 0.064424 0.032975
0 0.143305 0.554903 0.220464 0.227236
1 0.172468 0.474914 0.141304 0.040741
2 0.141667 0.588889 0.191667 0.107407
