1 0.500000 0.086238 0.380000 0.084728
6 0.855752 0.252624 0.218424 0.232823
1 0.875638 0.170832 0.157818 0.041459
2 0.855729 0.279630 0.192708 0.114815
6 0.117595 0.849225 0.207981 0.252119
1 0.117595 0.759625 0.142468 0.040741
5 0.120833 0.886111 0.135417 0.135185
6 0.131438 0.537718 0.222590 0.247336
1 0.099751 0.451538 0.138384 0.046724
7 0.130208 0.565741 0.091667 0.116667
0 0.378903 0.807258 0.214680 0.232118
1 0.414390 0.724581 0.112500 0.040741
2 0.379167 0.835185 0.185417 0.111111
4 0.416667 0.845370 0.081250 0.053704
6 0.381374 0.260273 0.217514 0.230165
1 0.381374 0.184659 0.162326 0.040741
2 0.379688 0.293519 0.184375 0.116667
7 0.383854 0.293519 0.021875 0.027778
6 0.841682 0.540068 0.208414 0.242438
1 0.830042 0.456233 0.112500 0.046681
4 0.841146 0.573148 0.173958 0.135185
0 0.609722 0.542450 0.212467 0.254031
1 0.605558 0.454457 0.150667 0.048765
7 0.610417 0.573148 0.100000 0.127778
0 0.135920 0.262349 0.220851 0.237569
1 0.160031 0.182221 0.151796 0.045261
6 0.136458 0.288889 0.187500 0.118519
1 0.182812 0.313889 0.023958 0.031481
0 0.851395 0.843989 0.223935 0.245472
1 0.865668 0.759317 0.174187 0.042918
7 0.851562 0.871296 0.086458 0.109259
5 0.879167 0.900000 0.022917 0.029630
6 0.607432 0.818172 0.218420 0.237601
1 0.607432 0.733951 0.112500 0.041644
3 0.605208 0.849074 0.189583 0.135185
5 0.656250 0.820370 0.029167 0.037037
7 0.671028 0.729627 0.066229 0.023473
0 0.366873 0.549504 0.220023 0.237737
1 0.346227 0.466645 0.147885 0.045262
6 0.363542 0.583333 0.189583 0.122222
0 0.624708 0.273971 0.214968 0.252323
1 0.612758 0.187961 0.135243 0.042180
2 0.627604 0.302778 0.186458 0.131481
7 0.702026 0.185104 0.035333 0.037552
