1 0.500000 0.058306 0.380000 0.075295
0 0.371326 0.271344 0.220228 0.226349
1 0.371326 0.195917 0.160207 0.041058
5 0.371875 0.300000 0.075000 0.096296
0 0.859691 0.826192 0.225183 0.249998
1 0.838787 0.742220 0.112500 0.045625
2 0.860938 0.857407 0.192708 0.137037
6 0.871943 0.541901 0.222330 0.250829
1 0.878186 0.457189 0.148282 0.040741
3 0.872917 0.570370 0.197917 0.137037
7 0.942833 0.451247 0.055550 0.032485
6 0.148775 0.559101 0.225028 0.237481
1 0.129720 0.479776 0.162286 0.042466
6 0.149479 0.598148 0.194792 0.118519
2 0.143750 0.593519 0.125000 0.050000
7 0.216093 0.472766 0.065393 0.027775
0 0.379194 0.564785 0.219833 0.250522
1 0.422444 0.482210 0.112500 0.047840
6 0.379167 0.599074 0.191667 0.127778
2 0.343229 0.632407 0.105208 0.046296
7 0.444874 0.471771 0.063474 0.027456
0 0.852251 0.254417 0.217785 0.248823
1 0.874344 0.164390 0.152766 0.040741
2 0.851562 0.282407 0.184375 0.138889
2 0.878646 0.257407 0.109375 0.062963
0 0.141824 0.817035 0.214472 0.240447
1 0.141824 0.737159 0.140947 0.040741
2 0.143229 0.851852 0.188542 0.118519
0 0.608363 0.275293 0.214912 0.251789
1 0.610121 0.188280 0.148068 0.040741
1 0.607292 0.305556 0.110417 0.140741
6 0.623437 0.276852 0.038542 0.050000
6 0.366752 0.831136 0.216232 0.234430
1 0.366752 0.753720 0.155697 0.040741
2 0.367188 0.859259 0.194792 0.114815
4 0.386979 0.846296 0.130208 0.066667
7 0.428287 0.749288 0.068161 0.033697
6 0.134512 0.283427 0.210451 0.254830
1 0.109632 0.194359 0.112500 0.040741
5 0.133333 0.318519 0.114583 0.114815
7 0.207802 0.192646 0.038871 0.036231
6 0.615614 0.539814 0.224074 0.237304
1 0.589831 0.460218 0.114776 0.045813
2 0.615625 0.567593 0.193750 0.124074
6 0.617557 0.828988 0.223025 0.240594
1 0.617557 0.743421 0.121220 0.042644
2 0.617188 0.860185 0.190625 0.135185
