1 0.734141 0.070386 0.364141 0.074105
0 0.368991 0.540626 0.220622 0.228312
1 0.370954 0.461956 0.169957 0.040925
2 0.367188 0.564815 0.190625 0.118519
7 0.439750 0.456804 0.054103 0.023631
6 0.625745 0.275688 0.225227 0.250457
1 0.644967 0.192202 0.165949 0.043938
2 0.622917 0.306481 0.197917 0.127778
0 0.136715 0.529773 0.225766 0.237191
1 0.173231 0.449624 0.131900 0.040741
2 0.136458 0.562963 0.193750 0.125926
6 0.168229 0.568519 0.048958 0.062963
0 0.127918 0.278204 0.222464 0.235623
1 0.127918 0.202560 0.161262 0.044273
7 0.128125 0.311111 0.089583 0.114815
2 0.118229 0.327778 0.042708 0.044444
0 0.368598 0.268176 0.213846 0.229044
1 0.338997 0.193448 0.133812 0.043450
2 0.366667 0.300000 0.179167 0.122222
6 0.845715 0.268699 0.212582 0.246896
1 0.816318 0.185332 0.120264 0.044225
2 0.847917 0.298148 0.187500 0.133333
0 0.619371 0.543106 0.209103 0.241236
1 0.645405 0.463762 0.119909 0.043747
6 0.621354 0.577778 0.176042 0.111111
6 0.655729 0.593519 0.051042 0.064815
0 0.139627 0.844044 0.216279 0.243801
1 0.180368 0.759811 0.113964 0.045688
2 0.137500 0.880556 0.187500 0.127778
4 0.106771 0.881481 0.107292 0.077778
0 0.847725 0.827261 0.221302 0.239963
1 0.847725 0.743450 0.150459 0.044157
5 0.845833 0.861111 0.104167 0.133333
7 0.927807 0.737875 0.036139 0.024153
6 0.383356 0.829439 0.221979 0.240531
1 0.383356 0.749479 0.112500 0.040741
6 0.386458 0.863889 0.191667 0.120370
6 0.853967 0.556239 0.208392 0.235006
1 0.834085 0.478348 0.147795 0.040741
8 0.854167 0.581481 0.087500 0.111111
0 0.620835 0.834575 0.213786 0.232752
1 0.620835 0.754642 0.114038 0.040741
8 0.622396 0.862963 0.082292 0.103704
7 0.686933 0.754175 0.056589 0.034915
