1 0.500000 0.076947 0.380000 0.063703
6 0.624828 0.263023 0.214136 0.250998
1 0.624828 0.176604 0.112500 0.042447
6 0.625000 0.299074 0.187500 0.135185
7 0.578646 0.335185 0.026042 0.033333
0 0.123515 0.839738 0.215316 0.234832
1 0.123515 0.762346 0.126235 0.042200
4 0.125521 0.875000 0.186458 0.112963
6 0.133849 0.277903 0.222078 0.253335
1 0.124273 0.191261 0.149089 0.043609
2 0.131250 0.312037 0.193750 0.138889
3 0.108854 0.347222 0.123958 0.053704
6 0.128625 0.541113 0.220894 0.251231
1 0.102699 0.455982 0.124047 0.045284
5 0.126562 0.572222 0.092708 0.118519
6 0.859681 0.556490 0.214113 0.239089
1 0.859681 0.478446 0.155586 0.047348
6 0.860938 0.594444 0.184375 0.103704
0 0.372230 0.539028 0.212407 0.228589
1 0.351918 0.460506 0.150948 0.040741
8 0.371354 0.570370 0.092708 0.118519
2 0.358854 0.563889 0.055208 0.061111
7 0.436292 0.457287 0.059284 0.028070
0 0.366461 0.273421 0.216675 0.243204
1 0.366461 0.188808 0.151722 0.043448
6 0.364583 0.305556 0.185417 0.129630
6 0.616220 0.835169 0.208972 0.237820
1 0.614551 0.756535 0.120993 0.040741
2 0.615625 0.873148 0.183333 0.116667
0 0.850240 0.820236 0.222635 0.232058
1 0.817365 0.744709 0.136050 0.043044
3 0.847396 0.850000 0.190625 0.111111
0 0.629876 0.537014 0.223298 0.248795
1 0.629876 0.450933 0.127241 0.040741
8 0.632292 0.574074 0.087500 0.111111
6 0.378498 0.843889 0.209016 0.241311
1 0.378498 0.760832 0.112500 0.040741
2 0.378125 0.874074 0.181250 0.114815
0 0.848289 0.246609 0.220122 0.228524
1 0.848289 0.170467 0.112500 0.042571
5 0.845313 0.275926 0.096875 0.122222
4 0.865625 0.266667 0.050000 0.070370
