1 0.500000 0.132131 0.640000 0.074511
6 0.387195 0.815847 0.225806 0.245707
1 0.417836 0.734017 0.143690 0.043575
4 0.384896 0.852778 0.198958 0.112963
2 0.383333 0.860185 0.089583 0.053704
0 0.861254 0.268514 0.214155 0.237751
1 0.861254 0.192535 0.161145 0.045297
2 0.860417 0.300926 0.191667 0.124074
2 0.856250 0.304630 0.079167 0.053704
6 0.631078 0.838125 0.224499 0.231186
1 0.626073 0.760111 0.167455 0.040741
2 0.630729 0.864815 0.201042 0.118519
0 0.384016 0.551157 0.223145 0.246749
1 0.373132 0.464566 0.169993 0.040741
6 0.384896 0.581481 0.196875 0.129630
2 0.328125 0.602778 0.077083 0.057407
6 0.136975 0.829861 0.210989 0.236587
1 0.136975 0.747248 0.127746 0.040741
8 0.135417 0.862037 0.083333 0.105556
6 0.141667 0.860185 0.039583 0.050000
6 0.846367 0.823984 0.210190 0.251295
1 0.882889 0.736947 0.116312 0.041065
2 0.846875 0.864815 0.172917 0.133333
2 0.894271 0.900926 0.069792 0.053704
6 0.360213 0.263560 0.208257 0.242783
1 0.382223 0.179603 0.112500 0.040829
6 0.358854 0.297222 0.180208 0.131481
4 0.359375 0.300926 0.087500 0.068519
0 0.124224 0.257459 0.220049 0.227361
1 0.124224 0.182746 0.168679 0.040741
7 0.122917 0.293519 0.068750 0.087037
4 0.131771 0.280556 0.046875 0.038889
6 0.609608 0.247724 0.213214 0.239367
1 0.588598 0.166916 0.112500 0.040741
5 0.607812 0.281481 0.092708 0.118519
7 0.675793 0.161685 0.055844 0.030252
0 0.126987 0.564704 0.217857 0.253561
1 0.126987 0.478286 0.161591 0.045599
4 0.126562 0.597222 0.190625 0.138889
0 0.858960 0.549245 0.218399 0.237946
1 0.858960 0.468320 0.127191 0.042978
2 0.856250 0.587037 0.191667 0.118519
6 0.617726 0.553253 0.223146 0.227681
1 0.583179 0.477322 0.133219 0.044281
6 0.617708 0.580556 0.200000 0.116667
