1 0.500000 0.131534 0.640000 0.064154
6 0.379043 0.534017 0.212455 0.232631
1 0.360452 0.456004 0.148937 0.040741
2 0.379167 0.564815 0.183333 0.107407
7 0.439626 0.455637 0.066289 0.038834
6 0.366937 0.815894 0.218481 0.229005
1 0.366937 0.736752 0.136228 0.040741
6 0.365625 0.847222 0.187500 0.120370
6 0.870969 0.553733 0.226099 0.236674
1 0.870969 0.468951 0.112944 0.041076
6 0.870833 0.579630 0.195833 0.129630
2 0.902083 0.585185 0.120833 0.074074
6 0.860570 0.251618 0.225027 0.235926
1 0.860570 0.172184 0.112500 0.040741
6 0.857812 0.285185 0.192708 0.122222
6 0.856771 0.283333 0.055208 0.070370
0 0.619200 0.552685 0.217345 0.229174
1 0.619200 0.472930 0.144404 0.042744
2 0.618750 0.581481 0.181250 0.114815
7 0.689728 0.474691 0.051289 0.036148
6 0.125491 0.271776 0.219864 0.246972
1 0.125491 0.185760 0.123156 0.040741
8 0.123438 0.306481 0.103125 0.131481
2 0.129167 0.297222 0.039583 0.046296
0 0.623779 0.819841 0.222572 0.234832
1 0.623779 0.740118 0.156683 0.043640
2 0.621875 0.858333 0.193750 0.116667
0 0.382424 0.273654 0.224248 0.231723
1 0.382424 0.193525 0.112500 0.040741
7 0.381771 0.300926 0.094792 0.120370
4 0.401562 0.316667 0.048958 0.040741
0 0.851668 0.835274 0.215215 0.250695
1 0.851668 0.746848 0.161764 0.040741
2 0.852604 0.867593 0.188542 0.138889
5 0.905729 0.845370 0.038542 0.050000
0 0.124256 0.816536 0.209224 0.235652
1 0.112418 0.735538 0.125799 0.040741
5 0.123958 0.847222 0.100000 0.127778
6 0.623949 0.257969 0.214163 0.240591
1 0.657334 0.175907 0.112500 0.040741
2 0.624479 0.289815 0.184375 0.112963
0 0.133064 0.552047 0.221608 0.226194
1 0.133064 0.478742 0.157883 0.042186
6 0.131250 0.587963 0.193750 0.112963
