1 0.500000 0.068333 0.380000 0.078327
6 0.133705 0.820492 0.223475 0.241045
1 0.133705 0.735881 0.112500 0.040741
2 0.133854 0.846296 0.190625 0.129630
7 0.214375 0.737361 0.037135 0.037748
6 0.373038 0.840490 0.219187 0.248500
1 0.375279 0.752966 0.136996 0.046734
4 0.374479 0.876852 0.190625 0.131481
5 0.328646 0.854630 0.034375 0.042593
0 0.359327 0.284741 0.210350 0.248887
1 0.359327 0.202312 0.112500 0.048736
6 0.361458 0.322222 0.183333 0.133333
2 0.359375 0.313889 0.122917 0.079630
0 0.385760 0.550498 0.217640 0.232717
1 0.385760 0.471976 0.128885 0.040741
6 0.386979 0.587963 0.184375 0.112963
0 0.611845 0.536031 0.207813 0.227721
1 0.606335 0.461552 0.155849 0.040741
2 0.610938 0.575000 0.184375 0.105556
2 0.612500 0.563889 0.077083 0.046296
6 0.622447 0.832875 0.218473 0.239834
1 0.622447 0.751052 0.138647 0.046887
2 0.621875 0.869444 0.185417 0.116667
0 0.853527 0.281679 0.215132 0.253134
1 0.853527 0.190778 0.117210 0.040741
3 0.855208 0.313889 0.183333 0.142593
2 0.808854 0.291667 0.078125 0.090741
7 0.927695 0.186060 0.041796 0.024859
0 0.622389 0.261332 0.214797 0.251750
1 0.622389 0.173262 0.160272 0.048429
2 0.621354 0.291667 0.180208 0.142593
7 0.695767 0.171537 0.043043 0.035123
6 0.855353 0.837056 0.223463 0.240905
1 0.855353 0.753290 0.112500 0.043631
2 0.853646 0.866667 0.192708 0.137037
8 0.894792 0.897222 0.025000 0.031481
6 0.135946 0.541540 0.220904 0.252169
1 0.135946 0.453628 0.153782 0.048653
2 0.135937 0.582407 0.186458 0.131481
0 0.130576 0.251435 0.220398 0.243259
1 0.174109 0.163904 0.112500 0.040741
2 0.131771 0.282407 0.192708 0.138889
5 0.171875 0.253704 0.029167 0.037037
7 0.195484 0.163630 0.065583 0.030612
0 0.862419 0.552418 0.221749 0.240305
1 0.862419 0.469640 0.132915 0.046938
4 0.861979 0.587963 0.186458 0.120370
