1 0.752674 0.070138 0.379316 0.073608
6 0.143436 0.820311 0.215537 0.241035
1 0.119911 0.739359 0.147653 0.047321
1 0.140104 0.853704 0.090625 0.114815
2 0.151042 0.847222 0.045833 0.068519
0 0.390764 0.542684 0.224900 0.247543
1 0.390764 0.452621 0.116410 0.040741
7 0.391667 0.572222 0.110417 0.140741
7 0.401042 0.530556 0.027083 0.035185
6 0.863376 0.831875 0.223721 0.231621
1 0.868264 0.750583 0.166853 0.040741
6 0.864062 0.855556 0.190625 0.122222
0 0.863813 0.250397 0.209788 0.244885
1 0.863813 0.164831 0.144093 0.040741
7 0.863542 0.282407 0.100000 0.127778
0 0.620555 0.261577 0.222437 0.226077
1 0.657617 0.185664 0.112500 0.042847
2 0.619792 0.287963 0.197917 0.116667
2 0.620833 0.285185 0.077083 0.059259
7 0.686265 0.183013 0.066017 0.031913
6 0.614767 0.833622 0.217704 0.251917
1 0.584779 0.749070 0.136895 0.048029
2 0.614583 0.865741 0.193750 0.127778
2 0.663542 0.847222 0.089583 0.064815
0 0.366075 0.815448 0.213570 0.247371
1 0.390766 0.727576 0.133080 0.040741
2 0.364063 0.852778 0.184375 0.131481
2 0.394792 0.848148 0.116667 0.077778
7 0.433798 0.729510 0.053123 0.038457
6 0.124013 0.536913 0.208103 0.232919
1 0.124013 0.458744 0.158877 0.046151
4 0.121875 0.570370 0.181250 0.129630
5 0.064062 0.601852 0.030208 0.037037
6 0.855311 0.536816 0.226127 0.237531
1 0.855311 0.453797 0.127777 0.040741
6 0.855208 0.566667 0.189583 0.137037
6 0.370672 0.271240 0.213874 0.233040
1 0.330402 0.191191 0.112500 0.044780
4 0.368229 0.296296 0.184375 0.122222
6 0.624183 0.552197 0.210817 0.231151
1 0.624183 0.471119 0.112500 0.040856
3 0.623958 0.578704 0.175000 0.124074
7 0.684402 0.469467 0.065380 0.028653
6 0.127213 0.276400 0.213431 0.246661
1 0.127213 0.188136 0.161225 0.040741
5 0.129688 0.305556 0.107292 0.137037
6 0.146354 0.293519 0.059375 0.075926
