1 0.500000 0.124320 0.640000 0.068975
0 0.128675 0.276060 0.223712 0.244151
1 0.117713 0.191126 0.165498 0.040869
2 0.128646 0.311111 0.190625 0.137037
5 0.129167 0.304630 0.027083 0.035185
7 0.196262 0.190307 0.063537 0.035607
6 0.363606 0.816252 0.218536 0.238584
1 0.335403 0.737802 0.113234 0.046693
2 0.361979 0.845370 0.192708 0.120370
7 0.426953 0.735481 0.066843 0.040004
6 0.142385 0.843370 0.220240 0.242403
1 0.142385 0.764740 0.112500 0.047802
2 0.141146 0.876852 0.190625 0.127778
7 0.219327 0.760424 0.041355 0.039473
6 0.855187 0.269107 0.212402 0.236819
1 0.890577 0.190404 0.112500 0.040807
2 0.855729 0.303704 0.180208 0.114815
6 0.857848 0.561785 0.212267 0.245839
1 0.857848 0.476345 0.151040 0.040741
3 0.855729 0.587963 0.186458 0.131481
0 0.611914 0.533723 0.210197 0.235983
1 0.611914 0.458461 0.112500 0.046198
5 0.611979 0.570370 0.078125 0.100000
7 0.687015 0.454112 0.034995 0.039724
0 0.867136 0.828529 0.226110 0.239602
1 0.865577 0.747074 0.169960 0.041324
4 0.867708 0.862037 0.202083 0.116667
0 0.370648 0.562615 0.220804 0.254478
1 0.378006 0.472366 0.160920 0.047891
7 0.368229 0.596296 0.098958 0.125926
0 0.387960 0.270277 0.222766 0.247808
1 0.387960 0.185868 0.131041 0.048719
2 0.388542 0.300926 0.187500 0.131481
6 0.129355 0.543247 0.210331 0.239751
1 0.129355 0.463720 0.112500 0.046231
8 0.128125 0.584259 0.083333 0.105556
2 0.126562 0.589815 0.053125 0.042593
7 0.191887 0.455473 0.060268 0.027166
6 0.623227 0.825195 0.211373 0.232320
1 0.646092 0.749642 0.144809 0.045903
2 0.625000 0.857407 0.179167 0.118519
5 0.676042 0.879630 0.016667 0.033333
6 0.620785 0.270977 0.222824 0.233602
1 0.620785 0.195315 0.115950 0.043771
2 0.618229 0.304630 0.190625 0.120370
