1 0.500000 0.071039 0.380000 0.069596
0 0.378430 0.543604 0.209228 0.255408
1 0.378430 0.455463 0.133139 0.045284
6 0.380208 0.575000 0.181250 0.142593
8 0.376563 0.564815 0.026042 0.033333
0 0.626253 0.536701 0.215870 0.228425
1 0.625916 0.463345 0.150916 0.045631
2 0.622396 0.569444 0.186458 0.109259
0 0.374996 0.280508 0.210101 0.252713
1 0.390607 0.190515 0.156614 0.040741
7 0.373437 0.311111 0.098958 0.125926
4 0.389062 0.287037 0.051042 0.059259
6 0.132626 0.824568 0.220898 0.255344
1 0.176408 0.739759 0.112500 0.047538
2 0.132292 0.866667 0.189583 0.125926
2 0.133333 0.861111 0.075000 0.077778
6 0.624027 0.811876 0.213182 0.239477
1 0.624027 0.726489 0.157879 0.040741
2 0.623958 0.842593 0.183333 0.133333
6 0.583333 0.826852 0.047917 0.061111
0 0.144287 0.261848 0.225605 0.250432
1 0.129722 0.175522 0.175641 0.041821
6 0.146875 0.294444 0.195833 0.125926
6 0.129762 0.564028 0.216626 0.245942
1 0.149865 0.484082 0.118078 0.047513
7 0.131250 0.596296 0.100000 0.125926
7 0.204699 0.478610 0.041752 0.038068
0 0.623048 0.276442 0.215291 0.237162
1 0.641183 0.197369 0.158188 0.047104
5 0.619792 0.309259 0.089583 0.114815
2 0.604167 0.332407 0.052083 0.042593
7 0.684110 0.191621 0.068167 0.030484
6 0.380285 0.833077 0.212355 0.234722
1 0.349684 0.755629 0.130319 0.040741
3 0.379688 0.873148 0.178125 0.112963
7 0.446033 0.749243 0.055859 0.030017
6 0.865586 0.555554 0.222536 0.231541
1 0.865586 0.478715 0.112500 0.040741
6 0.862500 0.587963 0.193750 0.112963
1 0.817708 0.611111 0.020833 0.025926
7 0.946354 0.474448 0.036000 0.032292
0 0.870355 0.825644 0.225664 0.245864
1 0.890078 0.738493 0.147950 0.040741
2 0.870313 0.858333 0.194792 0.116667
7 0.950091 0.733598 0.041192 0.024735
6 0.855312 0.274258 0.210187 0.251487
1 0.855312 0.186464 0.137257 0.040741
7 0.857292 0.308333 0.091667 0.116667
