1 0.500000 0.095219 0.380000 0.081392
6 0.620096 0.253373 0.216572 0.242447
1 0.620096 0.167351 0.153545 0.040741
2 0.621875 0.280556 0.185417 0.131481
7 0.687455 0.170994 0.056854 0.040653
6 0.379981 0.533089 0.212984 0.246574
1 0.379981 0.444968 0.143256 0.040741
3 0.378125 0.560185 0.187500 0.146296
6 0.144389 0.542093 0.222762 0.252186
1 0.144389 0.454028 0.136041 0.047450
2 0.146354 0.576852 0.190625 0.124074
8 0.180729 0.602778 0.023958 0.031481
0 0.862870 0.822698 0.217080 0.234816
1 0.862870 0.745367 0.119718 0.040741
7 0.862500 0.852778 0.089583 0.112963
2 0.844271 0.879630 0.036458 0.044444
0 0.625182 0.534498 0.219400 0.234911
1 0.625182 0.456261 0.114922 0.040741
7 0.626042 0.570370 0.072917 0.092593
6 0.608029 0.829885 0.223352 0.237356
1 0.595827 0.750077 0.171952 0.040741
6 0.607292 0.866667 0.200000 0.111111
0 0.127338 0.844944 0.223066 0.248479
1 0.127338 0.761370 0.152354 0.046884
5 0.124479 0.879630 0.115625 0.114815
6 0.378382 0.281668 0.207839 0.244828
1 0.388263 0.196920 0.112500 0.041438
2 0.377083 0.317593 0.181250 0.120370
2 0.372396 0.313889 0.076042 0.068519
7 0.442834 0.190692 0.053934 0.025838
6 0.864333 0.262134 0.218932 0.250636
1 0.838446 0.177595 0.112500 0.048767
2 0.861979 0.296296 0.188542 0.140741
7 0.934024 0.168634 0.054549 0.026600
0 0.138988 0.277688 0.215288 0.244494
1 0.138988 0.192999 0.122563 0.040741
2 0.138021 0.309259 0.188542 0.140741
0 0.380077 0.837254 0.218080 0.245270
1 0.380077 0.748153 0.112500 0.040741
2 0.381771 0.868519 0.192708 0.144444
7 0.341146 0.837963 0.028125 0.035185
7 0.443186 0.744417 0.066861 0.022559
0 0.847328 0.538468 0.214308 0.226712
1 0.830618 0.459888 0.112500 0.040741
6 0.847396 0.562037 0.190625 0.116667
