1 0.500000 0.076652 0.520000 0.094044
6 0.366721 0.541757 0.220408 0.237134
1 0.389415 0.463460 0.154187 0.045187
6 0.365104 0.580556 0.186458 0.112963
7 0.443568 0.457980 0.041713 0.032542
6 0.856648 0.264195 0.219892 0.232010
1 0.856648 0.188226 0.124454 0.040741
2 0.855729 0.299074 0.192708 0.105556
7 0.924438 0.186769 0.059312 0.040122
0 0.857995 0.531596 0.225191 0.243791
1 0.820198 0.449938 0.128764 0.040741
5 0.859375 0.560185 0.089583 0.112963
7 0.925719 0.445184 0.064742 0.033929
6 0.603603 0.272845 0.213466 0.238338
1 0.603603 0.189342 0.164795 0.042939
2 0.602083 0.304630 0.187500 0.135185
4 0.570312 0.321296 0.107292 0.079630
7 0.669300 0.188215 0.057072 0.032041
0 0.382044 0.284197 0.217632 0.253307
1 0.393256 0.195469 0.159335 0.049581
2 0.378125 0.313889 0.187500 0.131481
5 0.326562 0.346296 0.034375 0.044444
7 0.457431 0.194472 0.041859 0.036821
0 0.142424 0.265157 0.214662 0.229577
1 0.115037 0.190490 0.122427 0.042705
4 0.143229 0.299074 0.182292 0.105556
0 0.379955 0.823604 0.226444 0.254765
1 0.354856 0.729884 0.155413 0.040741
8 0.381250 0.851852 0.112500 0.144444
7 0.453256 0.731796 0.054843 0.034112
6 0.127210 0.829216 0.218586 0.226138
1 0.150216 0.753060 0.151740 0.040741
4 0.127604 0.860185 0.192708 0.098148
2 0.171875 0.862037 0.089583 0.061111
0 0.626338 0.559549 0.222899 0.243587
1 0.671121 0.473329 0.112500 0.040741
6 0.623958 0.596296 0.193750 0.129630
6 0.611763 0.817940 0.223029 0.248392
1 0.648297 0.728784 0.112500 0.040741
7 0.610938 0.849074 0.109375 0.138889
2 0.588021 0.869444 0.048958 0.064815
0 0.869198 0.815274 0.225056 0.238101
1 0.869198 0.736181 0.144191 0.040741
6 0.868750 0.850000 0.197917 0.111111
2 0.832812 0.877778 0.107292 0.048148
6 0.122721 0.529466 0.209217 0.234388
1 0.103833 0.449079 0.142401 0.040741
8 0.124479 0.559259 0.092708 0.118519
7 0.190359 0.448703 0.048941 0.035825
