1 0.500000 0.143134 0.640000 0.070822
6 0.608826 0.267278 0.212620 0.252303
1 0.620506 0.175231 0.113889 0.040741
2 0.609896 0.297222 0.180208 0.135185
0 0.860728 0.559519 0.219210 0.238458
1 0.817790 0.477927 0.112500 0.040741
8 0.861458 0.593519 0.085417 0.109259
6 0.866667 0.593519 0.045833 0.057407
7 0.933731 0.476336 0.048204 0.035055
6 0.367669 0.552542 0.212221 0.234743
1 0.328225 0.469906 0.112500 0.042742
1 0.371354 0.584259 0.176042 0.012963
7 0.417708 0.595370 0.018750 0.024074
6 0.134666 0.538836 0.209505 0.235428
1 0.102848 0.456912 0.117284 0.041687
7 0.135417 0.572222 0.093750 0.118519
6 0.126700 0.276438 0.222628 0.253401
1 0.119750 0.190773 0.155517 0.043938
7 0.126562 0.305556 0.098958 0.125926
5 0.154688 0.276852 0.028125 0.035185
7 0.202070 0.185638 0.046887 0.034764
0 0.623103 0.555427 0.215795 0.240116
1 0.623103 0.472590 0.119424 0.040741
6 0.622396 0.589815 0.192708 0.127778
0 0.383432 0.257024 0.219287 0.245260
1 0.383432 0.171624 0.154659 0.040741
6 0.382292 0.287037 0.187500 0.125926
7 0.455094 0.165323 0.050963 0.024821
6 0.613720 0.836439 0.217898 0.232981
1 0.621890 0.753669 0.139610 0.040741
3 0.615104 0.871296 0.188542 0.112963
8 0.648438 0.901852 0.019792 0.025926
7 0.676648 0.755342 0.067042 0.033751
0 0.859751 0.259037 0.217632 0.249007
1 0.859751 0.171874 0.164727 0.040741
6 0.859896 0.295370 0.182292 0.138889
6 0.143106 0.827301 0.222635 0.246502
1 0.143106 0.739309 0.114184 0.040982
7 0.141146 0.862037 0.092708 0.116667
6 0.851442 0.821162 0.213939 0.239743
1 0.813885 0.743166 0.117991 0.047911
7 0.850000 0.851852 0.087500 0.111111
2 0.854688 0.862037 0.048958 0.042593
6 0.371715 0.829493 0.222143 0.245342
1 0.371715 0.749292 0.156571 0.046819
5 0.370312 0.863889 0.101042 0.127778
6 0.362500 0.832407 0.039583 0.050000
