1 0.500000 0.067216 0.520000 0.075173
6 0.862744 0.555649 0.222685 0.251650
1 0.905437 0.469903 0.112500 0.040741
6 0.862500 0.595370 0.189583 0.131481
7 0.937001 0.468495 0.049170 0.040304
0 0.609481 0.248739 0.211966 0.240206
1 0.584256 0.169119 0.112532 0.040741
2 0.610417 0.287037 0.185417 0.118519
6 0.125331 0.255458 0.218765 0.249574
1 0.125331 0.165415 0.112500 0.041348
2 0.125000 0.289815 0.187500 0.127778
8 0.151042 0.247222 0.025000 0.031481
7 0.189905 0.162832 0.064618 0.027284
6 0.136836 0.551597 0.224285 0.246565
1 0.136836 0.462956 0.152851 0.041571
6 0.138021 0.582407 0.192708 0.146296
6 0.362662 0.551380 0.212243 0.238039
1 0.362662 0.472269 0.136619 0.046253
3 0.361458 0.582407 0.185417 0.112963
7 0.428059 0.470186 0.056449 0.038614
6 0.620474 0.825665 0.225475 0.228517
1 0.658881 0.749307 0.127828 0.040813
7 0.622396 0.860185 0.073958 0.094444
6 0.610417 0.874074 0.008333 0.033333
6 0.371529 0.833501 0.223191 0.246283
1 0.326600 0.749040 0.112500 0.047566
7 0.369792 0.870370 0.095833 0.122222
6 0.133529 0.838866 0.217541 0.254187
1 0.171451 0.750147 0.120863 0.045758
2 0.133333 0.870370 0.185417 0.140741
8 0.136979 0.873148 0.028125 0.035185
7 0.199793 0.743617 0.060012 0.026651
0 0.855659 0.261677 0.219953 0.255039
1 0.855659 0.167669 0.112500 0.040741
7 0.858333 0.294444 0.100000 0.125926
6 0.378570 0.274123 0.215639 0.245306
1 0.352033 0.185987 0.132780 0.040741
7 0.379688 0.300000 0.092708 0.118519
6 0.393750 0.290741 0.037500 0.048148
6 0.858328 0.809497 0.224843 0.235965
1 0.889641 0.726781 0.141384 0.040741
6 0.855729 0.846296 0.194792 0.122222
2 0.814583 0.869444 0.102083 0.057407
7 0.933203 0.728922 0.050094 0.037777
6 0.611278 0.534495 0.217134 0.248016
1 0.611278 0.446912 0.112500 0.044985
1 0.608854 0.564815 0.090625 0.114815
4 0.591146 0.568519 0.036458 0.074074
