1 0.500000 0.065622 0.520000 0.071984
0 0.868035 0.281504 0.219080 0.243665
1 0.872420 0.193237 0.112500 0.040741
2 0.866667 0.310185 0.191667 0.127778
0 0.368489 0.280960 0.214089 0.252815
1 0.368489 0.189056 0.127006 0.042797
7 0.369271 0.310185 0.101042 0.127778
4 0.354167 0.273148 0.047917 0.046296
7 0.436195 0.184355 0.053676 0.022568
0 0.630647 0.557580 0.225617 0.241987
1 0.676789 0.471695 0.112500 0.040741
2 0.628125 0.589815 0.197917 0.131481
6 0.847158 0.528950 0.218128 0.231718
1 0.865794 0.449699 0.132214 0.040741
6 0.846875 0.558333 0.195833 0.105556
7 0.920798 0.450682 0.045848 0.038146
0 0.849129 0.825525 0.211548 0.228070
1 0.849129 0.750982 0.136994 0.044740
2 0.851042 0.861111 0.183333 0.092593
0 0.604631 0.837282 0.214518 0.229627
1 0.604631 0.762479 0.153203 0.042362
7 0.603646 0.875926 0.069792 0.088889
7 0.597396 0.892593 0.019792 0.025926
7 0.671437 0.757239 0.055906 0.032504
0 0.130934 0.819815 0.225962 0.227099
1 0.084620 0.742424 0.112500 0.043145
8 0.130729 0.851852 0.082292 0.103704
2 0.112500 0.842593 0.037500 0.051852
0 0.371938 0.831939 0.216253 0.242526
1 0.371938 0.749043 0.112500 0.040741
7 0.371354 0.863889 0.080208 0.101852
2 0.381250 0.889815 0.039583 0.038889
7 0.448086 0.745686 0.038956 0.032983
6 0.376316 0.533928 0.223341 0.246611
1 0.346745 0.444692 0.129206 0.040741
7 0.379688 0.571296 0.096875 0.124074
6 0.129683 0.264150 0.216397 0.234419
1 0.123304 0.186751 0.165595 0.040741
2 0.130208 0.297222 0.193750 0.112963
7 0.191534 0.177483 0.067695 0.024047
6 0.133983 0.563917 0.208702 0.247148
1 0.145037 0.480594 0.158873 0.040844
2 0.135937 0.598148 0.176042 0.114815
6 0.619522 0.279694 0.215264 0.249626
1 0.619522 0.195523 0.138022 0.041308
4 0.617188 0.311111 0.184375 0.125926
7 0.644271 0.332407 0.023958 0.031481
