1 0.736085 0.073539 0.370679 0.080412
0 0.144022 0.836843 0.215589 0.238659
1 0.123047 0.756350 0.152805 0.044010
2 0.144271 0.874074 0.186458 0.118519
2 0.145833 0.881481 0.110417 0.066667
0 0.129452 0.551224 0.220265 0.234040
1 0.129452 0.469389 0.146811 0.040741
2 0.127083 0.583333 0.189583 0.122222
2 0.074479 0.615741 0.071875 0.050000
0 0.849611 0.808379 0.208815 0.233270
1 0.849611 0.728162 0.123421 0.040741
8 0.849479 0.836111 0.094792 0.120370
6 0.829167 0.818519 0.016667 0.062963
6 0.870696 0.254722 0.222082 0.245467
1 0.896058 0.171527 0.126276 0.040741
2 0.868229 0.292593 0.194792 0.129630
2 0.918750 0.301852 0.085417 0.066667
0 0.843294 0.542004 0.211192 0.225943
1 0.843294 0.469748 0.134223 0.040741
5 0.840104 0.571296 0.082292 0.105556
7 0.908447 0.466935 0.055886 0.038769
6 0.133309 0.259468 0.222958 0.247078
1 0.133309 0.175611 0.141328 0.049383
1 0.134896 0.295370 0.082292 0.105556
7 0.211847 0.169354 0.040882 0.029812
0 0.618547 0.528266 0.214814 0.231109
1 0.582051 0.453345 0.120989 0.040741
2 0.618229 0.562963 0.182292 0.118519
8 0.571354 0.587963 0.021875 0.027778
7 0.688940 0.448676 0.049028 0.034891
0 0.627921 0.265589 0.219956 0.248344
1 0.596912 0.185520 0.112500 0.047845
2 0.627604 0.306481 0.192708 0.127778
7 0.691274 0.176338 0.068251 0.032806
6 0.377128 0.837608 0.208580 0.244473
1 0.413469 0.756609 0.115066 0.046035
1 0.374479 0.876852 0.082292 0.105556
6 0.606629 0.824817 0.220196 0.234860
1 0.606629 0.745597 0.145255 0.044619
2 0.606250 0.862963 0.197917 0.114815
2 0.639062 0.867593 0.115625 0.057407
6 0.360629 0.540460 0.212776 0.249534
1 0.360629 0.449143 0.120865 0.040741
2 0.361458 0.564815 0.181250 0.148148
0 0.384369 0.282049 0.215163 0.246720
1 0.384369 0.196337 0.164997 0.044519
7 0.384375 0.314815 0.093750 0.118519
