1 0.500000 0.135426 0.640000 0.059099
0 0.861972 0.811517 0.219177 0.239032
1 0.862207 0.728905 0.112500 0.040741
2 0.863542 0.836111 0.189583 0.124074
6 0.378502 0.541166 0.222972 0.243122
1 0.378502 0.457787 0.162299 0.043438
5 0.380729 0.579630 0.090625 0.114815
0 0.141937 0.265984 0.211917 0.235522
1 0.142578 0.191036 0.163405 0.046154
2 0.143750 0.304630 0.185417 0.109259
1 0.193229 0.329630 0.019792 0.025926
0 0.131117 0.813529 0.215602 0.237359
1 0.131117 0.735509 0.123664 0.045102
2 0.129167 0.852778 0.183333 0.120370
6 0.123975 0.548865 0.208094 0.226267
1 0.133606 0.475470 0.134961 0.040741
2 0.124479 0.579630 0.182292 0.114815
0 0.367267 0.816102 0.218284 0.234526
1 0.407651 0.737214 0.112500 0.040741
2 0.364583 0.846296 0.189583 0.118519
6 0.846014 0.257337 0.208399 0.255436
1 0.846014 0.165900 0.128296 0.043877
8 0.845833 0.292593 0.102083 0.129630
6 0.858333 0.324074 0.031250 0.040741
7 0.916068 0.163728 0.043291 0.031181
6 0.618989 0.550116 0.207872 0.249673
1 0.618989 0.460191 0.121078 0.040741
4 0.616667 0.583333 0.179167 0.144444
7 0.692280 0.458111 0.036290 0.028625
6 0.624945 0.254701 0.224040 0.245020
1 0.624945 0.168932 0.116592 0.040741
6 0.623437 0.281481 0.198958 0.137037
2 0.593750 0.287037 0.127083 0.081481
0 0.377906 0.257470 0.209201 0.237014
1 0.375634 0.178661 0.126620 0.043394
6 0.378125 0.287037 0.187500 0.125926
6 0.340104 0.290741 0.053125 0.066667
6 0.859808 0.537652 0.221478 0.233055
1 0.857907 0.457989 0.135801 0.040741
2 0.859375 0.574074 0.197917 0.114815
2 0.859896 0.569444 0.103125 0.053704
6 0.620944 0.817003 0.216399 0.250998
1 0.579411 0.731192 0.112500 0.048060
2 0.620313 0.854630 0.190625 0.135185
