1 0.794866 0.066661 0.372697 0.066656
0 0.120247 0.525069 0.209946 0.228940
1 0.120247 0.449947 0.129102 0.041808
7 0.117708 0.558333 0.083333 0.105556
2 0.125521 0.566667 0.040625 0.044444
7 0.182947 0.440751 0.059545 0.023266
6 0.856872 0.269664 0.222498 0.250988
1 0.856872 0.182623 0.129470 0.040741
6 0.857812 0.302778 0.196875 0.146296
6 0.136921 0.830961 0.224285 0.252707
1 0.136921 0.742055 0.153433 0.048900
4 0.137500 0.866667 0.197917 0.125926
2 0.097396 0.871296 0.092708 0.075926
6 0.368062 0.843509 0.226360 0.251208
1 0.321549 0.761805 0.112500 0.049939
2 0.369271 0.873148 0.196875 0.127778
7 0.447706 0.749415 0.042072 0.025983
6 0.622457 0.559729 0.208121 0.241695
1 0.599558 0.478019 0.123088 0.047796
6 0.618750 0.593519 0.179167 0.131481
6 0.655729 0.581481 0.040625 0.051852
0 0.372008 0.258345 0.209933 0.244563
1 0.333708 0.180232 0.112500 0.048058
6 0.372396 0.296296 0.184375 0.114815
6 0.366146 0.303704 0.040625 0.051852
0 0.856263 0.811269 0.213095 0.239067
1 0.817119 0.725290 0.113972 0.040741
2 0.858333 0.847222 0.181250 0.131481
0 0.857618 0.535362 0.215434 0.241701
1 0.857618 0.452923 0.113297 0.040741
4 0.857812 0.565741 0.192708 0.116667
6 0.382949 0.552455 0.213422 0.227611
1 0.410896 0.474746 0.136695 0.040741
2 0.383854 0.583333 0.182292 0.111111
6 0.132176 0.254275 0.220189 0.231051
1 0.174466 0.178739 0.112500 0.040741
5 0.132292 0.294444 0.047917 0.096296
7 0.143750 0.275000 0.016667 0.020370
0 0.599179 0.815141 0.208567 0.234477
1 0.623838 0.734769 0.138415 0.040741
2 0.598958 0.847222 0.181250 0.112963
2 0.558854 0.836111 0.086458 0.061111
0 0.613383 0.257375 0.212444 0.226294
1 0.613383 0.183162 0.128058 0.041535
8 0.612500 0.285185 0.079167 0.100000
7 0.674785 0.179466 0.064640 0.033440
