1 0.500000 0.073507 0.520000 0.087754
6 0.377182 0.549085 0.213714 0.243054
1 0.377182 0.465976 0.112500 0.044240
3 0.379167 0.584259 0.183333 0.120370
6 0.607461 0.840962 0.208881 0.238394
1 0.631600 0.758090 0.117700 0.040741
2 0.604167 0.865741 0.179167 0.124074
7 0.667048 0.756919 0.064707 0.033271
0 0.847112 0.258134 0.219343 0.240093
1 0.847112 0.176011 0.112500 0.043801
4 0.846354 0.285185 0.184375 0.129630
2 0.890625 0.297222 0.089583 0.061111
7 0.912704 0.173734 0.063161 0.034255
0 0.375716 0.257696 0.224628 0.228625
1 0.388327 0.179800 0.122229 0.041419
2 0.376042 0.282407 0.200000 0.112963
3 0.416146 0.279630 0.096875 0.070370
0 0.147820 0.812599 0.222953 0.242643
1 0.126956 0.734697 0.160392 0.047988
3 0.144792 0.845370 0.191667 0.127778
6 0.127523 0.268472 0.208769 0.226129
1 0.127523 0.195403 0.155138 0.040741
6 0.127083 0.298148 0.177083 0.118519
6 0.127502 0.533699 0.215302 0.237706
1 0.115056 0.449529 0.161157 0.040741
5 0.126562 0.562963 0.057292 0.114815
0 0.848590 0.813872 0.218229 0.229235
1 0.857644 0.734018 0.165140 0.042685
6 0.847917 0.848148 0.187500 0.107407
6 0.614481 0.268179 0.210621 0.248596
1 0.614481 0.179262 0.137643 0.041438
8 0.612500 0.303704 0.102083 0.129630
2 0.601562 0.326852 0.065625 0.061111
7 0.680626 0.179014 0.053331 0.033229
0 0.863305 0.552019 0.219862 0.251817
1 0.863305 0.467721 0.164150 0.045849
6 0.862500 0.586111 0.187500 0.116667
5 0.861979 0.587963 0.030208 0.038889
6 0.624618 0.544161 0.213683 0.227557
1 0.653310 0.467266 0.135464 0.045219
2 0.626563 0.579630 0.186458 0.107407
6 0.382148 0.825045 0.214052 0.249426
1 0.341789 0.736341 0.112500 0.042560
7 0.381771 0.862963 0.098958 0.125926
7 0.446562 0.736202 0.060224 0.034702
