1 0.500000 0.066566 0.520000 0.073873
6 0.610852 0.817029 0.225205 0.249346
1 0.610852 0.732550 0.124007 0.046944
4 0.611458 0.844444 0.197917 0.129630
2 0.656771 0.850000 0.090625 0.074074
7 0.690631 0.726188 0.040648 0.030629
6 0.368942 0.809903 0.219872 0.228125
1 0.330145 0.734949 0.112500 0.040741
2 0.371354 0.840741 0.192708 0.118519
6 0.351562 0.842593 0.048958 0.062963
6 0.136296 0.283069 0.223579 0.244345
1 0.136296 0.196999 0.115746 0.040741
8 0.135937 0.311111 0.092708 0.118519
2 0.126042 0.306481 0.050000 0.064815
6 0.127117 0.555896 0.225651 0.228750
1 0.156672 0.478314 0.129928 0.041452
7 0.126562 0.591667 0.073958 0.094444
6 0.378982 0.543685 0.209087 0.246075
1 0.385053 0.459905 0.113569 0.040741
2 0.377083 0.582407 0.177083 0.124074
0 0.861067 0.273770 0.209689 0.233932
1 0.868314 0.193861 0.112500 0.045127
5 0.859896 0.306481 0.073958 0.094444
6 0.855376 0.531927 0.222121 0.226125
1 0.894254 0.455697 0.112500 0.040741
7 0.855729 0.569444 0.073958 0.094444
4 0.836979 0.582407 0.028125 0.038889
7 0.923854 0.450360 0.060166 0.025953
0 0.624190 0.270174 0.218296 0.226024
1 0.659250 0.196203 0.112500 0.042305
2 0.628646 0.300000 0.188542 0.114815
0 0.616870 0.543633 0.212543 0.251312
1 0.616870 0.455553 0.151433 0.046342
5 0.615104 0.575000 0.090625 0.116667
6 0.861812 0.834918 0.212326 0.239824
1 0.834410 0.753339 0.136689 0.040741
6 0.863021 0.865741 0.180208 0.135185
2 0.860938 0.868519 0.092708 0.074074
6 0.132707 0.831932 0.219254 0.233932
1 0.118190 0.756731 0.169387 0.044784
2 0.135417 0.867593 0.189583 0.120370
7 0.205031 0.753670 0.049607 0.040370
6 0.371772 0.266189 0.214601 0.253398
1 0.361630 0.179825 0.142722 0.045368
2 0.375521 0.302778 0.186458 0.124074
