1 0.500000 0.067047 0.520000 0.074836
0 0.138265 0.244880 0.212558 0.230255
1 0.138265 0.170063 0.139631 0.044821
2 0.135937 0.280556 0.180208 0.112963
6 0.853729 0.276586 0.225542 0.234629
1 0.899833 0.201831 0.112500 0.046084
6 0.851562 0.310185 0.194792 0.124074
0 0.617101 0.553507 0.211849 0.243386
1 0.632068 0.466612 0.153269 0.040741
2 0.617188 0.578704 0.180208 0.127778
0 0.379482 0.540060 0.224231 0.233371
1 0.410741 0.465881 0.112500 0.046152
8 0.378125 0.580556 0.083333 0.105556
6 0.365104 0.567593 0.011458 0.042593
6 0.856520 0.534641 0.217202 0.237904
1 0.834227 0.456226 0.128611 0.043449
5 0.858854 0.571296 0.086458 0.109259
7 0.853646 0.560185 0.021875 0.027778
0 0.375132 0.838018 0.213477 0.228237
1 0.390223 0.757998 0.162462 0.040741
8 0.375000 0.870370 0.075000 0.096296
1 0.370312 0.875926 0.019792 0.025926
0 0.609766 0.829869 0.213744 0.250509
1 0.609766 0.743726 0.156842 0.040741
5 0.609896 0.858333 0.101042 0.127778
2 0.611979 0.850926 0.040625 0.075926
7 0.678466 0.738903 0.051344 0.031538
0 0.624805 0.249566 0.220675 0.233450
1 0.624805 0.168472 0.145567 0.041137
2 0.623958 0.288889 0.185417 0.118519
7 0.700093 0.165355 0.045101 0.027991
0 0.125376 0.838918 0.212626 0.237768
1 0.155230 0.758258 0.132083 0.040741
6 0.125000 0.876852 0.179167 0.116667
2 0.120833 0.874074 0.081250 0.048148
0 0.361260 0.275645 0.212460 0.242849
1 0.361260 0.189695 0.159240 0.040741
2 0.364583 0.300926 0.181250 0.131481
7 0.421689 0.192413 0.066601 0.039348
6 0.124710 0.537779 0.221049 0.232673
1 0.080852 0.462992 0.112500 0.042984
2 0.122396 0.573148 0.190625 0.098148
7 0.197749 0.454601 0.049972 0.029280
6 0.859259 0.837024 0.212403 0.229035
1 0.862928 0.757463 0.112500 0.042110
2 0.860938 0.868519 0.186458 0.103704
2 0.897917 0.856481 0.097917 0.042593
