1 0.225619 0.076584 0.401238 0.086502
6 0.845644 0.259519 0.217300 0.253403
1 0.833219 0.168682 0.112500 0.044620
5 0.845313 0.291667 0.103125 0.131481
7 0.917133 0.168948 0.049322 0.035223
0 0.622283 0.269741 0.211988 0.234702
1 0.622283 0.194415 0.159912 0.046352
2 0.620833 0.307407 0.179167 0.114815
0 0.134420 0.537609 0.215490 0.250821
1 0.094112 0.449688 0.112500 0.044174
2 0.136458 0.570370 0.187500 0.122222
7 0.211845 0.450759 0.035639 0.040085
0 0.380040 0.840919 0.214094 0.243598
1 0.363147 0.756352 0.151265 0.040741
4 0.377083 0.869444 0.187500 0.131481
5 0.382292 0.862037 0.025000 0.031481
0 0.855595 0.567238 0.223091 0.249464
1 0.874355 0.480577 0.160813 0.040741
7 0.855729 0.602778 0.101042 0.127778
6 0.383158 0.539009 0.210534 0.231213
1 0.383158 0.460287 0.159202 0.040741
2 0.382812 0.567593 0.186458 0.120370
3 0.339062 0.587963 0.086458 0.064815
0 0.376810 0.254100 0.218532 0.232162
1 0.390153 0.175653 0.153530 0.040741
2 0.375000 0.289815 0.191667 0.120370
2 0.378646 0.287963 0.113542 0.064815
7 0.439512 0.168808 0.068127 0.024540
6 0.615999 0.811780 0.225487 0.232988
1 0.615999 0.733501 0.155160 0.040741
2 0.616146 0.841667 0.194792 0.116667
6 0.847016 0.831429 0.208598 0.243784
1 0.874624 0.752732 0.124683 0.046052
6 0.846875 0.869444 0.185417 0.105556
2 0.852604 0.864815 0.086458 0.040741
7 0.911916 0.742399 0.053798 0.028686
6 0.616677 0.549963 0.218264 0.250277
1 0.651778 0.462842 0.127230 0.040741
4 0.615104 0.579630 0.192708 0.133333
7 0.692540 0.458037 0.041538 0.029388
6 0.139152 0.808631 0.212100 0.233007
1 0.117200 0.727163 0.147363 0.042910
2 0.141146 0.841667 0.184375 0.127778
0 0.135263 0.243312 0.225242 0.228478
1 0.154636 0.166240 0.165662 0.040741
7 0.134896 0.278704 0.078125 0.098148
