1 0.733028 0.067622 0.348625 0.068577
0 0.609967 0.833429 0.214471 0.234166
1 0.587510 0.752274 0.112908 0.040741
6 0.609896 0.864815 0.182292 0.107407
2 0.614062 0.863889 0.094792 0.053704
6 0.851971 0.841030 0.214585 0.238977
1 0.851971 0.755197 0.112500 0.040741
6 0.851042 0.876852 0.191667 0.124074
0 0.377991 0.280948 0.218088 0.245269
1 0.390741 0.191853 0.157993 0.040741
2 0.378125 0.315741 0.185417 0.127778
2 0.341667 0.352778 0.102083 0.042593
7 0.452535 0.192299 0.044000 0.030932
0 0.869170 0.272485 0.219367 0.241152
1 0.869170 0.192443 0.130753 0.040741
2 0.869271 0.300926 0.186458 0.127778
6 0.897396 0.315741 0.038542 0.050000
7 0.944483 0.181869 0.043741 0.022883
6 0.130835 0.838016 0.226324 0.249529
1 0.121100 0.754517 0.173860 0.044449
7 0.134375 0.874074 0.108333 0.137037
7 0.210652 0.745548 0.041688 0.027556
6 0.377376 0.551104 0.218642 0.235369
1 0.377376 0.468519 0.162355 0.040741
2 0.377083 0.582407 0.191667 0.112963
6 0.138317 0.532116 0.208944 0.235248
1 0.133725 0.451717 0.120998 0.046365
2 0.136458 0.565741 0.177083 0.124074
7 0.205392 0.445529 0.049794 0.025036
6 0.858185 0.545072 0.224302 0.241971
1 0.881784 0.460217 0.112500 0.040741
2 0.855729 0.581481 0.196875 0.125926
7 0.938904 0.458519 0.037864 0.031827
0 0.605157 0.541947 0.216277 0.247186
1 0.646629 0.460005 0.112500 0.044091
2 0.606250 0.577778 0.183333 0.118519
0 0.368103 0.825660 0.219825 0.250730
1 0.345314 0.739587 0.153413 0.043412
2 0.367188 0.855556 0.186458 0.133333
2 0.370833 0.865741 0.116667 0.061111
7 0.443518 0.732949 0.043996 0.028272
0 0.624332 0.250243 0.218308 0.235381
1 0.624332 0.168767 0.166390 0.040741
2 0.623437 0.280556 0.188542 0.120370
0 0.145291 0.260467 0.224025 0.251382
1 0.145291 0.176416 0.134623 0.046299
6 0.142187 0.295370 0.194792 0.124074
7 0.217172 0.171001 0.055262 0.035415
