1 0.784132 0.071024 0.360810 0.075381
0 0.132803 0.808604 0.225975 0.228953
1 0.132803 0.733748 0.169453 0.040741
6 0.131771 0.841667 0.198958 0.112963
0 0.611611 0.831027 0.225903 0.250314
1 0.601283 0.746081 0.176203 0.044652
8 0.613021 0.865741 0.088542 0.112963
6 0.623437 0.864815 0.055208 0.070370
0 0.622789 0.255086 0.208125 0.235505
1 0.622789 0.173081 0.124566 0.040741
8 0.623958 0.288889 0.102083 0.129630
7 0.690024 0.173883 0.048656 0.036063
6 0.119306 0.266648 0.212703 0.246387
1 0.122582 0.179377 0.112500 0.044452
2 0.119271 0.298148 0.178125 0.125926
6 0.852048 0.254963 0.218215 0.246670
1 0.835689 0.168522 0.164663 0.043125
6 0.854167 0.290741 0.191667 0.129630
2 0.892188 0.308333 0.090625 0.057407
6 0.852335 0.827313 0.208035 0.251573
1 0.839939 0.738811 0.118251 0.040741
2 0.853646 0.855556 0.176042 0.140741
6 0.849384 0.555610 0.226120 0.234457
1 0.819955 0.478610 0.146428 0.040741
7 0.846875 0.584259 0.091667 0.116667
7 0.834375 0.561111 0.020833 0.025926
0 0.376162 0.537745 0.218577 0.252337
1 0.355549 0.450312 0.148018 0.050181
4 0.376042 0.578704 0.181250 0.127778
2 0.398958 0.595370 0.118750 0.068519
7 0.447257 0.443355 0.051386 0.026519
0 0.365122 0.831767 0.210234 0.245872
1 0.388729 0.745284 0.122378 0.046606
8 0.362500 0.867593 0.093750 0.120370
7 0.381250 0.888889 0.022917 0.029630
6 0.620656 0.555040 0.213281 0.241966
1 0.620656 0.472901 0.134440 0.040741
6 0.621354 0.587037 0.186458 0.118519
6 0.364100 0.266494 0.218065 0.232360
1 0.364100 0.186038 0.112500 0.040918
2 0.365104 0.301852 0.194792 0.118519
0 0.127409 0.532594 0.225051 0.236238
1 0.108771 0.448375 0.112500 0.040741
5 0.127083 0.568519 0.093750 0.118519
3 0.122396 0.564815 0.044792 0.051852
7 0.195709 0.451477 0.063449 0.036967
