1 0.244120 0.074400 0.438241 0.082132
0 0.609179 0.833088 0.223371 0.239606
1 0.609179 0.748924 0.162010 0.040741
7 0.610417 0.858333 0.091667 0.116667
5 0.585938 0.888889 0.030208 0.029630
6 0.622457 0.258510 0.225859 0.236848
1 0.576194 0.178898 0.112500 0.042045
4 0.619271 0.296296 0.196875 0.114815
6 0.625021 0.537807 0.224397 0.230954
1 0.600608 0.462212 0.154739 0.041169
2 0.624479 0.572222 0.201042 0.111111
0 0.122159 0.273760 0.209748 0.250609
1 0.122159 0.188514 0.112500 0.049802
2 0.123438 0.310185 0.180208 0.112963
7 0.118750 0.307407 0.020833 0.025926
6 0.852365 0.562905 0.209058 0.241642
1 0.879147 0.482050 0.134661 0.044907
2 0.856250 0.600000 0.179167 0.125926
0 0.376243 0.245146 0.224021 0.229327
1 0.376243 0.171964 0.112500 0.044758
6 0.378646 0.275000 0.192708 0.109259
6 0.354167 0.243519 0.027083 0.035185
6 0.856642 0.265552 0.215756 0.226046
1 0.856642 0.193235 0.130216 0.040741
2 0.856771 0.292593 0.192708 0.103704
2 0.805729 0.292593 0.076042 0.055556
7 0.920410 0.185653 0.063220 0.029209
6 0.374926 0.837397 0.208531 0.255216
1 0.360268 0.745155 0.112500 0.043964
2 0.374479 0.870370 0.176042 0.125926
2 0.332813 0.853704 0.071875 0.062963
0 0.375576 0.538577 0.211182 0.229347
1 0.399091 0.463619 0.143318 0.040741
2 0.374479 0.574074 0.188542 0.111111
7 0.444149 0.458277 0.049035 0.031709
0 0.123381 0.559429 0.219875 0.245817
1 0.123381 0.477488 0.126699 0.048554
6 0.121875 0.600926 0.193750 0.124074
6 0.853910 0.809806 0.224873 0.230451
1 0.888065 0.732845 0.135731 0.044793
8 0.856771 0.842593 0.076042 0.096296
6 0.122934 0.831298 0.212797 0.253590
1 0.122934 0.738664 0.157453 0.040983
5 0.125000 0.866667 0.104167 0.133333
