1 0.204869 0.067025 0.359737 0.067383
0 0.137994 0.248416 0.223217 0.230455
1 0.111396 0.167987 0.149189 0.043361
7 0.135417 0.286111 0.085417 0.109259
2 0.117708 0.299074 0.039583 0.050000
7 0.211251 0.169399 0.051702 0.035384
0 0.619629 0.806343 0.216429 0.228855
1 0.585839 0.731992 0.128016 0.040741
2 0.618750 0.841667 0.191667 0.109259
2 0.592708 0.856481 0.125000 0.038889
0 0.618365 0.545031 0.226340 0.246221
1 0.635762 0.465861 0.170712 0.048477
7 0.618229 0.577778 0.098958 0.125926
6 0.132160 0.554466 0.208708 0.232985
1 0.132160 0.477417 0.141876 0.040741
7 0.133333 0.593519 0.083333 0.105556
3 0.117708 0.611111 0.039583 0.055556
7 0.190750 0.474197 0.066528 0.035410
0 0.124132 0.818346 0.208781 0.248905
1 0.124132 0.728893 0.151727 0.041216
2 0.122396 0.850926 0.182292 0.138889
7 0.085417 0.813889 0.025000 0.031481
6 0.366563 0.257594 0.212860 0.231652
1 0.339544 0.176024 0.121064 0.040741
2 0.365625 0.286111 0.183333 0.120370
6 0.398958 0.275926 0.043750 0.055556
6 0.366409 0.544793 0.222726 0.245024
1 0.369795 0.458134 0.149704 0.040741
6 0.363542 0.568519 0.193750 0.133333
7 0.329688 0.612037 0.023958 0.031481
0 0.856854 0.822012 0.215847 0.227999
1 0.887743 0.748736 0.133235 0.040741
4 0.857292 0.854630 0.183333 0.124074
5 0.804167 0.827778 0.029167 0.037037
6 0.848024 0.272579 0.221967 0.248958
1 0.848024 0.186488 0.112500 0.049439
6 0.847396 0.303704 0.192708 0.125926
7 0.815625 0.325000 0.022917 0.027778
7 0.922607 0.179933 0.047800 0.026630
0 0.858750 0.564888 0.226475 0.245266
1 0.850293 0.481795 0.175649 0.040741
4 0.857292 0.597222 0.200000 0.135185
6 0.834375 0.623148 0.045833 0.057407
6 0.371338 0.842650 0.219921 0.241378
1 0.335391 0.760395 0.127194 0.042013
4 0.372917 0.877778 0.195833 0.118519
2 0.411979 0.863889 0.096875 0.050000
7 0.443688 0.760462 0.050221 0.039964
6 0.623911 0.253841 0.211586 0.243287
1 0.625909 0.172132 0.157316 0.040741
2 0.626042 0.282407 0.181250 0.124074
7 0.685642 0.162545 0.063123 0.023658
