1 0.500000 0.148861 0.640000 0.074420
0 0.622417 0.822610 0.208124 0.235263
1 0.622417 0.744638 0.136746 0.045127
2 0.625521 0.859259 0.180208 0.114815
2 0.588021 0.868519 0.082292 0.070370
0 0.360203 0.534365 0.210646 0.236286
1 0.337739 0.454448 0.144886 0.042863
2 0.361979 0.562963 0.182292 0.122222
7 0.422490 0.449859 0.061073 0.030237
6 0.369025 0.256932 0.220943 0.246734
1 0.362588 0.170502 0.128045 0.040741
4 0.366667 0.292593 0.193750 0.125926
0 0.623523 0.564447 0.221148 0.253544
1 0.648280 0.481961 0.150801 0.049940
6 0.623958 0.594444 0.193750 0.125926
6 0.605901 0.253325 0.219349 0.250191
1 0.605901 0.163392 0.155287 0.040741
2 0.604167 0.285185 0.189583 0.144444
7 0.680527 0.158631 0.045098 0.023766
6 0.130507 0.837985 0.224862 0.245648
1 0.130507 0.753823 0.140507 0.040741
2 0.130208 0.869444 0.193750 0.131481
0 0.135219 0.540403 0.226090 0.251431
1 0.135219 0.455337 0.121324 0.040741
2 0.136458 0.574074 0.200000 0.140741
6 0.369765 0.827798 0.213988 0.249055
1 0.388735 0.744627 0.155214 0.043622
5 0.370312 0.865741 0.094792 0.120370
6 0.849089 0.564369 0.209769 0.248727
1 0.849089 0.477926 0.156462 0.048185
2 0.847917 0.599074 0.175000 0.135185
0 0.134840 0.256444 0.214520 0.242230
1 0.115115 0.171012 0.130044 0.045253
3 0.137500 0.290741 0.185417 0.133333
2 0.085417 0.323148 0.072917 0.061111
0 0.855308 0.838582 0.213664 0.238088
1 0.872942 0.759426 0.135583 0.044582
2 0.856250 0.863889 0.181250 0.120370
0 0.859384 0.258009 0.218884 0.238027
1 0.833925 0.178851 0.147132 0.046181
5 0.856771 0.294444 0.084375 0.107407
