1 0.500000 0.075924 0.520000 0.092589
6 0.378949 0.835475 0.214696 0.240320
1 0.360065 0.754316 0.120716 0.040741
2 0.378646 0.872222 0.184375 0.118519
6 0.141820 0.826262 0.213555 0.239078
1 0.123218 0.743342 0.152838 0.046744
1 0.143750 0.859259 0.095833 0.122222
5 0.166667 0.834259 0.031250 0.031481
6 0.371391 0.534889 0.207989 0.229958
1 0.350333 0.454336 0.112500 0.040741
4 0.372396 0.560185 0.178125 0.120370
7 0.338021 0.521296 0.021875 0.027778
7 0.443265 0.450582 0.039240 0.024308
6 0.373770 0.243635 0.208654 0.231138
1 0.373770 0.167659 0.157355 0.040741
2 0.372917 0.278704 0.185417 0.105556
0 0.850889 0.258645 0.212457 0.237417
1 0.851742 0.177978 0.161510 0.042668
2 0.850000 0.284259 0.179167 0.124074
3 0.901563 0.303704 0.071875 0.066667
0 0.843413 0.816808 0.210515 0.233725
1 0.835279 0.733662 0.150169 0.040741
2 0.845313 0.841667 0.176042 0.124074
2 0.881250 0.855556 0.097917 0.077778
6 0.859829 0.533902 0.220449 0.233116
1 0.903387 0.452441 0.112500 0.040741
2 0.857812 0.564815 0.190625 0.111111
2 0.877604 0.572222 0.126042 0.055556
6 0.137151 0.260892 0.222281 0.241526
1 0.137151 0.177645 0.130707 0.040741
1 0.135937 0.291667 0.094792 0.120370
4 0.120833 0.261111 0.052083 0.040741
0 0.626512 0.248688 0.213605 0.228834
1 0.626512 0.171633 0.112500 0.040741
2 0.625000 0.272222 0.187500 0.114815
3 0.584896 0.289815 0.098958 0.068519
6 0.124854 0.567888 0.210364 0.251313
1 0.124854 0.482476 0.127200 0.040741
6 0.123958 0.597222 0.177083 0.135185
7 0.186118 0.473726 0.062837 0.025951
6 0.626384 0.554112 0.222785 0.233596
1 0.626384 0.477235 0.171032 0.040741
2 0.627083 0.587037 0.187500 0.125926
6 0.618399 0.827772 0.211652 0.238652
1 0.601286 0.743974 0.156594 0.040741
6 0.618229 0.858333 0.190625 0.112963
7 0.694352 0.744437 0.034746 0.034945
