1 0.211026 0.066453 0.372052 0.066239
0 0.866819 0.262738 0.223124 0.237274
1 0.866819 0.181486 0.112500 0.046261
2 0.866146 0.300000 0.196875 0.114815
0 0.604105 0.816554 0.209223 0.242768
1 0.604105 0.729321 0.147776 0.040741
1 0.604688 0.848148 0.107292 0.137037
2 0.591667 0.825926 0.064583 0.074074
7 0.674525 0.731205 0.043383 0.035033
6 0.866858 0.806871 0.213215 0.231998
1 0.833423 0.730307 0.125513 0.040741
6 0.868229 0.845370 0.182292 0.112963
7 0.939494 0.720740 0.042943 0.022699
0 0.602747 0.247067 0.215095 0.237022
1 0.632071 0.167486 0.135612 0.040741
2 0.601562 0.278704 0.180208 0.120370
0 0.135831 0.540701 0.214829 0.231980
1 0.135831 0.459711 0.129884 0.042869
5 0.134896 0.573148 0.080208 0.101852
0 0.363522 0.809521 0.212576 0.235661
1 0.351945 0.728387 0.144347 0.045848
6 0.364583 0.839815 0.185417 0.116667
6 0.363021 0.842593 0.040625 0.051852
0 0.141928 0.277801 0.224134 0.249102
1 0.141928 0.190218 0.112500 0.046891
2 0.142187 0.312963 0.194792 0.129630
7 0.141667 0.310185 0.025000 0.031481
0 0.859605 0.555187 0.214534 0.251778
1 0.859605 0.466605 0.142116 0.044305
2 0.860938 0.586111 0.188542 0.131481
7 0.929056 0.461651 0.050632 0.027669
6 0.384909 0.282945 0.220830 0.244226
1 0.384909 0.196548 0.169491 0.040741
7 0.383854 0.312037 0.109375 0.138889
6 0.369146 0.538951 0.214527 0.250328
1 0.336814 0.453244 0.112500 0.040741
2 0.366146 0.571296 0.184375 0.138889
2 0.393229 0.587037 0.119792 0.062963
7 0.442669 0.450815 0.042482 0.037020
0 0.622763 0.561931 0.209197 0.245950
1 0.654868 0.478308 0.124154 0.046951
4 0.625521 0.597222 0.180208 0.112963
6 0.136206 0.834016 0.220468 0.240397
1 0.100645 0.750219 0.114026 0.040741
7 0.138542 0.863889 0.091667 0.116667
