1 0.500000 0.120932 0.640000 0.069812
6 0.389113 0.843539 0.223474 0.245936
1 0.430144 0.759145 0.112500 0.040741
7 0.389062 0.880556 0.103125 0.131481
7 0.464069 0.753584 0.048562 0.028988
0 0.616062 0.842365 0.224814 0.248572
1 0.622549 0.757584 0.140257 0.041469
1 0.615625 0.873148 0.097917 0.124074
6 0.600000 0.862037 0.052083 0.064815
6 0.625947 0.554499 0.216164 0.237176
1 0.625947 0.475932 0.137746 0.040741
6 0.623437 0.587037 0.186458 0.122222
2 0.626563 0.585185 0.092708 0.051852
6 0.618385 0.261845 0.219734 0.242894
1 0.604122 0.183740 0.170375 0.048190
2 0.616146 0.298148 0.192708 0.111111
7 0.686869 0.175219 0.057766 0.032605
0 0.145445 0.262211 0.218930 0.253818
1 0.145445 0.170397 0.129351 0.042984
2 0.146875 0.293519 0.191667 0.153704
0 0.379039 0.526182 0.208024 0.233368
1 0.391503 0.451088 0.126781 0.044304
4 0.380208 0.556481 0.175000 0.116667
2 0.374479 0.560185 0.111458 0.057407
6 0.138485 0.824415 0.208493 0.247979
1 0.138485 0.741079 0.112500 0.040741
6 0.135417 0.853704 0.181250 0.129630
6 0.383180 0.265283 0.224387 0.242495
1 0.383180 0.183510 0.155802 0.046545
7 0.379688 0.300926 0.101042 0.127778
6 0.120197 0.563422 0.210840 0.245719
1 0.120197 0.480500 0.146677 0.047944
6 0.119792 0.592593 0.183333 0.122222
7 0.192777 0.472582 0.040682 0.027001
0 0.861522 0.564943 0.220005 0.247958
1 0.899242 0.480962 0.123732 0.040741
2 0.860417 0.598148 0.187500 0.137037
2 0.890625 0.588889 0.114583 0.070370
7 0.933439 0.479837 0.051171 0.040710
6 0.855114 0.828252 0.207911 0.241345
1 0.855114 0.748088 0.121151 0.040741
8 0.856771 0.865741 0.094792 0.120370
7 0.839063 0.845370 0.021875 0.027778
0 0.852393 0.268497 0.216443 0.227052
1 0.871580 0.192827 0.122402 0.045098
4 0.852604 0.309259 0.184375 0.107407
6 0.855208 0.299074 0.031250 0.038889
