1 0.500000 0.077004 0.520000 0.094748
0 0.375888 0.549603 0.222780 0.235089
1 0.375888 0.471261 0.120971 0.040741
8 0.377604 0.575926 0.092708 0.118519
0 0.626425 0.536592 0.224197 0.249508
1 0.626425 0.449476 0.122619 0.049173
2 0.629167 0.565741 0.195833 0.131481
0 0.144673 0.534771 0.224967 0.250336
1 0.144673 0.449234 0.114488 0.047452
2 0.145833 0.565741 0.197917 0.120370
6 0.120428 0.815777 0.211915 0.231833
1 0.094870 0.740311 0.139966 0.040741
2 0.121354 0.846296 0.184375 0.122222
2 0.157292 0.865741 0.091667 0.050000
7 0.184865 0.738610 0.058042 0.040463
6 0.373240 0.827096 0.218644 0.254306
1 0.373240 0.733566 0.112500 0.040741
7 0.374479 0.852778 0.103125 0.131481
0 0.619854 0.826932 0.215621 0.230202
1 0.650720 0.746829 0.133055 0.043571
6 0.619271 0.850000 0.180208 0.118519
6 0.131731 0.279573 0.220941 0.250171
1 0.147017 0.190480 0.166956 0.040741
2 0.128646 0.308333 0.190625 0.131481
7 0.195811 0.185085 0.067781 0.024156
6 0.866866 0.845269 0.217736 0.251958
1 0.866866 0.758356 0.165602 0.042413
4 0.866667 0.873148 0.185417 0.138889
6 0.854783 0.283245 0.222717 0.247908
1 0.854783 0.197170 0.162966 0.049241
8 0.853646 0.319444 0.080208 0.101852
0 0.865775 0.541165 0.216407 0.252706
1 0.907312 0.449626 0.112500 0.042996
2 0.868229 0.572222 0.188542 0.125926
7 0.941001 0.453544 0.040956 0.040427
0 0.608997 0.271171 0.216408 0.235236
1 0.618268 0.191127 0.145804 0.046375
2 0.607812 0.308333 0.188542 0.105556
8 0.654167 0.286111 0.020833 0.027778
0 0.362211 0.269462 0.213955 0.252771
1 0.362211 0.185442 0.122277 0.044187
6 0.361979 0.305556 0.182292 0.125926
7 0.431137 0.174065 0.051103 0.024940
