1 0.789445 0.065512 0.376918 0.064358
6 0.614981 0.836601 0.211329 0.252730
1 0.614981 0.745434 0.131916 0.041192
2 0.614583 0.862963 0.181250 0.148148
2 0.655208 0.887963 0.083333 0.079630
0 0.864741 0.541817 0.221420 0.242349
1 0.820697 0.457989 0.112500 0.040741
2 0.862500 0.569444 0.191667 0.135185
0 0.387122 0.824060 0.219961 0.249082
1 0.387122 0.737058 0.149421 0.040741
1 0.385417 0.851852 0.189583 0.014815
7 0.457980 0.733037 0.053245 0.030000
6 0.867070 0.840153 0.225382 0.249322
1 0.896460 0.749814 0.112500 0.042043
2 0.869271 0.868519 0.192708 0.137037
7 0.933011 0.748373 0.068500 0.028725
6 0.624216 0.558989 0.212800 0.244724
1 0.615229 0.474200 0.159426 0.040741
2 0.626042 0.595370 0.181250 0.127778
6 0.136895 0.541172 0.209868 0.226874
1 0.136895 0.465170 0.143303 0.040741
2 0.133333 0.568519 0.181250 0.114815
8 0.092708 0.607407 0.020833 0.025926
6 0.601526 0.249438 0.210969 0.231555
1 0.619688 0.171511 0.147105 0.043484
7 0.604167 0.275000 0.089583 0.112963
2 0.614583 0.259259 0.054167 0.051852
7 0.675777 0.165826 0.037467 0.027293
6 0.129062 0.254926 0.221191 0.249157
1 0.129062 0.168981 0.127530 0.049077
6 0.128646 0.290741 0.190625 0.137037
0 0.387697 0.256268 0.224061 0.228713
1 0.433060 0.175821 0.112500 0.040741
8 0.389062 0.285185 0.090625 0.114815
2 0.395313 0.296296 0.051042 0.048148
6 0.848292 0.250371 0.209421 0.238143
1 0.848292 0.165415 0.131704 0.040741
8 0.850521 0.276852 0.086458 0.109259
6 0.379470 0.541989 0.218247 0.235687
1 0.347009 0.461556 0.113760 0.044924
6 0.377083 0.568519 0.191667 0.118519
6 0.121698 0.818314 0.216458 0.244172
1 0.121698 0.734857 0.130258 0.048813
3 0.125000 0.856481 0.187500 0.116667
6 0.082812 0.826852 0.036458 0.046296
