1 0.726763 0.066276 0.360877 0.065886
0 0.631278 0.839107 0.222999 0.240239
1 0.675917 0.757724 0.112888 0.042401
2 0.629167 0.870370 0.191667 0.137037
7 0.594792 0.900926 0.025000 0.031481
0 0.865690 0.262492 0.214087 0.237557
1 0.866052 0.178250 0.134291 0.040741
5 0.864062 0.298148 0.084375 0.107407
6 0.372239 0.542169 0.218039 0.236373
1 0.372239 0.462239 0.154017 0.042613
6 0.371354 0.572222 0.192708 0.122222
2 0.373958 0.569444 0.127083 0.068519
0 0.609232 0.541518 0.217860 0.249365
1 0.639002 0.453221 0.137487 0.044635
5 0.609375 0.571296 0.125000 0.124074
7 0.631771 0.530556 0.021875 0.027778
7 0.678308 0.450662 0.054708 0.030617
0 0.614969 0.286616 0.220948 0.252407
1 0.614969 0.196555 0.138356 0.044094
1 0.614583 0.321296 0.112500 0.142593
1 0.632292 0.360185 0.025000 0.031481
0 0.869587 0.814775 0.225670 0.225977
1 0.869587 0.735483 0.112640 0.040741
5 0.869271 0.846296 0.090625 0.114815
0 0.370005 0.838693 0.214386 0.246350
1 0.329479 0.756851 0.112500 0.042475
8 0.371354 0.867593 0.101042 0.127778
6 0.136435 0.281337 0.211796 0.253297
1 0.101066 0.193558 0.112500 0.042823
2 0.133333 0.320370 0.183333 0.133333
6 0.157812 0.302778 0.051042 0.064815
7 0.196148 0.184888 0.067370 0.023361
6 0.121441 0.826306 0.214804 0.246029
1 0.121441 0.741475 0.114329 0.048730
5 0.124479 0.863889 0.086458 0.109259
6 0.130729 0.856481 0.051042 0.064815
6 0.366051 0.259687 0.223418 0.251226
1 0.366051 0.172692 0.145188 0.040741
7 0.365625 0.290741 0.102083 0.129630
6 0.340625 0.275000 0.039583 0.050000
7 0.446775 0.172773 0.036971 0.040362
0 0.142798 0.562829 0.225475 0.241933
1 0.102413 0.481050 0.123870 0.047622
2 0.142187 0.594444 0.203125 0.125926
7 0.209445 0.472639 0.067182 0.024515
0 0.865081 0.539164 0.223920 0.244069
1 0.868906 0.460936 0.114538 0.048601
2 0.866667 0.569444 0.197917 0.120370
6 0.867708 0.573148 0.039583 0.050000
