1 0.727882 0.076896 0.327957 0.087124
6 0.629214 0.812957 0.224563 0.243371
1 0.632112 0.725883 0.168475 0.042851
2 0.627604 0.843519 0.190625 0.120370
6 0.139375 0.270519 0.211721 0.237613
1 0.139375 0.186690 0.118119 0.040741
7 0.139063 0.296296 0.086458 0.111111
6 0.608258 0.279119 0.215475 0.240555
1 0.633460 0.197871 0.144237 0.042498
2 0.610417 0.312963 0.185417 0.118519
6 0.368362 0.560634 0.213525 0.238448
1 0.376705 0.481350 0.131248 0.040741
5 0.367188 0.587963 0.121875 0.120370
6 0.629625 0.527346 0.221128 0.231949
1 0.612252 0.446939 0.165551 0.040741
5 0.630208 0.558333 0.085417 0.109259
6 0.375652 0.816640 0.212050 0.226128
1 0.361494 0.740417 0.118944 0.041038
2 0.378125 0.849074 0.181250 0.109259
2 0.351042 0.826852 0.104167 0.050000
6 0.867446 0.827779 0.226293 0.246893
1 0.867446 0.746094 0.114199 0.048747
7 0.869271 0.862037 0.101042 0.127778
0 0.386247 0.243026 0.215246 0.226828
1 0.346023 0.168152 0.113964 0.040741
2 0.384896 0.281481 0.182292 0.111111
2 0.352083 0.285185 0.091667 0.066667
6 0.129218 0.826924 0.213912 0.242689
1 0.135233 0.742073 0.121435 0.044030
4 0.126042 0.864815 0.185417 0.122222
4 0.101042 0.862963 0.122917 0.074074
6 0.122691 0.550337 0.218953 0.250876
1 0.085204 0.462058 0.123147 0.040741
2 0.123438 0.582407 0.188542 0.150000
2 0.119792 0.585185 0.097917 0.081481
7 0.190051 0.457235 0.059233 0.027635
0 0.843841 0.545449 0.209826 0.233913
1 0.835414 0.464085 0.112500 0.040741
6 0.844271 0.575000 0.176042 0.116667
2 0.848437 0.571296 0.073958 0.064815
7 0.915339 0.465861 0.041830 0.037700
6 0.865504 0.250360 0.220619 0.234530
1 0.847294 0.171317 0.112500 0.040741
5 0.862500 0.286111 0.085417 0.109259
