1 0.500000 0.073082 0.380000 0.067432
6 0.129643 0.541350 0.218177 0.248611
1 0.136599 0.459020 0.117180 0.045768
2 0.127083 0.572222 0.189583 0.137037
0 0.613302 0.839013 0.224340 0.236538
1 0.613302 0.757771 0.174768 0.040741
4 0.616146 0.865741 0.194792 0.120370
0 0.372704 0.543216 0.211772 0.238862
1 0.336597 0.463843 0.114304 0.045681
1 0.373437 0.572222 0.086458 0.111111
6 0.850997 0.817476 0.220563 0.238697
1 0.882144 0.736635 0.137436 0.040741
4 0.852604 0.852778 0.192708 0.116667
0 0.148823 0.263742 0.222959 0.252958
1 0.148823 0.174344 0.112500 0.040741
2 0.147396 0.295370 0.190625 0.135185
6 0.383887 0.257731 0.222277 0.246590
1 0.339416 0.176487 0.112500 0.043698
7 0.384896 0.290741 0.092708 0.118519
6 0.118854 0.838688 0.211653 0.244095
1 0.118854 0.753298 0.152009 0.040741
6 0.117708 0.868519 0.185417 0.144444
0 0.846009 0.250068 0.217124 0.244462
1 0.846009 0.165148 0.119910 0.044976
5 0.844792 0.276852 0.125000 0.124074
2 0.855729 0.287963 0.084375 0.072222
0 0.854849 0.546324 0.214131 0.253713
1 0.855554 0.458324 0.136968 0.041738
2 0.855208 0.585185 0.183333 0.133333
0 0.609596 0.256218 0.226455 0.253879
1 0.625867 0.166395 0.173079 0.040741
8 0.608854 0.286111 0.115625 0.146296
7 0.689525 0.165692 0.041596 0.035790
6 0.625708 0.556641 0.221389 0.234453
1 0.641327 0.479640 0.169320 0.040741
8 0.628125 0.586111 0.085417 0.109259
0 0.363036 0.842470 0.212855 0.237576
1 0.360551 0.763948 0.157688 0.042888
2 0.364583 0.871296 0.185417 0.124074
