1 0.500000 0.074330 0.380000 0.064701
6 0.862627 0.813456 0.224534 0.242604
1 0.817098 0.731488 0.112642 0.048296
3 0.862500 0.848148 0.197917 0.122222
0 0.138519 0.555151 0.217871 0.236758
1 0.154645 0.476904 0.115621 0.040741
7 0.134896 0.594444 0.092708 0.118519
7 0.203785 0.466711 0.062339 0.022840
6 0.371532 0.829519 0.217843 0.249683
1 0.371532 0.742378 0.125791 0.040741
2 0.371875 0.862963 0.189583 0.118519
6 0.605811 0.565386 0.219002 0.248670
1 0.605811 0.483502 0.127730 0.047467
8 0.605729 0.596296 0.086458 0.111111
2 0.610938 0.595370 0.036458 0.061111
6 0.140031 0.829788 0.225541 0.244023
1 0.140031 0.746604 0.167985 0.044879
2 0.140104 0.857407 0.196875 0.125926
7 0.206989 0.744216 0.066626 0.035843
6 0.608678 0.260457 0.210867 0.242838
1 0.632212 0.178678 0.112500 0.040741
2 0.611458 0.289815 0.181250 0.120370
6 0.847033 0.252727 0.217827 0.248327
1 0.807274 0.165528 0.117476 0.045501
7 0.846875 0.279630 0.093750 0.118519
6 0.367739 0.276660 0.217939 0.240976
1 0.367739 0.190032 0.112500 0.040741
2 0.369792 0.300926 0.187500 0.127778
7 0.440601 0.192477 0.047216 0.035572
0 0.378553 0.558723 0.217447 0.232380
1 0.402899 0.478414 0.147923 0.040741
7 0.377604 0.592593 0.096875 0.122222
6 0.130708 0.253602 0.224609 0.231488
1 0.130708 0.174504 0.116513 0.040741
8 0.132812 0.291667 0.080208 0.101852
7 0.195354 0.173161 0.070318 0.033569
6 0.854242 0.541262 0.208791 0.254870
1 0.854242 0.451745 0.152400 0.040741
2 0.853125 0.574074 0.177083 0.140741
2 0.815104 0.548148 0.082292 0.077778
6 0.615247 0.833440 0.214312 0.228354
1 0.610317 0.753901 0.112500 0.040741
2 0.616146 0.855556 0.190625 0.118519
7 0.687627 0.754146 0.044550 0.032729
