1 0.728725 0.074443 0.287724 0.082219
6 0.628476 0.280207 0.218076 0.252690
1 0.597087 0.198107 0.121890 0.049725
7 0.627083 0.321296 0.097917 0.124074
0 0.854591 0.556666 0.208051 0.243109
1 0.854591 0.469806 0.131273 0.041814
8 0.853646 0.588889 0.086458 0.111111
2 0.859896 0.586111 0.051042 0.068519
6 0.379975 0.823293 0.213903 0.239847
1 0.379975 0.744957 0.162315 0.047876
4 0.379688 0.855556 0.190625 0.118519
1 0.381250 0.865741 0.108333 0.009259
7 0.448134 0.737074 0.052584 0.030372
6 0.858036 0.283117 0.218894 0.245620
1 0.858036 0.194103 0.112500 0.040741
2 0.856250 0.304630 0.193750 0.135185
2 0.822396 0.303704 0.113542 0.085185
6 0.373641 0.277308 0.219929 0.234520
1 0.373641 0.198706 0.134633 0.040741
7 0.372396 0.313889 0.078125 0.098148
6 0.365104 0.330556 0.028125 0.035185
0 0.613029 0.556659 0.224815 0.242232
1 0.648432 0.471137 0.130951 0.044224
2 0.611979 0.590741 0.190625 0.114815
7 0.688126 0.465327 0.049621 0.022531
6 0.142430 0.550876 0.221799 0.236923
1 0.142430 0.465975 0.115386 0.040741
6 0.143750 0.578704 0.189583 0.131481
6 0.142019 0.826146 0.220284 0.250387
1 0.150308 0.738045 0.152620 0.047895
2 0.139063 0.860185 0.190625 0.135185
2 0.145313 0.850000 0.128125 0.062963
0 0.381594 0.545643 0.223562 0.253702
1 0.380123 0.454989 0.126530 0.040741
2 0.383854 0.575000 0.194792 0.138889
6 0.142875 0.276632 0.220205 0.247119
1 0.112567 0.193013 0.138756 0.040741
2 0.145833 0.310185 0.189583 0.131481
7 0.213165 0.185549 0.054623 0.027917
6 0.873560 0.820773 0.225643 0.235626
1 0.873560 0.739527 0.167107 0.040741
7 0.872396 0.851852 0.090625 0.114815
6 0.612067 0.817637 0.215120 0.250074
1 0.599371 0.729302 0.128054 0.041303
5 0.611458 0.852778 0.104167 0.131481
