1 0.207944 0.065953 0.365888 0.065240
6 0.605956 0.263467 0.213299 0.231342
1 0.616986 0.185468 0.163258 0.040741
2 0.606250 0.291667 0.189583 0.109259
7 0.681165 0.183739 0.037881 0.034849
6 0.847471 0.815943 0.209903 0.240665
1 0.809186 0.731760 0.112500 0.042906
4 0.848437 0.846296 0.180208 0.133333
6 0.825000 0.829630 0.052083 0.066667
6 0.842363 0.542367 0.208985 0.231310
1 0.842363 0.466434 0.112500 0.040741
2 0.842187 0.575000 0.178125 0.127778
0 0.377148 0.828018 0.221863 0.228902
1 0.400825 0.753895 0.153676 0.043653
2 0.373958 0.862037 0.193750 0.116667
4 0.340104 0.868519 0.103125 0.051852
0 0.859907 0.265465 0.210015 0.229110
1 0.859907 0.187407 0.161761 0.040741
3 0.860417 0.295370 0.187500 0.120370
0 0.376897 0.263263 0.219719 0.250659
1 0.420090 0.178768 0.112500 0.047015
6 0.378646 0.297222 0.190625 0.120370
2 0.346354 0.284259 0.107292 0.042593
6 0.124228 0.817252 0.219687 0.232057
1 0.114803 0.738248 0.167783 0.040741
6 0.126042 0.841667 0.191667 0.116667
7 0.170833 0.876852 0.020833 0.027778
6 0.119915 0.539606 0.209658 0.236887
1 0.115699 0.457504 0.149106 0.040741
2 0.123438 0.572222 0.180208 0.114815
0 0.132430 0.285490 0.218417 0.251559
1 0.132430 0.200263 0.145008 0.040741
2 0.131771 0.322222 0.190625 0.129630
2 0.088021 0.338889 0.084375 0.066667
0 0.364284 0.533637 0.213246 0.239690
1 0.364284 0.448196 0.157616 0.040741
2 0.361458 0.563889 0.185417 0.116667
2 0.332813 0.581481 0.107292 0.074074
0 0.604780 0.557118 0.213376 0.252244
1 0.627712 0.468117 0.146678 0.045591
5 0.603125 0.589815 0.091667 0.116667
2 0.599479 0.576852 0.061458 0.061111
0 0.607700 0.838963 0.216165 0.249450
1 0.649116 0.753648 0.112500 0.049537
7 0.605208 0.875000 0.097917 0.124074
6 0.620833 0.861111 0.012500 0.048148
