1 0.686031 0.065170 0.292111 0.063674
6 0.626393 0.278604 0.215129 0.250485
1 0.626393 0.192564 0.122274 0.040741
2 0.625000 0.311111 0.183333 0.144444
6 0.127096 0.281266 0.218242 0.253657
1 0.127096 0.193019 0.147175 0.046543
2 0.127083 0.317593 0.191667 0.138889
7 0.200038 0.190927 0.047360 0.035940
6 0.866468 0.819287 0.215973 0.245418
1 0.857801 0.733973 0.150609 0.040741
6 0.868750 0.849074 0.185417 0.124074
8 0.833333 0.824074 0.022917 0.029630
0 0.611960 0.529253 0.221599 0.234530
1 0.579198 0.447086 0.115974 0.040741
6 0.614583 0.558333 0.193750 0.131481
6 0.861701 0.264618 0.222544 0.244268
1 0.861701 0.179796 0.120834 0.046355
6 0.860417 0.297222 0.193750 0.116667
2 0.828646 0.292593 0.109375 0.074074
0 0.382784 0.270705 0.215684 0.245065
1 0.368202 0.186925 0.159164 0.040741
2 0.382292 0.306481 0.189583 0.135185
6 0.611103 0.834728 0.215368 0.240158
1 0.611103 0.754653 0.165084 0.041353
2 0.610417 0.875000 0.183333 0.120370
7 0.682258 0.745896 0.048058 0.025457
6 0.148593 0.812555 0.222574 0.231170
1 0.148593 0.734482 0.132565 0.040741
7 0.148438 0.840741 0.082292 0.103704
6 0.120391 0.528001 0.212738 0.235873
1 0.120391 0.452732 0.157089 0.046080
7 0.117188 0.559259 0.088542 0.111111
4 0.132292 0.571296 0.041667 0.064815
6 0.382123 0.536253 0.212789 0.227664
1 0.382123 0.455852 0.114618 0.040741
8 0.381250 0.560185 0.083333 0.105556
2 0.379688 0.550000 0.055208 0.048148
0 0.363394 0.830886 0.215968 0.236128
1 0.363394 0.750006 0.112500 0.040741
6 0.363021 0.859259 0.188542 0.125926
6 0.402083 0.887037 0.041667 0.051852
0 0.848450 0.534717 0.210595 0.231804
1 0.860351 0.454949 0.155235 0.040741
2 0.847917 0.562963 0.179167 0.122222
7 0.914785 0.448929 0.052925 0.023191
