1 0.500000 0.080667 0.380000 0.073946
6 0.619237 0.263450 0.226192 0.239075
1 0.632395 0.187447 0.129972 0.046364
3 0.617708 0.296296 0.202083 0.118519
0 0.862459 0.269514 0.208271 0.244994
1 0.827344 0.181844 0.117207 0.040741
4 0.858854 0.300000 0.178125 0.122222
7 0.925145 0.182638 0.057899 0.034204
0 0.615216 0.832097 0.220495 0.247469
1 0.631060 0.749540 0.167973 0.045456
2 0.614062 0.862037 0.194792 0.131481
2 0.654167 0.890741 0.097917 0.059259
7 0.692634 0.745836 0.040659 0.037910
0 0.127089 0.526939 0.212453 0.234078
1 0.127089 0.449613 0.112500 0.040741
3 0.126042 0.562037 0.187500 0.116667
7 0.196180 0.448582 0.049272 0.040327
0 0.120326 0.837459 0.213617 0.253003
1 0.134085 0.750654 0.165266 0.042402
2 0.122396 0.866667 0.184375 0.140741
2 0.172396 0.839815 0.078125 0.064815
0 0.371325 0.275245 0.208771 0.245757
1 0.371325 0.187163 0.123326 0.040741
4 0.369792 0.305556 0.183333 0.144444
0 0.842769 0.828482 0.210214 0.233167
1 0.878315 0.746446 0.115607 0.041101
6 0.843229 0.856481 0.178125 0.124074
2 0.806250 0.834259 0.075000 0.061111
6 0.855472 0.528843 0.218724 0.236863
1 0.855472 0.452776 0.141997 0.045170
2 0.855208 0.567593 0.195833 0.112963
7 0.929192 0.446689 0.046284 0.035519
0 0.617748 0.562738 0.217809 0.240916
1 0.638078 0.476702 0.116576 0.040741
6 0.615104 0.593519 0.186458 0.124074
2 0.663542 0.580556 0.077083 0.050000
7 0.689632 0.480535 0.049040 0.039473
0 0.374062 0.538756 0.221221 0.226529
1 0.374062 0.458993 0.132364 0.040741
5 0.375521 0.575000 0.088542 0.112963
2 0.380208 0.561111 0.056250 0.066667
0 0.368091 0.832934 0.210492 0.240895
1 0.368091 0.750648 0.131248 0.044956
7 0.368750 0.870370 0.087500 0.111111
3 0.390104 0.887963 0.040625 0.061111
6 0.128761 0.265233 0.215666 0.228042
1 0.169927 0.185203 0.112500 0.040741
2 0.129167 0.294444 0.185417 0.114815
2 0.128646 0.302778 0.098958 0.053704
