1 0.692054 0.067157 0.305323 0.067648
0 0.611012 0.558630 0.218599 0.239387
1 0.622301 0.476995 0.135236 0.047667
8 0.611979 0.597222 0.086458 0.109259
3 0.616667 0.608333 0.052083 0.064815
0 0.375125 0.268078 0.209504 0.243809
1 0.375125 0.184588 0.154156 0.040741
5 0.375521 0.299074 0.096875 0.124074
6 0.141973 0.251754 0.212631 0.231017
1 0.141973 0.171208 0.112500 0.040741
1 0.142187 0.283333 0.078125 0.100000
0 0.859400 0.556501 0.225867 0.237018
1 0.843871 0.477554 0.173976 0.040741
2 0.858854 0.587037 0.196875 0.118519
0 0.149332 0.550274 0.224669 0.243328
1 0.138057 0.464862 0.153103 0.040741
2 0.147917 0.583333 0.195833 0.122222
0 0.616431 0.809121 0.212386 0.232351
1 0.616431 0.732711 0.156356 0.040741
2 0.613021 0.842593 0.184375 0.111111
0 0.141042 0.809897 0.210575 0.234330
1 0.141042 0.727793 0.155536 0.042449
5 0.142187 0.834259 0.092708 0.116667
7 0.206695 0.729659 0.054267 0.036818
6 0.858839 0.847743 0.223702 0.255335
1 0.864394 0.757251 0.112500 0.043740
2 0.861979 0.879630 0.194792 0.140741
7 0.926985 0.757630 0.062411 0.038072
6 0.859281 0.280123 0.219472 0.254089
1 0.863593 0.193333 0.166114 0.040741
3 0.857812 0.315741 0.194792 0.142593
3 0.818229 0.277778 0.096875 0.055556
7 0.933829 0.183719 0.045375 0.024243
0 0.608707 0.254308 0.215632 0.242779
1 0.608707 0.168537 0.112500 0.040741
6 0.610417 0.280556 0.183333 0.124074
0 0.372497 0.822894 0.212792 0.228512
1 0.344013 0.746923 0.134992 0.040741
7 0.375000 0.852778 0.085417 0.109259
6 0.352604 0.842593 0.034375 0.044444
6 0.382827 0.529659 0.216674 0.227685
1 0.382827 0.449163 0.142033 0.040741
2 0.383333 0.554630 0.187500 0.124074
5 0.339062 0.526852 0.030208 0.038889
7 0.451110 0.447153 0.055109 0.025635
