1 0.500000 0.071103 0.380000 0.078898
6 0.371266 0.842345 0.221119 0.248881
1 0.371266 0.753927 0.151897 0.043010
6 0.368750 0.870370 0.193750 0.125926
2 0.397396 0.899074 0.107292 0.050000
7 0.448297 0.756513 0.042059 0.040180
6 0.865213 0.536292 0.225197 0.251521
1 0.866008 0.448537 0.133453 0.049659
6 0.865104 0.565741 0.201042 0.131481
6 0.904687 0.577778 0.053125 0.066667
6 0.615333 0.255240 0.225770 0.253976
1 0.620834 0.167267 0.148039 0.040741
8 0.613542 0.289815 0.106250 0.135185
6 0.864166 0.827609 0.223457 0.255515
1 0.819105 0.736925 0.112500 0.040741
2 0.865625 0.856481 0.189583 0.146296
2 0.903125 0.869444 0.106250 0.072222
0 0.123132 0.547809 0.215537 0.233788
1 0.139236 0.469934 0.162495 0.040741
2 0.122396 0.580556 0.190625 0.109259
5 0.070312 0.610185 0.028125 0.027778
6 0.127534 0.247214 0.209581 0.230185
1 0.127534 0.169759 0.162174 0.041093
2 0.126562 0.284259 0.178125 0.116667
2 0.154688 0.291667 0.105208 0.068519
6 0.386650 0.535580 0.218929 0.245941
1 0.356002 0.448672 0.136798 0.040741
2 0.385417 0.564815 0.193750 0.133333
7 0.450394 0.447190 0.066442 0.032125
6 0.613527 0.535567 0.220642 0.250517
1 0.624805 0.448101 0.156352 0.047651
6 0.611979 0.570370 0.186458 0.137037
2 0.609375 0.579630 0.125000 0.085185
6 0.613286 0.829275 0.222298 0.241583
1 0.613286 0.743581 0.124071 0.041533
1 0.610417 0.863889 0.100000 0.127778
5 0.588021 0.896296 0.034375 0.044444
0 0.138201 0.825633 0.210393 0.242545
1 0.167460 0.743910 0.116997 0.040741
6 0.140625 0.860185 0.183333 0.112963
3 0.113542 0.877778 0.125000 0.066667
0 0.861649 0.280240 0.221341 0.245441
1 0.843559 0.192660 0.164327 0.040741
6 0.862500 0.306481 0.191667 0.131481
0 0.379544 0.265515 0.226392 0.244547
1 0.379544 0.176978 0.129840 0.041479
2 0.378125 0.294444 0.202083 0.122222
8 0.420833 0.258333 0.025000 0.031481
