1 0.500000 0.074027 0.520000 0.088794
0 0.621211 0.254614 0.218969 0.232014
1 0.621211 0.174871 0.145629 0.041005
7 0.620313 0.287963 0.088542 0.112963
4 0.608333 0.300926 0.047917 0.050000
6 0.124737 0.543391 0.224322 0.234724
1 0.124737 0.465395 0.124160 0.040741
5 0.122396 0.575000 0.061458 0.124074
6 0.621518 0.805587 0.215104 0.227791
1 0.618689 0.725051 0.162701 0.040741
2 0.621875 0.831481 0.185417 0.122222
0 0.611325 0.551379 0.216176 0.249206
1 0.591361 0.463831 0.121138 0.040741
4 0.609896 0.590741 0.190625 0.133333
6 0.567187 0.600926 0.051042 0.064815
7 0.676719 0.456705 0.060387 0.022821
0 0.367449 0.536571 0.210698 0.248111
1 0.346325 0.450973 0.147617 0.040741
7 0.366667 0.571296 0.108333 0.138889
2 0.341146 0.591667 0.046875 0.053704
6 0.131440 0.278567 0.218823 0.246853
1 0.122873 0.195847 0.147567 0.048429
2 0.131250 0.309259 0.191667 0.122222
2 0.130729 0.315741 0.119792 0.072222
6 0.850854 0.279612 0.221766 0.253300
1 0.850854 0.197370 0.151330 0.048937
1 0.850521 0.319444 0.103125 0.131481
5 0.827083 0.345370 0.027083 0.035185
6 0.867808 0.838509 0.213824 0.241313
1 0.867808 0.761172 0.112500 0.047360
1 0.870313 0.878704 0.163542 0.012963
6 0.857271 0.554028 0.220019 0.233069
1 0.857271 0.473186 0.135893 0.040741
5 0.856771 0.586111 0.080208 0.101852
6 0.381670 0.840211 0.213597 0.245191
1 0.381670 0.755191 0.112500 0.040741
7 0.380729 0.870370 0.090625 0.114815
6 0.377012 0.251586 0.214502 0.239686
1 0.346369 0.165882 0.129662 0.040741
2 0.379167 0.286111 0.187500 0.120370
2 0.339062 0.299074 0.101042 0.053704
6 0.141294 0.823983 0.221429 0.234572
1 0.159232 0.745883 0.164718 0.045077
2 0.143750 0.856481 0.191667 0.116667
