1 0.716747 0.068298 0.305423 0.069930
0 0.846746 0.544171 0.208001 0.250149
1 0.846746 0.458711 0.152833 0.040741
6 0.845833 0.574074 0.181250 0.129630
2 0.818229 0.555556 0.111458 0.051852
0 0.617316 0.830217 0.221560 0.232463
1 0.617316 0.751260 0.119516 0.040741
7 0.618229 0.860185 0.086458 0.109259
7 0.697867 0.744504 0.035457 0.023999
0 0.627962 0.256975 0.219751 0.251679
1 0.627962 0.166674 0.115953 0.044041
2 0.627604 0.293519 0.186458 0.131481
0 0.619867 0.528266 0.215167 0.235777
1 0.587503 0.447174 0.126104 0.041263
4 0.621354 0.560185 0.184375 0.109259
7 0.696466 0.444350 0.036969 0.030907
6 0.122168 0.836786 0.215807 0.247206
1 0.122168 0.750866 0.140087 0.040741
3 0.121354 0.870370 0.192708 0.137037
4 0.122396 0.865741 0.084375 0.053704
6 0.371609 0.836549 0.221737 0.249420
1 0.415811 0.745899 0.112500 0.040741
6 0.369792 0.868519 0.191667 0.144444
6 0.140508 0.247026 0.210920 0.233969
1 0.140508 0.165442 0.117671 0.044146
2 0.143229 0.277778 0.180208 0.125926
6 0.376121 0.537509 0.223976 0.251940
1 0.330799 0.450313 0.112500 0.040744
5 0.376563 0.569444 0.059375 0.120370
2 0.381771 0.562963 0.030208 0.059259
6 0.853485 0.819865 0.212050 0.241887
1 0.853485 0.735161 0.118115 0.041672
1 0.855208 0.850926 0.168750 0.012963
7 0.860938 0.871296 0.019792 0.024074
6 0.376833 0.270750 0.220944 0.238586
1 0.338181 0.194524 0.122806 0.045672
6 0.377083 0.302778 0.195833 0.112963
2 0.372396 0.300000 0.119792 0.051852
0 0.857099 0.259130 0.211095 0.232084
1 0.857099 0.182573 0.118232 0.040741
5 0.854167 0.287963 0.085417 0.109259
0 0.123494 0.537946 0.219172 0.247619
1 0.139666 0.451854 0.165995 0.040741
2 0.127083 0.569444 0.191667 0.127778
3 0.096354 0.581481 0.101042 0.074074
7 0.197363 0.449354 0.046434 0.033400
