1 0.500000 0.076406 0.380000 0.084327
0 0.390344 0.273716 0.224554 0.231988
1 0.390344 0.195074 0.138828 0.040741
5 0.389583 0.308333 0.083333 0.105556
0 0.858324 0.843731 0.207903 0.246743
1 0.895609 0.761032 0.112500 0.040741
2 0.858333 0.875926 0.177083 0.140741
4 0.894271 0.871296 0.094792 0.090741
0 0.612897 0.537691 0.212753 0.246119
1 0.612897 0.453869 0.112500 0.044768
5 0.614583 0.573148 0.089583 0.112963
0 0.124025 0.844803 0.214295 0.245719
1 0.083544 0.761571 0.112500 0.040741
2 0.126562 0.874074 0.182292 0.125926
6 0.620720 0.274136 0.222972 0.251228
1 0.620720 0.183026 0.136228 0.040741
4 0.619271 0.309259 0.192708 0.140741
7 0.686891 0.181592 0.065629 0.029103
0 0.854359 0.546050 0.222546 0.234829
1 0.883729 0.466370 0.142974 0.040741
3 0.855729 0.577778 0.194792 0.111111
6 0.855729 0.583333 0.048958 0.062963
6 0.128334 0.280465 0.210900 0.251768
1 0.099029 0.191060 0.119264 0.041515
7 0.129167 0.310185 0.093750 0.120370
7 0.199031 0.185687 0.044508 0.025175
6 0.383558 0.534435 0.222060 0.226104
1 0.383558 0.457129 0.132500 0.040741
7 0.381771 0.564815 0.092708 0.118519
6 0.374945 0.809660 0.216792 0.235678
1 0.351791 0.729289 0.136541 0.040741
7 0.373958 0.846296 0.085417 0.107407
6 0.854485 0.271795 0.212542 0.233921
1 0.833019 0.192339 0.148776 0.045582
6 0.853125 0.308333 0.183333 0.120370
6 0.880208 0.328704 0.039583 0.050000
0 0.615705 0.821342 0.216104 0.254818
1 0.586319 0.727867 0.136500 0.040741
2 0.618229 0.855556 0.188542 0.144444
3 0.590104 0.824074 0.105208 0.074074
7 0.677573 0.726253 0.067368 0.027604
0 0.149171 0.545480 0.224862 0.251562
1 0.149171 0.454145 0.112500 0.041722
2 0.146354 0.577778 0.196875 0.140741
7 0.224848 0.455655 0.048509 0.034875
