1 0.695058 0.071745 0.306526 0.076823
0 0.606701 0.820676 0.216497 0.231962
1 0.643053 0.740242 0.122960 0.040741
2 0.607812 0.849074 0.192708 0.112963
6 0.377323 0.843473 0.214633 0.246295
1 0.359766 0.758716 0.158685 0.040741
2 0.374479 0.877778 0.184375 0.140741
6 0.868819 0.251013 0.218653 0.233119
1 0.883295 0.175952 0.115953 0.044648
2 0.872917 0.284259 0.189583 0.116667
2 0.917188 0.299074 0.080208 0.053704
6 0.620443 0.536643 0.224515 0.226558
1 0.652730 0.462588 0.139109 0.042399
5 0.622396 0.572222 0.084375 0.107407
7 0.696270 0.458462 0.047861 0.033159
6 0.862931 0.543074 0.215637 0.228956
1 0.874259 0.467072 0.167769 0.040741
2 0.861458 0.576852 0.183333 0.120370
6 0.376859 0.539045 0.222687 0.252539
1 0.376859 0.456451 0.119616 0.049741
2 0.373958 0.576852 0.193750 0.131481
0 0.859116 0.830476 0.217250 0.232960
1 0.859116 0.754175 0.164715 0.044313
5 0.858854 0.864815 0.078125 0.100000
2 0.860938 0.864815 0.051042 0.055556
6 0.626096 0.278384 0.213356 0.237152
1 0.626096 0.197736 0.145557 0.040741
2 0.628646 0.312963 0.184375 0.111111
2 0.628646 0.323148 0.119792 0.046296
7 0.687971 0.196247 0.064606 0.035840
6 0.370622 0.254825 0.213857 0.244840
1 0.370622 0.168733 0.115984 0.040741
1 0.371875 0.287963 0.106250 0.135185
7 0.355729 0.260185 0.023958 0.031481
0 0.144950 0.265875 0.223490 0.228181
1 0.131292 0.189744 0.112500 0.040741
3 0.147396 0.302778 0.194792 0.112963
0 0.129825 0.543610 0.213438 0.234289
1 0.106736 0.461940 0.146427 0.043699
2 0.129167 0.571296 0.183333 0.112963
2 0.123438 0.571296 0.090625 0.038889
7 0.197241 0.457220 0.053607 0.024470
0 0.148645 0.825736 0.223399 0.250354
1 0.113194 0.734061 0.131664 0.040741
6 0.146354 0.852778 0.190625 0.146296
5 0.193229 0.828704 0.036458 0.046296
