1 0.500000 0.143470 0.640000 0.075679
6 0.365306 0.540640 0.220417 0.254711
1 0.343923 0.451050 0.155058 0.049123
2 0.367188 0.575000 0.194792 0.127778
0 0.365539 0.830244 0.218189 0.245656
1 0.341687 0.744819 0.149651 0.045989
8 0.367708 0.863889 0.106250 0.135185
2 0.358333 0.881481 0.058333 0.074074
0 0.865041 0.253611 0.218831 0.232543
1 0.865041 0.175969 0.164643 0.040741
2 0.867188 0.283333 0.188542 0.122222
6 0.131309 0.818240 0.219524 0.241264
1 0.131692 0.734233 0.125150 0.043358
2 0.132812 0.850926 0.192708 0.127778
7 0.207697 0.735830 0.041748 0.039408
0 0.854653 0.555439 0.216777 0.254518
1 0.854653 0.467377 0.122484 0.041651
7 0.855208 0.587037 0.089583 0.114815
2 0.869792 0.596296 0.035417 0.048148
6 0.849031 0.820250 0.223074 0.236403
1 0.893902 0.736048 0.112500 0.040741
8 0.850000 0.852778 0.085417 0.109259
2 0.846354 0.862037 0.048958 0.050000
7 0.916580 0.737989 0.062977 0.034843
6 0.610088 0.838717 0.208923 0.244990
1 0.610088 0.757516 0.114635 0.046874
3 0.611458 0.871296 0.179167 0.127778
6 0.388594 0.258061 0.223088 0.236099
1 0.407510 0.173705 0.137287 0.040741
8 0.386458 0.286111 0.091667 0.116667
6 0.607563 0.533888 0.221124 0.244245
1 0.564289 0.446369 0.113743 0.042771
2 0.608854 0.562963 0.192708 0.129630
5 0.556771 0.592593 0.019792 0.040741
6 0.626586 0.265668 0.224840 0.239754
1 0.631912 0.187818 0.154037 0.044433
6 0.627604 0.299074 0.190625 0.131481
6 0.594271 0.275926 0.040625 0.051852
6 0.122387 0.259970 0.219698 0.230314
1 0.122387 0.183776 0.112500 0.041342
2 0.119792 0.290741 0.187500 0.118519
4 0.091146 0.308333 0.117708 0.050000
7 0.198804 0.178173 0.041863 0.029681
0 0.124046 0.564749 0.212046 0.245000
1 0.159207 0.484627 0.120891 0.045186
6 0.126562 0.598148 0.184375 0.122222
