1 0.500000 0.137135 0.640000 0.072133
6 0.370510 0.268020 0.208242 0.242521
1 0.342147 0.184228 0.130683 0.044188
2 0.369792 0.297222 0.185417 0.120370
2 0.333333 0.277778 0.104167 0.059259
6 0.137135 0.267073 0.223472 0.231475
1 0.168230 0.185761 0.140450 0.040741
5 0.136979 0.295370 0.113542 0.112963
2 0.138021 0.289815 0.063542 0.042593
0 0.380188 0.560711 0.212170 0.252425
1 0.393372 0.472358 0.137959 0.040741
5 0.382292 0.592593 0.102083 0.129630
5 0.354167 0.618519 0.029167 0.037037
6 0.620351 0.253591 0.220342 0.243586
1 0.620351 0.175986 0.141189 0.048703
2 0.621354 0.291667 0.186458 0.112963
6 0.142091 0.831570 0.218620 0.245294
1 0.142091 0.747479 0.160780 0.040741
2 0.143229 0.866667 0.184375 0.125926
2 0.114062 0.883333 0.117708 0.066667
7 0.212018 0.747592 0.053766 0.040302
6 0.847043 0.830191 0.213319 0.246248
1 0.813260 0.747462 0.124920 0.048734
4 0.848437 0.866667 0.182292 0.133333
0 0.375748 0.833184 0.218918 0.243619
1 0.413889 0.749208 0.121803 0.041589
2 0.374479 0.872222 0.186458 0.129630
4 0.407292 0.908333 0.116667 0.046296
7 0.447465 0.741628 0.050484 0.023470
6 0.605818 0.844523 0.216172 0.243468
1 0.605818 0.762209 0.139860 0.040741
5 0.608854 0.880556 0.096875 0.124074
6 0.862749 0.272774 0.208624 0.253362
1 0.862749 0.190825 0.129343 0.050560
8 0.862500 0.309259 0.087500 0.111111
0 0.614213 0.532714 0.210927 0.232850
1 0.614213 0.454861 0.112500 0.040741
2 0.615104 0.566667 0.182292 0.103704
0 0.848715 0.534725 0.220276 0.236752
1 0.848715 0.451634 0.150977 0.040741
6 0.851562 0.570370 0.190625 0.122222
0 0.138540 0.542478 0.219797 0.245013
1 0.138540 0.458289 0.132973 0.040741
4 0.135937 0.573148 0.188542 0.120370
7 0.201748 0.456380 0.068381 0.035780
