1 0.244501 0.064963 0.439002 0.063259
0 0.618769 0.840002 0.216862 0.254282
1 0.618769 0.751203 0.123199 0.040741
2 0.616146 0.875926 0.186458 0.129630
6 0.369632 0.828200 0.210337 0.245815
1 0.369632 0.741881 0.140627 0.040741
2 0.368750 0.865741 0.183333 0.127778
6 0.610623 0.277229 0.217709 0.252077
1 0.610623 0.188464 0.166532 0.041778
5 0.611979 0.310185 0.088542 0.112963
7 0.685503 0.189085 0.042949 0.038752
6 0.125151 0.537427 0.212395 0.231626
1 0.134856 0.459035 0.161440 0.041527
2 0.126042 0.573148 0.189583 0.120370
0 0.136817 0.826986 0.211232 0.228772
1 0.117115 0.748053 0.139020 0.040741
2 0.135937 0.857407 0.180208 0.111111
7 0.176042 0.839815 0.020833 0.027778
7 0.213027 0.751451 0.033812 0.040664
6 0.358587 0.253590 0.208692 0.241014
1 0.385809 0.166868 0.133415 0.040741
2 0.355208 0.285185 0.179167 0.125926
0 0.859548 0.251845 0.210537 0.241414
1 0.820946 0.165193 0.112500 0.040741
7 0.857292 0.276852 0.091667 0.116667
7 0.931435 0.164572 0.041762 0.029832
0 0.852227 0.836674 0.218550 0.243757
1 0.878487 0.753825 0.145196 0.046573
8 0.850521 0.868519 0.084375 0.107407
2 0.841667 0.881481 0.056250 0.044444
0 0.853574 0.546761 0.210693 0.254937
1 0.853574 0.459594 0.112500 0.049705
6 0.853646 0.584259 0.173958 0.127778
6 0.832292 0.560185 0.041667 0.053704
0 0.129219 0.260764 0.223791 0.240241
1 0.141178 0.175901 0.112500 0.040741
5 0.131771 0.297222 0.088542 0.112963
2 0.117708 0.304630 0.041667 0.072222
0 0.383310 0.541430 0.221966 0.241172
1 0.383310 0.461491 0.129749 0.040741
2 0.385417 0.575926 0.191667 0.111111
6 0.616907 0.559806 0.224430 0.234970
1 0.599222 0.480452 0.161014 0.040741
5 0.616146 0.595370 0.082292 0.105556
