1 0.500000 0.131960 0.640000 0.076870
6 0.858654 0.554691 0.210536 0.237552
1 0.837246 0.474857 0.116833 0.040741
1 0.857292 0.587963 0.177083 0.012963
4 0.826562 0.616667 0.096875 0.025926
0 0.612388 0.824376 0.207964 0.232191
1 0.634654 0.741768 0.142599 0.040741
2 0.611979 0.850926 0.178125 0.116667
6 0.865360 0.284132 0.222338 0.247803
1 0.885488 0.197429 0.118943 0.040741
2 0.868229 0.320370 0.190625 0.125926
7 0.929094 0.190311 0.069870 0.023124
6 0.119561 0.253184 0.214018 0.227031
1 0.084431 0.177219 0.122925 0.044654
6 0.116667 0.290741 0.185417 0.103704
7 0.186193 0.178366 0.055753 0.040359
6 0.606504 0.546085 0.218903 0.235536
1 0.583718 0.462102 0.152499 0.040741
7 0.606250 0.575926 0.102083 0.129630
7 0.680061 0.466745 0.046789 0.039820
6 0.367314 0.538360 0.225979 0.228921
1 0.355937 0.459947 0.169346 0.040741
2 0.369792 0.575000 0.195833 0.116667
6 0.861774 0.843756 0.219852 0.244557
1 0.881203 0.762599 0.141217 0.041633
2 0.863021 0.872222 0.194792 0.129630
7 0.930648 0.757125 0.057103 0.034258
0 0.126893 0.814482 0.223700 0.238589
1 0.141531 0.734493 0.141896 0.040741
7 0.128646 0.844444 0.090625 0.114815
6 0.364248 0.260842 0.212709 0.246079
1 0.382039 0.175282 0.152280 0.040741
7 0.366667 0.289815 0.089583 0.112963
6 0.366559 0.832410 0.223327 0.241191
1 0.366559 0.747892 0.161578 0.042440
2 0.368229 0.867593 0.196875 0.120370
7 0.447699 0.741676 0.036047 0.022686
6 0.126182 0.548983 0.213738 0.230164
1 0.149189 0.473945 0.146890 0.040741
4 0.128125 0.580556 0.185417 0.116667
7 0.129688 0.570370 0.023958 0.029630
6 0.621554 0.276900 0.214390 0.249961
1 0.637319 0.188479 0.161459 0.040741
1 0.622917 0.301852 0.102083 0.129630
2 0.634375 0.322222 0.064583 0.059259
