1 0.688736 0.070424 0.317212 0.074182
0 0.131104 0.544100 0.225753 0.236831
1 0.131104 0.467376 0.149957 0.046935
6 0.133854 0.580556 0.198958 0.120370
6 0.157292 0.564815 0.029167 0.037037
6 0.861444 0.838794 0.212173 0.244334
1 0.861444 0.751669 0.151139 0.040741
7 0.860938 0.869444 0.094792 0.120370
6 0.367398 0.834486 0.222426 0.233106
1 0.367398 0.755534 0.155067 0.040741
2 0.366146 0.862037 0.194792 0.124074
2 0.419271 0.893519 0.078125 0.042593
6 0.365280 0.244042 0.220556 0.230003
1 0.365280 0.163295 0.158288 0.040741
2 0.362500 0.269444 0.191667 0.116667
7 0.433827 0.161662 0.058462 0.028205
0 0.369972 0.543198 0.216287 0.240987
1 0.379942 0.461255 0.112537 0.042019
4 0.371354 0.574074 0.184375 0.118519
0 0.620786 0.532307 0.218600 0.229427
1 0.649426 0.455103 0.126833 0.040741
3 0.620833 0.563889 0.185417 0.109259
0 0.141783 0.816955 0.210686 0.249805
1 0.147463 0.732637 0.112500 0.048624
6 0.140625 0.845370 0.177083 0.131481
6 0.848987 0.565350 0.207968 0.254558
1 0.848987 0.477631 0.146478 0.046000
6 0.849479 0.601852 0.173958 0.144444
4 0.814063 0.607407 0.086458 0.085185
6 0.609639 0.266985 0.211212 0.244127
1 0.570699 0.182670 0.112500 0.045065
7 0.609896 0.307407 0.096875 0.122222
0 0.870446 0.253129 0.225526 0.227972
1 0.826055 0.176345 0.115911 0.040741
2 0.869271 0.289815 0.196875 0.109259
6 0.613618 0.816323 0.220790 0.233547
1 0.613618 0.733657 0.157402 0.040741
2 0.609896 0.843519 0.192708 0.112963
7 0.683011 0.729463 0.057005 0.022790
0 0.118806 0.283546 0.209316 0.255262
1 0.118806 0.194107 0.151606 0.046503
4 0.121875 0.315741 0.179167 0.131481
3 0.102083 0.304630 0.112500 0.072222
7 0.184843 0.192396 0.052242 0.035925
