1 0.239205 0.071899 0.428409 0.077131
0 0.119432 0.258303 0.213558 0.230974
1 0.119432 0.186100 0.112500 0.045858
2 0.119792 0.299074 0.181250 0.112963
7 0.183285 0.177306 0.060851 0.031943
6 0.364868 0.545301 0.219909 0.232954
1 0.364868 0.463049 0.112500 0.042265
5 0.364063 0.580556 0.082292 0.105556
6 0.374574 0.821158 0.211866 0.238565
1 0.378843 0.740277 0.137701 0.040741
6 0.370312 0.855556 0.182292 0.125926
2 0.333333 0.869444 0.095833 0.064815
6 0.377211 0.279094 0.207856 0.246280
1 0.339950 0.196119 0.112500 0.045734
2 0.380729 0.314815 0.178125 0.137037
8 0.353125 0.354630 0.027083 0.035185
0 0.141123 0.561537 0.217075 0.243996
1 0.106154 0.480078 0.126305 0.045487
2 0.140625 0.589815 0.185417 0.124074
6 0.619488 0.250019 0.210540 0.239372
1 0.619488 0.171499 0.122490 0.043446
2 0.619271 0.282407 0.178125 0.127778
0 0.860403 0.823963 0.223170 0.240943
1 0.860403 0.738967 0.131444 0.040741
2 0.864062 0.852778 0.192708 0.131481
0 0.623467 0.830618 0.211893 0.231184
1 0.624148 0.753270 0.162840 0.040741
6 0.622396 0.865741 0.184375 0.124074
2 0.665625 0.869444 0.087500 0.072222
6 0.149501 0.829308 0.225306 0.246218
1 0.130796 0.746401 0.164033 0.040938
2 0.148958 0.868519 0.191667 0.125926
0 0.854976 0.559865 0.220129 0.254413
1 0.845873 0.469652 0.169583 0.045641
2 0.855729 0.593519 0.196875 0.127778
7 0.850000 0.596296 0.022917 0.029630
7 0.921260 0.463283 0.062562 0.024211
0 0.627342 0.548670 0.218934 0.228656
1 0.627342 0.468992 0.132941 0.040741
2 0.628125 0.582407 0.187500 0.109259
0 0.862941 0.266570 0.211068 0.255095
1 0.862941 0.179389 0.125739 0.043495
2 0.859896 0.300926 0.180208 0.124074
2 0.910937 0.310185 0.071875 0.061111
