1 0.763866 0.068493 0.336215 0.070320
0 0.376093 0.553282 0.207852 0.243104
1 0.376093 0.473473 0.157510 0.047463
6 0.379167 0.588889 0.179167 0.118519
2 0.411458 0.579630 0.085417 0.070370
6 0.138527 0.262251 0.222714 0.246243
1 0.136586 0.176387 0.131077 0.040741
2 0.138542 0.299074 0.197917 0.135185
6 0.184896 0.316667 0.061458 0.077778
0 0.843958 0.823405 0.208180 0.249728
1 0.843958 0.737339 0.112500 0.041477
3 0.844271 0.850926 0.182292 0.135185
5 0.786979 0.867593 0.036458 0.046296
7 0.906832 0.729723 0.057432 0.025326
6 0.373631 0.845040 0.216883 0.251229
1 0.331856 0.758990 0.112500 0.043285
2 0.373437 0.882407 0.182292 0.127778
7 0.435704 0.752753 0.067736 0.029617
0 0.139730 0.528400 0.225506 0.231486
1 0.139730 0.446295 0.136556 0.040741
7 0.140625 0.562037 0.085417 0.109259
7 0.204845 0.449069 0.070277 0.035788
6 0.849475 0.558907 0.219561 0.232727
1 0.824179 0.480881 0.148138 0.040741
2 0.847917 0.592593 0.189583 0.103704
6 0.877083 0.593519 0.041667 0.053704
7 0.913109 0.480100 0.067293 0.038078
6 0.131493 0.841800 0.216605 0.250313
1 0.138132 0.757266 0.132209 0.043225
5 0.134375 0.875926 0.102083 0.129630
0 0.601577 0.837422 0.209498 0.254184
1 0.601577 0.749095 0.129973 0.040741
2 0.604688 0.868519 0.178125 0.133333
0 0.605628 0.252631 0.220703 0.227492
1 0.632228 0.172857 0.142665 0.040741
2 0.608333 0.281481 0.191667 0.125926
2 0.576562 0.266667 0.103125 0.062963
0 0.844532 0.260140 0.208361 0.231385
1 0.844532 0.186046 0.120592 0.046026
6 0.847396 0.301852 0.178125 0.107407
6 0.813021 0.297222 0.044792 0.057407
0 0.373933 0.255595 0.224529 0.244836
1 0.393458 0.172550 0.162980 0.040929
2 0.374479 0.295370 0.188542 0.124074
4 0.407292 0.306481 0.106250 0.057407
6 0.607311 0.549613 0.212960 0.236570
1 0.607311 0.467750 0.160261 0.043859
6 0.611458 0.578704 0.183333 0.112963
