1 0.710328 0.069071 0.321054 0.071475
0 0.843998 0.264514 0.209117 0.233246
1 0.843998 0.189145 0.147415 0.044866
2 0.844271 0.301852 0.182292 0.111111
4 0.826042 0.314815 0.120833 0.062963
0 0.604907 0.264673 0.216792 0.244286
1 0.604907 0.181744 0.127048 0.040741
7 0.604688 0.297222 0.088542 0.112963
6 0.139403 0.825793 0.217237 0.250704
1 0.139403 0.738324 0.129520 0.040741
1 0.135417 0.863889 0.091667 0.116667
7 0.202026 0.734578 0.066992 0.031237
6 0.844561 0.542544 0.213322 0.247056
1 0.844561 0.453568 0.120073 0.040741
5 0.842708 0.575000 0.085417 0.109259
8 0.830208 0.610185 0.020833 0.027778
7 0.919224 0.450065 0.038998 0.025061
6 0.861575 0.823822 0.217872 0.229407
1 0.861575 0.744623 0.138887 0.040741
6 0.859375 0.855556 0.191667 0.107407
0 0.377666 0.554079 0.209275 0.238153
1 0.392488 0.471451 0.158798 0.044426
2 0.380208 0.587037 0.177083 0.122222
0 0.129979 0.257255 0.214586 0.234583
1 0.129979 0.181067 0.143669 0.045937
2 0.130729 0.289815 0.186458 0.124074
0 0.382253 0.276216 0.220489 0.231842
1 0.382253 0.196225 0.127685 0.040741
8 0.379688 0.306481 0.078125 0.098148
6 0.364113 0.837918 0.220413 0.240403
1 0.355967 0.755322 0.157408 0.043188
7 0.362500 0.863889 0.089583 0.112963
7 0.427644 0.747992 0.068351 0.023515
0 0.614426 0.825384 0.226352 0.244048
1 0.639198 0.741224 0.155975 0.040741
2 0.614062 0.854630 0.196875 0.131481
6 0.613503 0.547483 0.208667 0.235493
1 0.603564 0.465322 0.121469 0.043101
2 0.616146 0.575926 0.182292 0.125926
7 0.678785 0.461167 0.053104 0.025824
0 0.134605 0.549856 0.219398 0.232875
1 0.134605 0.470750 0.112500 0.045026
6 0.138542 0.582407 0.189583 0.127778
