1 0.500000 0.062339 0.380000 0.078061
6 0.127228 0.552481 0.222646 0.242740
1 0.100887 0.471603 0.115736 0.041554
2 0.126562 0.585185 0.194792 0.133333
6 0.608789 0.563316 0.214584 0.253480
1 0.576080 0.474854 0.128333 0.040741
2 0.606771 0.595370 0.184375 0.127778
0 0.860729 0.260574 0.209587 0.232522
1 0.843874 0.184378 0.112500 0.041297
6 0.860417 0.292593 0.175000 0.107407
6 0.370700 0.266054 0.214382 0.254644
1 0.370700 0.176861 0.135972 0.040741
6 0.370833 0.303704 0.187500 0.137037
7 0.440512 0.176259 0.049756 0.038015
0 0.609301 0.836883 0.221200 0.246315
1 0.599265 0.757557 0.140709 0.048787
6 0.611458 0.877778 0.189583 0.125926
2 0.641667 0.858333 0.106250 0.064815
6 0.367542 0.840372 0.222872 0.254575
1 0.352069 0.753737 0.151386 0.048426
4 0.366667 0.873148 0.191667 0.124074
5 0.365625 0.878704 0.033333 0.042593
6 0.842382 0.538222 0.210707 0.253366
1 0.809350 0.445595 0.123808 0.040741
2 0.838542 0.568519 0.181250 0.144444
8 0.806250 0.532407 0.027083 0.035185
6 0.378608 0.546485 0.223175 0.237060
1 0.386774 0.465333 0.118014 0.040741
4 0.377083 0.583333 0.195833 0.125926
0 0.852882 0.833922 0.224116 0.243983
1 0.852882 0.754386 0.157242 0.047648
1 0.855208 0.870370 0.189583 0.014815
4 0.876563 0.881481 0.119792 0.025926
7 0.926083 0.743385 0.052713 0.025872
0 0.136017 0.810457 0.219583 0.229393
1 0.136017 0.735914 0.163170 0.040741
5 0.134896 0.839815 0.103125 0.101852
6 0.129688 0.837037 0.026042 0.033333
7 0.201519 0.732652 0.063580 0.036746
6 0.616680 0.255250 0.222858 0.254180
1 0.657288 0.164013 0.120807 0.042701
2 0.616146 0.284259 0.201042 0.138889
7 0.692765 0.160947 0.045688 0.028537
0 0.132349 0.266873 0.218520 0.237068
1 0.170294 0.190312 0.121796 0.046476
2 0.131771 0.301852 0.182292 0.103704
7 0.196388 0.179646 0.065442 0.025575
