1 0.782609 0.071803 0.369238 0.076940
0 0.609055 0.278460 0.215117 0.240322
1 0.609055 0.193386 0.155282 0.040741
2 0.609375 0.312037 0.187500 0.116667
2 0.653125 0.341667 0.075000 0.046296
7 0.681021 0.195841 0.046183 0.038048
0 0.362863 0.566910 0.210607 0.249526
1 0.362863 0.477823 0.113380 0.044438
2 0.359375 0.600000 0.181250 0.133333
4 0.329167 0.602778 0.114583 0.079630
7 0.438358 0.475075 0.034616 0.028819
0 0.861821 0.265700 0.209137 0.254554
1 0.861821 0.176207 0.128916 0.042241
2 0.861458 0.295370 0.172917 0.138889
2 0.830208 0.277778 0.100000 0.066667
7 0.921594 0.170015 0.064590 0.026146
0 0.610400 0.839483 0.224967 0.246763
1 0.589307 0.751020 0.160032 0.040741
2 0.609896 0.869444 0.201042 0.124074
2 0.632292 0.898148 0.133333 0.044444
6 0.866769 0.542883 0.220824 0.250533
1 0.878432 0.451977 0.159972 0.040741
7 0.864062 0.573148 0.101042 0.127778
7 0.931546 0.456320 0.066269 0.040370
0 0.381197 0.822125 0.215683 0.255305
1 0.411353 0.731440 0.134536 0.042207
2 0.380208 0.852778 0.185417 0.150000
7 0.450796 0.726950 0.051483 0.027919
6 0.369359 0.276914 0.225124 0.241823
1 0.369359 0.195893 0.169332 0.040741
2 0.369792 0.314815 0.202083 0.118519
0 0.853436 0.820311 0.212912 0.234210
1 0.839784 0.740058 0.156466 0.040741
5 0.852604 0.850000 0.090625 0.114815
0 0.132025 0.846638 0.224634 0.254681
1 0.086375 0.759608 0.112500 0.040741
1 0.130208 0.878704 0.112500 0.142593
0 0.141990 0.257951 0.217298 0.255208
1 0.141990 0.165465 0.141638 0.042475
6 0.141667 0.292593 0.183333 0.140741
2 0.098958 0.309259 0.089583 0.070370
6 0.608659 0.533441 0.218678 0.247903
1 0.608659 0.449872 0.115414 0.040967
6 0.608854 0.560185 0.190625 0.135185
0 0.132100 0.553055 0.209956 0.252329
1 0.132100 0.463185 0.112500 0.040741
5 0.136458 0.585185 0.102083 0.129630
5 0.114062 0.616667 0.034375 0.044444
