1 0.500000 0.130625 0.640000 0.068170
6 0.368563 0.544687 0.219082 0.241642
1 0.368563 0.468155 0.112500 0.048105
3 0.369792 0.577778 0.191667 0.125926
0 0.857154 0.824593 0.209784 0.230636
1 0.877028 0.745776 0.124594 0.041735
2 0.858333 0.855556 0.183333 0.122222
6 0.862069 0.545048 0.210592 0.231450
1 0.862069 0.463397 0.163751 0.040741
6 0.860938 0.579630 0.180208 0.114815
6 0.371349 0.814217 0.225143 0.226663
1 0.371349 0.738832 0.158061 0.041311
6 0.370833 0.847222 0.189583 0.112963
0 0.860357 0.274102 0.219894 0.229209
1 0.860357 0.195933 0.112500 0.040741
4 0.859375 0.312963 0.187500 0.111111
7 0.934144 0.197095 0.047319 0.038156
0 0.372705 0.264730 0.219041 0.233343
1 0.392244 0.183848 0.159128 0.040741
4 0.373437 0.292593 0.188542 0.129630
2 0.338021 0.315741 0.105208 0.053704
0 0.125492 0.831903 0.213640 0.226624
1 0.143555 0.759311 0.156681 0.044183
2 0.127083 0.864815 0.187500 0.118519
6 0.127836 0.561760 0.215117 0.246630
1 0.091840 0.475212 0.122291 0.046492
4 0.128125 0.590741 0.187500 0.133333
2 0.104688 0.621296 0.117708 0.053704
6 0.620946 0.269993 0.208731 0.244053
1 0.641922 0.190819 0.143922 0.046121
7 0.621875 0.303704 0.093750 0.118519
7 0.643229 0.271296 0.021875 0.027778
0 0.136771 0.279174 0.224908 0.244359
1 0.136771 0.195677 0.112500 0.040741
5 0.135417 0.312963 0.095833 0.122222
7 0.159375 0.333333 0.022917 0.029630
6 0.618703 0.818500 0.210188 0.229160
1 0.644981 0.744449 0.136799 0.040741
8 0.617188 0.849074 0.086458 0.109259
0 0.607055 0.553800 0.215803 0.226517
1 0.608218 0.478946 0.156861 0.040741
8 0.608333 0.585185 0.075000 0.096296
3 0.614583 0.575000 0.041667 0.053704
