1 0.687029 0.064832 0.331215 0.062998
0 0.850583 0.257692 0.217900 0.232730
1 0.850583 0.181142 0.142476 0.040741
2 0.848958 0.295370 0.189583 0.109259
1 0.808854 0.261111 0.086458 0.007407
7 0.929234 0.174845 0.035598 0.029999
0 0.130374 0.810869 0.226422 0.230416
1 0.130374 0.733174 0.144007 0.045291
1 0.127604 0.839815 0.082292 0.105556
6 0.127604 0.850000 0.026042 0.033333
0 0.612892 0.272507 0.225016 0.233993
1 0.567051 0.191365 0.112500 0.044308
2 0.611979 0.299074 0.201042 0.116667
2 0.661458 0.286111 0.095833 0.046296
6 0.868543 0.550335 0.218801 0.233880
1 0.868543 0.472469 0.137379 0.043502
2 0.867708 0.581481 0.189583 0.118519
0 0.372496 0.555919 0.210625 0.252842
1 0.343634 0.466768 0.123176 0.043655
2 0.371875 0.587037 0.183333 0.133333
2 0.393750 0.561111 0.116667 0.062963
6 0.122547 0.531996 0.213619 0.229637
1 0.105114 0.452944 0.156449 0.040741
4 0.122917 0.561111 0.179167 0.114815
7 0.192950 0.448877 0.047812 0.026362
6 0.383072 0.836668 0.220677 0.236503
1 0.383072 0.757692 0.160535 0.040741
6 0.385417 0.874074 0.189583 0.125926
2 0.361979 0.882407 0.117708 0.068519
0 0.619466 0.840637 0.224286 0.252153
1 0.630965 0.757819 0.122109 0.046945
8 0.618750 0.878704 0.091667 0.116667
6 0.847977 0.836861 0.218434 0.234959
1 0.824628 0.753211 0.112500 0.040741
2 0.845833 0.871296 0.189583 0.124074
7 0.918821 0.757875 0.051747 0.039950
0 0.359097 0.276146 0.210437 0.233761
1 0.359097 0.197730 0.113006 0.041314
2 0.359375 0.311111 0.185417 0.118519
7 0.431761 0.193278 0.040110 0.030989
0 0.626916 0.527997 0.217546 0.231219
1 0.626916 0.452397 0.128677 0.044316
2 0.625521 0.563889 0.194792 0.116667
7 0.696105 0.447238 0.054168 0.032665
6 0.145766 0.267986 0.222234 0.244163
1 0.128789 0.184065 0.167446 0.040741
5 0.146354 0.302778 0.080208 0.101852
6 0.145313 0.302778 0.034375 0.042593
7 0.210413 0.177816 0.067939 0.026787
