1 0.251771 0.069632 0.453542 0.072597
0 0.129982 0.545931 0.216843 0.238551
1 0.116137 0.467362 0.140812 0.040741
7 0.129167 0.582407 0.089583 0.112963
2 0.143229 0.595370 0.053125 0.064815
0 0.623543 0.560030 0.210016 0.254583
1 0.611253 0.476067 0.115454 0.047990
2 0.623958 0.596296 0.185417 0.125926
0 0.369042 0.560871 0.220504 0.251633
1 0.373327 0.474753 0.112500 0.040741
2 0.369271 0.590741 0.198958 0.125926
7 0.434718 0.473112 0.064153 0.039077
6 0.136925 0.257470 0.209261 0.241881
1 0.136925 0.175070 0.149757 0.047526
6 0.135417 0.293519 0.183333 0.109259
6 0.866078 0.561159 0.216974 0.253540
1 0.886601 0.471939 0.135550 0.040741
2 0.868750 0.591667 0.187500 0.135185
0 0.383430 0.807738 0.219393 0.231654
1 0.351467 0.725684 0.134633 0.040741
8 0.383854 0.840741 0.086458 0.111111
7 0.463035 0.725023 0.035183 0.029186
0 0.862033 0.268904 0.207854 0.236816
1 0.824773 0.185418 0.112500 0.040741
2 0.860938 0.297222 0.184375 0.127778
0 0.613738 0.848880 0.223448 0.250600
1 0.606073 0.760760 0.162423 0.047645
2 0.611458 0.882407 0.193750 0.142593
7 0.678472 0.762367 0.068979 0.040537
6 0.382264 0.276389 0.223880 0.237021
1 0.376497 0.192001 0.143098 0.040741
7 0.379688 0.312037 0.088542 0.112963
6 0.128276 0.818233 0.219479 0.231317
1 0.171349 0.739847 0.112500 0.040741
2 0.129688 0.849074 0.194792 0.105556
6 0.619588 0.288304 0.223917 0.255306
1 0.639553 0.196589 0.163154 0.041923
2 0.617708 0.317593 0.193750 0.153704
6 0.870127 0.841423 0.218589 0.245588
1 0.836748 0.758576 0.130999 0.041632
7 0.868229 0.880556 0.088542 0.112963
5 0.874479 0.880556 0.030208 0.038889
