1 0.500000 0.069992 0.520000 0.080725
0 0.606022 0.524092 0.216161 0.227065
1 0.619902 0.447473 0.112500 0.040741
2 0.607292 0.558333 0.189583 0.109259
0 0.859982 0.265230 0.214991 0.230125
1 0.859982 0.187261 0.124897 0.045529
8 0.858854 0.292593 0.084375 0.107407
2 0.851562 0.273148 0.044792 0.053704
6 0.865579 0.811286 0.211216 0.228604
1 0.865579 0.737312 0.137168 0.040741
2 0.866146 0.849074 0.186458 0.109259
0 0.374647 0.553666 0.215671 0.230419
1 0.381750 0.474092 0.134274 0.040741
8 0.374479 0.588889 0.088542 0.111111
0 0.360781 0.256594 0.211765 0.245381
1 0.360781 0.170337 0.153644 0.040741
6 0.359896 0.293519 0.178125 0.135185
6 0.618748 0.833924 0.224756 0.234442
1 0.642471 0.754674 0.156476 0.040741
5 0.618750 0.862037 0.091667 0.116667
6 0.134387 0.257023 0.212544 0.229474
1 0.134387 0.177437 0.155635 0.040741
2 0.134896 0.281481 0.176042 0.118519
6 0.139041 0.548933 0.218091 0.227425
1 0.159968 0.471980 0.144519 0.040741
2 0.139583 0.576852 0.185417 0.120370
6 0.099479 0.563889 0.036458 0.046296
6 0.367371 0.836498 0.226177 0.235767
1 0.413793 0.752884 0.112500 0.040741
2 0.369271 0.867593 0.198958 0.127778
6 0.617612 0.243625 0.218038 0.227569
1 0.613308 0.169976 0.151826 0.040741
5 0.618750 0.275926 0.081250 0.103704
0 0.125903 0.836104 0.226537 0.248447
1 0.145740 0.749996 0.137081 0.045723
6 0.125521 0.872222 0.201042 0.137037
2 0.128646 0.876852 0.088542 0.068519
0 0.864164 0.535124 0.221048 0.226416
1 0.864164 0.459477 0.149927 0.040741
7 0.863542 0.563889 0.083333 0.105556
