1 0.500000 0.065994 0.520000 0.072730
6 0.630830 0.816877 0.225984 0.251687
1 0.601675 0.733854 0.146841 0.046549
5 0.628125 0.850000 0.095833 0.122222
0 0.128751 0.549488 0.224727 0.232823
1 0.128751 0.468934 0.133386 0.040741
2 0.129688 0.579630 0.194792 0.125926
0 0.389390 0.268917 0.222067 0.237184
1 0.389390 0.190181 0.147799 0.040741
2 0.392188 0.306481 0.194792 0.120370
6 0.141003 0.254529 0.208443 0.231510
1 0.148639 0.175834 0.133460 0.040741
6 0.139583 0.286111 0.185417 0.127778
2 0.138542 0.287963 0.081250 0.053704
6 0.613492 0.529787 0.221198 0.240487
1 0.607241 0.447366 0.141745 0.040741
2 0.613542 0.557407 0.197917 0.122222
5 0.558333 0.589815 0.033333 0.042593
6 0.375328 0.551644 0.213416 0.244136
1 0.346556 0.465559 0.135039 0.042919
2 0.374479 0.584259 0.178125 0.138889
6 0.866014 0.543919 0.217443 0.232801
1 0.866014 0.468753 0.137703 0.041738
7 0.867708 0.578704 0.075000 0.094444
2 0.880208 0.595370 0.037500 0.050000
0 0.613148 0.252014 0.218334 0.246044
1 0.570648 0.167722 0.112500 0.044776
2 0.613021 0.286111 0.192708 0.138889
7 0.685452 0.162980 0.048727 0.030939
0 0.386356 0.828116 0.221596 0.229755
1 0.386356 0.753180 0.125872 0.040741
3 0.382812 0.863889 0.192708 0.109259
6 0.856025 0.250120 0.222437 0.229095
1 0.856025 0.171085 0.161020 0.041921
6 0.859375 0.280556 0.193750 0.131481
6 0.849632 0.834469 0.211466 0.251088
1 0.849632 0.747970 0.162011 0.040741
4 0.846875 0.870370 0.181250 0.140741
0 0.125664 0.834407 0.210474 0.239520
1 0.125664 0.751561 0.118251 0.040741
3 0.128646 0.868519 0.180208 0.122222
7 0.125000 0.860185 0.022917 0.027778
7 0.194889 0.747426 0.047022 0.028520
