1 0.770487 0.074590 0.338755 0.082513
0 0.375560 0.813971 0.224466 0.231088
1 0.400491 0.738698 0.152653 0.040741
6 0.375000 0.844444 0.189583 0.122222
2 0.407813 0.832407 0.098958 0.046296
0 0.367656 0.264800 0.214769 0.232161
1 0.348893 0.183621 0.129457 0.042977
2 0.365104 0.297222 0.184375 0.124074
6 0.605489 0.267106 0.213187 0.253008
1 0.611631 0.181289 0.123012 0.046228
5 0.604688 0.304630 0.101042 0.127778
6 0.853521 0.273697 0.218468 0.226070
1 0.853521 0.198920 0.166353 0.040741
6 0.852083 0.306481 0.187500 0.101852
0 0.140767 0.282685 0.221312 0.247845
1 0.140767 0.192926 0.144161 0.040741
2 0.138542 0.314815 0.193750 0.144444
0 0.612173 0.559190 0.221844 0.233690
1 0.571767 0.482824 0.120198 0.040741
6 0.614062 0.587963 0.196875 0.120370
2 0.613021 0.594444 0.096875 0.055556
0 0.870290 0.550697 0.221347 0.228388
1 0.870290 0.475828 0.126003 0.042655
2 0.870313 0.581481 0.184375 0.107407
2 0.843750 0.575926 0.102083 0.059259
6 0.124103 0.827995 0.221920 0.228093
1 0.124103 0.753317 0.112500 0.040741
7 0.123438 0.860185 0.080208 0.101852
5 0.104167 0.879630 0.029167 0.029630
0 0.856812 0.837062 0.209172 0.243877
1 0.856812 0.749644 0.141897 0.040741
1 0.857292 0.870370 0.089583 0.114815
2 0.846875 0.856481 0.054167 0.061111
7 0.919803 0.746013 0.058189 0.024741
0 0.367044 0.540805 0.224799 0.239405
1 0.385391 0.455290 0.129692 0.040741
5 0.367188 0.572222 0.101042 0.100000
0 0.142526 0.525642 0.222280 0.226937
1 0.142526 0.450687 0.137305 0.040741
2 0.144271 0.556481 0.190625 0.116667
0 0.619172 0.821737 0.220210 0.229892
1 0.610007 0.742471 0.121289 0.040741
2 0.619271 0.854630 0.186458 0.112963
7 0.691907 0.737380 0.049741 0.024142
