1 0.749969 0.075185 0.374651 0.083703
6 0.369832 0.551547 0.217827 0.253338
1 0.369832 0.459235 0.150197 0.040741
1 0.369792 0.585185 0.104167 0.133333
7 0.446229 0.457205 0.040033 0.027617
0 0.118655 0.537110 0.208527 0.234152
1 0.118655 0.459582 0.112500 0.041483
2 0.118229 0.568519 0.182292 0.111111
6 0.161458 0.589815 0.041667 0.053704
6 0.610253 0.821174 0.222796 0.252413
1 0.610253 0.733540 0.112500 0.048646
6 0.612500 0.854630 0.193750 0.142593
0 0.616698 0.546204 0.223753 0.234306
1 0.589514 0.471214 0.148551 0.045754
2 0.616146 0.580556 0.201042 0.109259
0 0.134542 0.260910 0.215628 0.240497
1 0.134542 0.179128 0.140065 0.040765
2 0.135937 0.286111 0.190625 0.127778
4 0.104167 0.302778 0.104167 0.057407
7 0.211734 0.175155 0.036244 0.031950
0 0.870288 0.833868 0.225140 0.229882
1 0.870288 0.757831 0.120766 0.040741
3 0.870833 0.871296 0.189583 0.105556
5 0.820312 0.887963 0.021875 0.027778
6 0.133996 0.840372 0.214111 0.235889
1 0.133996 0.764381 0.140995 0.044261
3 0.136458 0.877778 0.185417 0.122222
2 0.168229 0.882407 0.111458 0.075926
6 0.862178 0.282552 0.225740 0.250681
1 0.862178 0.192911 0.148985 0.040741
2 0.861458 0.315741 0.191667 0.142593
0 0.623855 0.260267 0.215727 0.243277
1 0.623855 0.177262 0.166547 0.042684
2 0.626042 0.294444 0.183333 0.111111
6 0.367046 0.275817 0.220732 0.242453
1 0.385575 0.193835 0.119534 0.047802
2 0.367708 0.313889 0.193750 0.112963
6 0.846798 0.553936 0.208430 0.234081
1 0.851272 0.477312 0.148027 0.040741
2 0.847396 0.591667 0.184375 0.109259
6 0.373202 0.809338 0.223985 0.232694
1 0.396938 0.729013 0.155680 0.040741
2 0.373958 0.840741 0.200000 0.122222
