1 0.790483 0.069010 0.360058 0.071354
6 0.853290 0.826489 0.222792 0.228850
1 0.853290 0.751830 0.112500 0.040741
6 0.851042 0.858333 0.193750 0.116667
3 0.887500 0.840741 0.095833 0.070370
0 0.145060 0.273536 0.215904 0.236796
1 0.161784 0.190129 0.143983 0.040741
6 0.144271 0.303704 0.182292 0.118519
0 0.129070 0.557800 0.210489 0.241988
1 0.129070 0.476157 0.137358 0.043469
2 0.129167 0.587963 0.183333 0.127778
6 0.869641 0.252625 0.221089 0.242473
1 0.847064 0.169823 0.135568 0.040741
5 0.871354 0.288889 0.086458 0.111111
6 0.884896 0.280556 0.030208 0.038889
0 0.366608 0.268644 0.224349 0.232110
1 0.366608 0.186816 0.133161 0.040741
2 0.367188 0.301852 0.188542 0.114815
6 0.615786 0.841060 0.220978 0.250790
1 0.617612 0.750419 0.112500 0.040741
2 0.616667 0.869444 0.197917 0.138889
5 0.561979 0.829630 0.032292 0.040741
0 0.364401 0.820276 0.221291 0.245065
1 0.364401 0.741230 0.131176 0.046916
7 0.368229 0.859259 0.082292 0.103704
8 0.389062 0.872222 0.019792 0.025926
7 0.444806 0.730805 0.035481 0.029086
0 0.142532 0.826148 0.225543 0.240867
1 0.142532 0.744093 0.147104 0.043076
2 0.141146 0.860185 0.201042 0.112963
0 0.379066 0.548376 0.213949 0.234977
1 0.379066 0.472363 0.153197 0.045388
4 0.375521 0.583333 0.184375 0.122222
7 0.452236 0.465659 0.042609 0.032506
0 0.617986 0.270633 0.214269 0.252948
1 0.651823 0.180565 0.125761 0.040741
2 0.617188 0.309259 0.186458 0.133333
0 0.866704 0.530982 0.222474 0.231968
1 0.866704 0.454896 0.123636 0.042731
2 0.864583 0.565741 0.193750 0.120370
6 0.613699 0.540596 0.216314 0.234473
1 0.594870 0.460658 0.145648 0.040741
2 0.611979 0.578704 0.184375 0.112963
