1 0.230294 0.069463 0.410589 0.072260
6 0.616096 0.263775 0.226544 0.254444
1 0.655385 0.175683 0.127131 0.040741
4 0.618229 0.295370 0.196875 0.135185
7 0.684863 0.166518 0.064010 0.022893
6 0.603893 0.553247 0.211198 0.232845
1 0.633049 0.477112 0.112500 0.040741
7 0.605729 0.589815 0.086458 0.109259
2 0.611979 0.600000 0.053125 0.044444
7 0.675765 0.474180 0.042454 0.037672
6 0.141936 0.269707 0.212246 0.227682
1 0.150689 0.197919 0.155231 0.044439
7 0.144792 0.307407 0.085417 0.107407
2 0.151042 0.330556 0.047917 0.038889
6 0.367586 0.536816 0.221367 0.254321
1 0.367586 0.452109 0.117926 0.050036
5 0.365625 0.573148 0.085417 0.109259
6 0.370833 0.572222 0.010417 0.040741
6 0.368729 0.269326 0.222671 0.247124
1 0.390546 0.184045 0.112500 0.044060
2 0.372396 0.301852 0.194792 0.129630
0 0.126024 0.814429 0.216127 0.238542
1 0.138123 0.735862 0.132997 0.040741
2 0.124479 0.845370 0.182292 0.116667
0 0.628987 0.816997 0.223003 0.227247
1 0.587747 0.739768 0.119691 0.043817
3 0.631771 0.850926 0.194792 0.101852
6 0.129162 0.541725 0.226408 0.241339
1 0.159661 0.460232 0.140804 0.040741
2 0.131250 0.575000 0.195833 0.109259
6 0.367396 0.832612 0.214048 0.247820
1 0.367396 0.742387 0.128411 0.040741
6 0.365625 0.864815 0.189583 0.125926
7 0.428333 0.741458 0.067174 0.028475
0 0.864274 0.559703 0.210006 0.246966
1 0.864274 0.469634 0.112500 0.040741
2 0.864583 0.595370 0.185417 0.131481
1 0.827083 0.624074 0.022917 0.029630
7 0.936592 0.468719 0.040369 0.027961
0 0.859555 0.846277 0.213002 0.246348
1 0.833875 0.763958 0.112500 0.045121
5 0.861458 0.876852 0.083333 0.105556
1 0.875521 0.902778 0.021875 0.027778
6 0.861550 0.266342 0.210824 0.239788
1 0.866491 0.181000 0.122607 0.040741
2 0.861979 0.296296 0.176042 0.114815
2 0.901563 0.280556 0.088542 0.050000
7 0.926992 0.184839 0.054940 0.039746
