1 0.500000 0.134042 0.640000 0.062054
0 0.628671 0.263363 0.224373 0.249008
1 0.616005 0.173499 0.112500 0.040741
6 0.629167 0.295370 0.189583 0.127778
2 0.608333 0.288889 0.120833 0.077778
6 0.366058 0.554970 0.218363 0.233123
1 0.366058 0.474012 0.112500 0.040741
7 0.368750 0.582407 0.083333 0.105556
2 0.364063 0.587037 0.036458 0.044444
6 0.615983 0.839313 0.225589 0.235240
1 0.615983 0.762877 0.148530 0.046040
7 0.616146 0.867593 0.082292 0.105556
7 0.692992 0.755684 0.046570 0.030945
6 0.866083 0.253864 0.220113 0.242273
1 0.904571 0.167173 0.122305 0.040741
5 0.866146 0.284259 0.094792 0.120370
7 0.944071 0.164085 0.039137 0.025679
0 0.843729 0.823026 0.215532 0.247741
1 0.814854 0.739372 0.136948 0.043715
2 0.842708 0.854630 0.185417 0.138889
0 0.605687 0.559457 0.215726 0.235777
1 0.605687 0.478291 0.118628 0.042312
2 0.607812 0.587963 0.184375 0.116667
0 0.130909 0.808461 0.214544 0.228996
1 0.146281 0.731333 0.118671 0.044766
3 0.133854 0.843519 0.186458 0.116667
6 0.863712 0.563448 0.214382 0.248894
1 0.841250 0.481150 0.129772 0.045668
2 0.863021 0.600926 0.178125 0.124074
6 0.122586 0.569216 0.217632 0.255285
1 0.095886 0.477867 0.125743 0.041627
2 0.120833 0.600000 0.193750 0.137037
0 0.363048 0.274575 0.209093 0.239513
1 0.363048 0.192919 0.131290 0.040741
6 0.363021 0.308333 0.186458 0.131481
6 0.360616 0.827691 0.212151 0.249750
1 0.335855 0.741547 0.112500 0.044139
1 0.360417 0.862037 0.172917 0.012963
8 0.308854 0.873148 0.019792 0.024074
6 0.138129 0.262391 0.220229 0.248255
1 0.143514 0.181559 0.169272 0.048569
6 0.134375 0.294444 0.191667 0.118519
7 0.204505 0.176494 0.062477 0.039422
