1 0.500000 0.070251 0.520000 0.081243
0 0.628999 0.847409 0.221871 0.252480
1 0.628999 0.756907 0.148738 0.041534
2 0.630729 0.875926 0.194792 0.151852
7 0.692739 0.751787 0.069391 0.024199
6 0.367961 0.564484 0.218921 0.247056
1 0.358428 0.474952 0.122319 0.041248
5 0.369271 0.589815 0.096875 0.124074
6 0.366786 0.268748 0.225665 0.246495
1 0.379350 0.185091 0.173460 0.047998
4 0.367188 0.302778 0.203125 0.124074
7 0.434978 0.181134 0.064281 0.034230
6 0.611046 0.262462 0.212099 0.228764
1 0.588369 0.184179 0.145912 0.040741
2 0.607812 0.297222 0.182292 0.120370
0 0.380553 0.811066 0.217912 0.236082
1 0.395402 0.733446 0.167380 0.045354
6 0.380729 0.849074 0.194792 0.120370
0 0.144296 0.529052 0.224176 0.238848
1 0.114532 0.450157 0.142524 0.044647
1 0.143750 0.557407 0.189583 0.014815
0 0.856517 0.546517 0.214501 0.255013
1 0.838852 0.455551 0.155612 0.040741
2 0.855208 0.579630 0.179167 0.137037
5 0.850521 0.586111 0.036458 0.046296
6 0.865391 0.829854 0.221266 0.239320
1 0.846756 0.749848 0.131409 0.040741
5 0.865625 0.860185 0.091667 0.116667
6 0.844792 0.880556 0.033333 0.042593
6 0.133928 0.822790 0.218327 0.253402
1 0.110234 0.735087 0.150105 0.040741
6 0.135937 0.860185 0.184375 0.138889
0 0.619167 0.555845 0.218166 0.248336
1 0.619167 0.471439 0.132336 0.044213
1 0.619792 0.585185 0.093750 0.118519
5 0.618750 0.590741 0.027083 0.033333
7 0.685349 0.465549 0.060803 0.030706
6 0.132294 0.269512 0.212688 0.235362
1 0.132294 0.188587 0.136412 0.040917
4 0.135417 0.304630 0.183333 0.124074
0 0.866380 0.258867 0.221794 0.227175
1 0.866380 0.182491 0.164229 0.040741
2 0.868750 0.289815 0.195833 0.112963
2 0.846354 0.288889 0.132292 0.062963
