1 0.500000 0.091256 0.380000 0.079983
6 0.622375 0.528788 0.215432 0.232507
1 0.635890 0.452410 0.167567 0.040741
6 0.622917 0.562037 0.181250 0.120370
0 0.850962 0.841824 0.220025 0.249891
1 0.870831 0.758906 0.134689 0.049423
3 0.854167 0.871296 0.189583 0.131481
7 0.916847 0.746664 0.063255 0.022534
6 0.865613 0.554754 0.220521 0.244177
1 0.865613 0.469587 0.155546 0.040741
6 0.864062 0.588889 0.196875 0.129630
0 0.616491 0.275595 0.225857 0.235434
1 0.575570 0.191408 0.112500 0.040741
3 0.617708 0.306481 0.202083 0.131481
7 0.696679 0.189713 0.040480 0.026634
6 0.127598 0.549871 0.223582 0.234528
1 0.162213 0.474555 0.133518 0.045351
3 0.125521 0.583333 0.194792 0.125926
5 0.077604 0.602778 0.036458 0.046296
6 0.610351 0.824239 0.218669 0.244771
1 0.619350 0.742273 0.133521 0.040741
6 0.607292 0.858333 0.187500 0.112963
7 0.674384 0.738706 0.065603 0.036670
0 0.123184 0.261506 0.217649 0.243470
1 0.116672 0.181742 0.148276 0.047455
4 0.126042 0.296296 0.189583 0.111111
6 0.848471 0.258186 0.216425 0.254645
1 0.848471 0.170518 0.136794 0.050853
8 0.844792 0.298148 0.100000 0.125926
2 0.836458 0.308333 0.058333 0.068519
6 0.134003 0.809183 0.219181 0.232189
1 0.091080 0.733464 0.112500 0.040741
2 0.134896 0.843519 0.184375 0.120370
2 0.169792 0.827778 0.091667 0.055556
0 0.366030 0.265884 0.217521 0.245587
1 0.366030 0.180692 0.166943 0.040741
2 0.365625 0.294444 0.189583 0.122222
0 0.361361 0.825366 0.208854 0.249750
1 0.324086 0.741547 0.113470 0.046670
5 0.363542 0.861111 0.087500 0.111111
1 0.359375 0.857407 0.020833 0.025926
6 0.379541 0.541873 0.216558 0.237895
1 0.421153 0.458788 0.112500 0.043197
3 0.380729 0.574074 0.186458 0.133333
