1 0.226950 0.069356 0.403900 0.072046
0 0.862881 0.841957 0.208032 0.246204
1 0.862881 0.754231 0.112500 0.040741
4 0.861458 0.866667 0.181250 0.133333
6 0.141536 0.549665 0.222906 0.250770
1 0.141536 0.463170 0.112500 0.043124
5 0.141146 0.585185 0.090625 0.114815
0 0.619406 0.815679 0.221741 0.244987
1 0.619291 0.733808 0.138214 0.040741
4 0.618750 0.841667 0.200000 0.127778
6 0.376166 0.834983 0.218958 0.244266
1 0.348800 0.749049 0.126915 0.040741
2 0.377604 0.869444 0.188542 0.127778
0 0.380687 0.556952 0.210741 0.252065
1 0.380687 0.466214 0.128301 0.040741
2 0.382292 0.588889 0.181250 0.144444
7 0.451229 0.462185 0.044658 0.025495
0 0.856884 0.275105 0.223804 0.233872
1 0.837685 0.192032 0.164573 0.040741
6 0.857292 0.303704 0.197917 0.114815
7 0.922243 0.196120 0.068086 0.038865
6 0.603704 0.563744 0.213722 0.248128
1 0.598772 0.477065 0.146243 0.040741
7 0.603125 0.590741 0.104167 0.133333
0 0.856413 0.563204 0.216867 0.243956
1 0.856413 0.481961 0.133311 0.041341
7 0.855729 0.593519 0.088542 0.112963
2 0.864583 0.591667 0.045833 0.061111
6 0.617727 0.279778 0.208440 0.242438
1 0.617727 0.194359 0.112500 0.040741
2 0.615104 0.310185 0.182292 0.116667
6 0.130640 0.833854 0.213012 0.250541
1 0.128224 0.745949 0.125165 0.040741
7 0.130208 0.868519 0.095833 0.122222
7 0.201825 0.741392 0.045642 0.028581
0 0.375119 0.271471 0.224908 0.250948
1 0.375119 0.180538 0.147596 0.040741
3 0.377083 0.296296 0.197917 0.144444
7 0.439672 0.178576 0.070803 0.028122
0 0.133100 0.245327 0.217946 0.230884
1 0.104886 0.169546 0.140685 0.040741
2 0.130729 0.276852 0.190625 0.109259
