1 0.227982 0.074412 0.405964 0.082158
6 0.138741 0.276141 0.220567 0.254982
1 0.138741 0.183332 0.167765 0.040741
2 0.135937 0.303704 0.192708 0.155556
6 0.866835 0.255175 0.223826 0.243757
1 0.866835 0.169296 0.168367 0.040741
1 0.869792 0.290741 0.181250 0.014815
6 0.382134 0.266415 0.222362 0.228279
1 0.382134 0.185951 0.112500 0.040741
2 0.384375 0.301852 0.193750 0.114815
6 0.141116 0.827916 0.213133 0.243176
1 0.122275 0.744052 0.148898 0.040741
2 0.141146 0.860185 0.178125 0.120370
0 0.607533 0.814268 0.222973 0.229589
1 0.628268 0.735185 0.144324 0.040741
2 0.610417 0.845370 0.193750 0.109259
7 0.558854 0.859259 0.019792 0.025926
6 0.382247 0.542068 0.223967 0.254057
1 0.382247 0.455393 0.137044 0.046901
2 0.381771 0.576852 0.203125 0.146296
2 0.404167 0.566667 0.135417 0.077778
6 0.379578 0.837681 0.211474 0.228280
1 0.379578 0.763305 0.112500 0.040741
6 0.379688 0.871296 0.182292 0.105556
0 0.128307 0.540020 0.213786 0.229064
1 0.149854 0.467713 0.112500 0.045029
2 0.129688 0.579630 0.184375 0.100000
5 0.070833 0.592593 0.022917 0.029630
0 0.610836 0.549208 0.208966 0.246278
1 0.611488 0.461833 0.112500 0.040741
2 0.614062 0.579630 0.178125 0.133333
2 0.643750 0.582407 0.095833 0.079630
7 0.674684 0.459556 0.056270 0.029936
6 0.866005 0.547679 0.217162 0.255364
1 0.887604 0.456873 0.153129 0.040741
2 0.865625 0.581481 0.187500 0.148148
1 0.811458 0.624074 0.029167 0.037037
6 0.613438 0.275519 0.214569 0.231776
1 0.574288 0.195322 0.115436 0.040741
6 0.612500 0.299074 0.183333 0.120370
2 0.663021 0.287963 0.076042 0.046296
7 0.677289 0.190058 0.061867 0.023817
6 0.851537 0.839184 0.212175 0.254835
1 0.856617 0.751038 0.118337 0.040741
7 0.850000 0.867593 0.100000 0.127778
