1 0.500000 0.066744 0.520000 0.074228
6 0.377111 0.255449 0.220317 0.232053
1 0.408329 0.175908 0.112500 0.040741
6 0.375000 0.286111 0.191667 0.124074
7 0.321354 0.247222 0.023958 0.031481
6 0.622425 0.264967 0.209308 0.235145
1 0.633473 0.186319 0.147648 0.040741
6 0.621354 0.302778 0.176042 0.116667
6 0.128345 0.553230 0.214117 0.227596
1 0.088042 0.472977 0.112678 0.040741
8 0.127083 0.585185 0.075000 0.096296
5 0.125521 0.593519 0.019792 0.024074
7 0.192642 0.470292 0.060522 0.024683
6 0.379745 0.556957 0.218502 0.241544
1 0.379745 0.476545 0.152240 0.040741
4 0.378125 0.587963 0.191667 0.120370
6 0.847275 0.815825 0.218809 0.247040
1 0.847275 0.733709 0.137629 0.046797
7 0.847396 0.850000 0.086458 0.111111
0 0.364505 0.822051 0.214941 0.233557
1 0.323701 0.742030 0.112500 0.042654
4 0.360938 0.855556 0.184375 0.114815
7 0.441813 0.736663 0.035325 0.025743
6 0.610472 0.522576 0.214579 0.226211
1 0.610472 0.446424 0.133309 0.040741
1 0.610938 0.550000 0.086458 0.111111
1 0.623958 0.583333 0.020833 0.025926
7 0.679387 0.444008 0.051749 0.032038
6 0.860718 0.540952 0.225755 0.236450
1 0.846852 0.458946 0.127895 0.044214
2 0.861458 0.574074 0.191667 0.111111
3 0.900000 0.558333 0.097917 0.057407
0 0.605893 0.824128 0.211929 0.228354
1 0.568544 0.748816 0.116398 0.040741
2 0.604167 0.856481 0.183333 0.109259
5 0.646875 0.850926 0.035417 0.046296
0 0.856459 0.276168 0.217427 0.245204
1 0.856459 0.192468 0.112500 0.040741
2 0.852604 0.308333 0.188542 0.116667
2 0.828125 0.284259 0.127083 0.050000
6 0.141988 0.844918 0.214089 0.250960
1 0.141988 0.757632 0.112500 0.042818
8 0.141667 0.879630 0.104167 0.133333
5 0.114062 0.851852 0.030208 0.037037
7 0.211745 0.750047 0.049575 0.024182
6 0.136727 0.253287 0.212883 0.242077
1 0.136727 0.168114 0.118106 0.040741
5 0.136979 0.289815 0.057292 0.116667
2 0.132292 0.275926 0.029167 0.074074
