1 0.223812 0.065733 0.397625 0.064800
6 0.631316 0.552893 0.224076 0.249816
1 0.645205 0.471254 0.154818 0.047880
2 0.633333 0.593519 0.197917 0.124074
0 0.867205 0.818352 0.215715 0.230394
1 0.867205 0.738340 0.134667 0.040741
7 0.866667 0.845370 0.091667 0.116667
2 0.846875 0.850926 0.035417 0.072222
6 0.132265 0.535137 0.218170 0.242396
1 0.132265 0.453202 0.112500 0.046810
2 0.133333 0.572222 0.191667 0.122222
0 0.125880 0.834689 0.214982 0.232457
1 0.125880 0.758361 0.161122 0.042085
2 0.127083 0.867593 0.191667 0.120370
7 0.195706 0.753659 0.050330 0.033360
0 0.864918 0.547826 0.214492 0.229157
1 0.871513 0.472300 0.161659 0.042025
2 0.866146 0.583333 0.186458 0.107407
4 0.888542 0.598148 0.120833 0.059259
6 0.383368 0.278665 0.219632 0.246723
1 0.423975 0.194084 0.117586 0.048904
7 0.384375 0.314815 0.079167 0.100000
0 0.381398 0.839274 0.209597 0.234380
1 0.376591 0.763591 0.112500 0.046265
5 0.381250 0.880556 0.079167 0.101852
7 0.453146 0.755783 0.041100 0.030360
6 0.611804 0.831493 0.225960 0.233976
1 0.657290 0.757181 0.114155 0.045548
6 0.614583 0.862037 0.197917 0.116667
6 0.661979 0.837963 0.030208 0.038889
6 0.849759 0.259308 0.219213 0.232695
1 0.849759 0.180505 0.112500 0.040741
2 0.852604 0.291667 0.186458 0.116667
6 0.851562 0.284259 0.015625 0.061111
0 0.130531 0.270382 0.208651 0.236111
1 0.130531 0.186158 0.112500 0.041060
2 0.131771 0.298148 0.178125 0.118519
6 0.600289 0.266745 0.208592 0.230899
1 0.632422 0.187216 0.123493 0.040741
7 0.599479 0.289815 0.086458 0.109259
7 0.672937 0.183393 0.038297 0.027158
0 0.379932 0.551751 0.225798 0.231821
1 0.379932 0.473267 0.137510 0.044783
2 0.379688 0.580556 0.192708 0.124074
