1 0.500000 0.065315 0.520000 0.071371
0 0.848486 0.534339 0.223792 0.245017
1 0.848486 0.452734 0.152350 0.041966
6 0.848437 0.564815 0.192708 0.118519
5 0.900521 0.527778 0.032292 0.033333
6 0.855902 0.255157 0.213561 0.228299
1 0.835845 0.179242 0.152615 0.041797
2 0.853646 0.282407 0.186458 0.120370
7 0.820833 0.245370 0.025000 0.031481
6 0.388712 0.822052 0.222160 0.246250
1 0.366356 0.739338 0.120789 0.040741
2 0.390104 0.859259 0.198958 0.129630
7 0.464036 0.733017 0.046514 0.031143
6 0.145259 0.833883 0.225842 0.249341
1 0.145259 0.744714 0.175614 0.045052
7 0.143229 0.863889 0.109375 0.138889
7 0.159896 0.899074 0.028125 0.035185
0 0.610494 0.277391 0.217245 0.239144
1 0.610494 0.198407 0.149051 0.040741
7 0.609375 0.317593 0.083333 0.105556
3 0.627604 0.311111 0.040625 0.048148
6 0.862389 0.816193 0.210338 0.227837
1 0.844881 0.735702 0.126193 0.040741
2 0.863021 0.848148 0.182292 0.107407
0 0.629814 0.530295 0.220676 0.227063
1 0.629814 0.452739 0.162487 0.042263
4 0.630729 0.562037 0.196875 0.101852
2 0.582812 0.535185 0.088542 0.037037
0 0.383415 0.253326 0.210494 0.234694
1 0.375464 0.175771 0.159555 0.040741
7 0.381250 0.279630 0.093750 0.118519
7 0.455332 0.171344 0.041661 0.033694
6 0.144190 0.541756 0.213646 0.238601
1 0.116608 0.456838 0.137650 0.040741
1 0.146875 0.570370 0.095833 0.122222
6 0.614558 0.849298 0.222947 0.250936
1 0.614558 0.759077 0.112500 0.040741
6 0.615625 0.881481 0.200000 0.133333
0 0.124220 0.275989 0.210624 0.231245
1 0.105236 0.201079 0.112500 0.040741
2 0.122917 0.309259 0.175000 0.103704
0 0.373897 0.559182 0.220629 0.251122
1 0.381370 0.472987 0.164698 0.040741
6 0.372917 0.589815 0.189583 0.127778
