1 0.500000 0.066557 0.520000 0.073854
6 0.607927 0.540977 0.220825 0.234266
1 0.607927 0.460901 0.168767 0.044416
2 0.610417 0.575000 0.189583 0.105556
6 0.851663 0.546322 0.210441 0.232037
1 0.824646 0.467155 0.112500 0.040741
2 0.851042 0.582407 0.177083 0.116667
6 0.612612 0.811130 0.208161 0.227028
1 0.612612 0.740034 0.112500 0.045125
5 0.612500 0.846296 0.066667 0.085185
6 0.619271 0.862037 0.023958 0.031481
6 0.122385 0.821802 0.210657 0.253983
1 0.122385 0.730061 0.120372 0.043455
6 0.118750 0.849074 0.183333 0.142593
7 0.190853 0.730774 0.048722 0.034891
6 0.843976 0.825635 0.207966 0.239288
1 0.843976 0.744705 0.112500 0.044481
7 0.843229 0.864815 0.084375 0.107407
6 0.382547 0.256806 0.216744 0.245460
1 0.376043 0.170142 0.159380 0.040741
2 0.383854 0.292593 0.190625 0.133333
0 0.376562 0.820096 0.222409 0.239012
1 0.412394 0.739372 0.112500 0.042530
2 0.377083 0.857407 0.189583 0.111111
6 0.416667 0.862037 0.039583 0.050000
6 0.864295 0.270451 0.226295 0.242169
1 0.864295 0.188575 0.142042 0.042591
2 0.863021 0.304630 0.198958 0.127778
7 0.937306 0.179829 0.055274 0.023886
0 0.128129 0.261450 0.209305 0.243456
1 0.127422 0.174352 0.155483 0.040741
1 0.129688 0.291667 0.086458 0.109259
7 0.198606 0.177949 0.043351 0.039418
0 0.388435 0.542337 0.226008 0.238749
1 0.388435 0.456403 0.151045 0.040741
5 0.392188 0.575926 0.086458 0.111111
6 0.380729 0.556481 0.034375 0.042593
7 0.457685 0.458047 0.062508 0.033131
6 0.616589 0.262992 0.226131 0.249411
1 0.630905 0.182442 0.168901 0.049164
4 0.614583 0.298148 0.193750 0.133333
6 0.120599 0.558457 0.211986 0.237657
1 0.120599 0.479094 0.162461 0.040741
6 0.121354 0.590741 0.188542 0.107407
2 0.096875 0.608333 0.122917 0.057407
7 0.188840 0.470590 0.050503 0.024886
