1 0.500000 0.125071 0.640000 0.056433
6 0.864012 0.542082 0.226226 0.231420
1 0.864012 0.462611 0.132565 0.042940
2 0.864062 0.571296 0.198958 0.116667
6 0.853663 0.256426 0.209671 0.236029
1 0.817953 0.177547 0.117418 0.045566
4 0.854167 0.290741 0.177083 0.118519
7 0.925937 0.176760 0.040123 0.039659
6 0.615767 0.833647 0.213119 0.252317
1 0.604058 0.747876 0.157594 0.043979
4 0.616146 0.868519 0.188542 0.122222
5 0.652604 0.855556 0.032292 0.040741
6 0.603474 0.267419 0.210931 0.252084
1 0.603474 0.176449 0.117947 0.040741
2 0.603646 0.299074 0.173958 0.146296
5 0.650000 0.258333 0.033333 0.042593
6 0.374135 0.550465 0.210463 0.240809
1 0.374135 0.469341 0.150549 0.040741
2 0.373437 0.580556 0.176042 0.131481
2 0.338021 0.564815 0.094792 0.077778
0 0.855792 0.840357 0.211344 0.248409
1 0.868942 0.757962 0.151299 0.044306
2 0.856250 0.875000 0.177083 0.138889
7 0.915250 0.749231 0.067428 0.029121
6 0.620225 0.559565 0.208944 0.244380
1 0.620225 0.471925 0.146488 0.041110
2 0.619792 0.588889 0.185417 0.140741
7 0.564583 0.549074 0.027083 0.035185
7 0.685104 0.467264 0.054185 0.022741
6 0.377758 0.818298 0.209480 0.248931
1 0.395726 0.732105 0.132766 0.046938
5 0.377083 0.855556 0.093750 0.118519
2 0.373958 0.859259 0.047917 0.070370
0 0.141099 0.830263 0.213155 0.237436
1 0.124539 0.747243 0.151818 0.040741
7 0.143750 0.861111 0.093750 0.118519
7 0.142708 0.854630 0.020833 0.027778
6 0.138418 0.251837 0.221993 0.241773
1 0.119657 0.166562 0.163637 0.040741
2 0.135417 0.284259 0.191667 0.120370
1 0.105208 0.315741 0.112500 0.009259
0 0.133919 0.533363 0.208743 0.228432
1 0.133919 0.454556 0.112500 0.041530
2 0.132292 0.562037 0.179167 0.116667
0 0.364052 0.273044 0.217583 0.249314
1 0.389675 0.185481 0.140530 0.042260
7 0.364583 0.309259 0.095833 0.122222
