1 0.500000 0.077282 0.520000 0.095305
6 0.364772 0.277792 0.215881 0.251115
1 0.400336 0.189515 0.123920 0.040741
2 0.363542 0.306481 0.189583 0.142593
0 0.371890 0.816422 0.225603 0.231822
1 0.371890 0.740017 0.138160 0.040741
7 0.372917 0.843519 0.083333 0.105556
0 0.134490 0.541032 0.209073 0.229169
1 0.167090 0.462546 0.119754 0.043559
3 0.131771 0.568519 0.182292 0.111111
6 0.099479 0.563889 0.038542 0.050000
6 0.378204 0.554116 0.216085 0.246254
1 0.355984 0.468717 0.150811 0.045350
4 0.377604 0.588889 0.184375 0.133333
0 0.854665 0.807993 0.221009 0.231974
1 0.854665 0.732315 0.112500 0.040741
2 0.856250 0.843519 0.191667 0.120370
3 0.827083 0.855556 0.122917 0.051852
7 0.933045 0.730010 0.039250 0.038971
6 0.143326 0.263323 0.215682 0.254155
1 0.133710 0.180109 0.160504 0.048061
2 0.145833 0.300000 0.183333 0.122222
7 0.216701 0.169310 0.043933 0.029093
0 0.623481 0.284250 0.208917 0.250858
1 0.623481 0.199128 0.114738 0.045663
1 0.623958 0.325000 0.100000 0.127778
2 0.620833 0.329630 0.041667 0.048148
0 0.627194 0.560245 0.217155 0.237352
1 0.627194 0.477162 0.141129 0.040741
6 0.627083 0.593519 0.193750 0.112963
7 0.698877 0.480017 0.048790 0.039860
6 0.136449 0.840756 0.210999 0.252594
1 0.136449 0.752776 0.112604 0.040741
6 0.133854 0.875926 0.182292 0.137037
8 0.095833 0.839815 0.025000 0.031481
7 0.197194 0.745994 0.064510 0.026035
6 0.849833 0.257678 0.215511 0.240755
1 0.808744 0.173729 0.112500 0.046494
2 0.848958 0.288889 0.193750 0.118519
0 0.616125 0.828522 0.216162 0.245612
1 0.582544 0.742535 0.112500 0.040741
5 0.615104 0.859259 0.098958 0.125926
0 0.868081 0.552542 0.224126 0.246318
1 0.868081 0.466827 0.164662 0.043395
7 0.869792 0.590741 0.087500 0.111111
