1 0.676104 0.068427 0.303694 0.070188
0 0.623100 0.808321 0.222144 0.231676
1 0.615733 0.734840 0.142472 0.046021
2 0.622917 0.850000 0.187500 0.107407
7 0.696132 0.725217 0.051082 0.028430
0 0.132930 0.820257 0.214454 0.246736
1 0.132930 0.737336 0.112500 0.048548
2 0.133854 0.853704 0.182292 0.137037
0 0.850345 0.275736 0.219160 0.243421
1 0.893258 0.193907 0.112500 0.048651
5 0.850521 0.312037 0.080208 0.101852
6 0.856771 0.312037 0.044792 0.057407
6 0.608316 0.539923 0.218626 0.250935
1 0.637679 0.453204 0.112500 0.042713
7 0.610417 0.572222 0.087500 0.111111
6 0.864539 0.546840 0.211647 0.235683
1 0.833994 0.466773 0.112500 0.040741
6 0.863021 0.573148 0.178125 0.127778
2 0.818750 0.558333 0.070833 0.057407
7 0.937036 0.461332 0.041654 0.027629
0 0.377782 0.528036 0.213837 0.230019
1 0.377782 0.451643 0.131419 0.040741
1 0.380208 0.556481 0.083333 0.105556
7 0.369792 0.527778 0.020833 0.025926
7 0.451737 0.446389 0.040928 0.029689
6 0.137581 0.276034 0.218585 0.231694
1 0.169314 0.199849 0.129366 0.040741
6 0.137500 0.312963 0.195833 0.118519
7 0.210273 0.196413 0.048201 0.035414
6 0.604761 0.259258 0.212564 0.238928
1 0.609904 0.179223 0.123094 0.045576
2 0.601562 0.291667 0.182292 0.112963
6 0.601042 0.290741 0.037500 0.048148
6 0.133635 0.561738 0.220318 0.252362
1 0.092952 0.470837 0.118117 0.044274
7 0.137500 0.593519 0.095833 0.120370
2 0.117708 0.620370 0.037500 0.055556
0 0.368564 0.821123 0.221272 0.239421
1 0.368564 0.735246 0.112500 0.040741
2 0.367708 0.849074 0.189583 0.131481
2 0.331771 0.818519 0.101042 0.055556
6 0.373680 0.260582 0.218694 0.226022
1 0.373680 0.185501 0.168405 0.040741
6 0.371875 0.287963 0.185417 0.109259
0 0.869698 0.811396 0.221438 0.240968
1 0.906950 0.725632 0.112861 0.040741
2 0.872396 0.843519 0.194792 0.116667
4 0.891146 0.858333 0.128125 0.046296
7 0.945150 0.722506 0.045533 0.026149
