1 0.500000 0.074276 0.380000 0.060393
0 0.128924 0.269464 0.214778 0.240930
1 0.128924 0.189034 0.154555 0.040741
2 0.130208 0.304630 0.181250 0.124074
0 0.603511 0.544668 0.208318 0.232073
1 0.597074 0.466264 0.150205 0.041367
2 0.605208 0.575000 0.177083 0.105556
2 0.600521 0.583333 0.086458 0.066667
7 0.667721 0.463319 0.054898 0.032338
0 0.142164 0.841736 0.212118 0.250402
1 0.142164 0.752636 0.154801 0.040741
6 0.144271 0.879630 0.186458 0.137037
7 0.217223 0.747933 0.037002 0.025760
6 0.123681 0.556637 0.218954 0.250206
1 0.123681 0.471961 0.147233 0.042206
2 0.122917 0.594444 0.189583 0.125926
3 0.158333 0.582407 0.104167 0.068519
7 0.197982 0.462807 0.045353 0.025508
6 0.391028 0.821821 0.225238 0.234188
1 0.412622 0.743440 0.161217 0.040741
8 0.395313 0.859259 0.090625 0.114815
6 0.395313 0.849074 0.038542 0.050000
6 0.376913 0.270857 0.223334 0.251463
1 0.371495 0.180822 0.146049 0.040741
6 0.377083 0.306481 0.191667 0.131481
1 0.333333 0.347222 0.025000 0.031481
0 0.855048 0.269549 0.216291 0.239122
1 0.843596 0.190135 0.118722 0.044661
2 0.855208 0.302778 0.181250 0.131481
0 0.372160 0.538788 0.221538 0.243989
1 0.380518 0.460481 0.171921 0.047911
8 0.371354 0.574074 0.092708 0.118519
0 0.622572 0.276823 0.221359 0.252592
1 0.622572 0.191161 0.119340 0.046422
4 0.621354 0.312963 0.194792 0.125926
7 0.694083 0.188328 0.053338 0.038565
0 0.866661 0.527076 0.213911 0.230635
1 0.866661 0.448806 0.112500 0.040741
5 0.865625 0.558333 0.085417 0.109259
6 0.867188 0.581481 0.038542 0.048148
0 0.858357 0.842743 0.209126 0.240313
1 0.868323 0.757785 0.162013 0.040786
2 0.860417 0.868519 0.177083 0.122222
7 0.919219 0.752273 0.062402 0.022336
6 0.600957 0.828182 0.208576 0.251446
1 0.619387 0.740827 0.150414 0.049212
2 0.601562 0.868519 0.173958 0.125926
