1 0.500000 0.067543 0.520000 0.075826
6 0.607705 0.813878 0.224194 0.235056
1 0.607705 0.731140 0.131741 0.040741
2 0.610417 0.848148 0.193750 0.129630
7 0.676957 0.733957 0.060691 0.038178
0 0.854433 0.252996 0.209494 0.243331
1 0.888273 0.170575 0.112500 0.040741
2 0.851042 0.279630 0.181250 0.133333
2 0.813021 0.291667 0.084375 0.057407
7 0.924784 0.168592 0.043792 0.037487
6 0.847238 0.550075 0.215972 0.250048
1 0.888557 0.460094 0.112500 0.040741
2 0.847917 0.581481 0.191667 0.122222
5 0.891146 0.600000 0.032292 0.040741
6 0.122572 0.554584 0.218409 0.240229
1 0.158980 0.473968 0.119443 0.042223
2 0.122917 0.583333 0.185417 0.122222
6 0.135215 0.283381 0.210262 0.253911
1 0.115502 0.194811 0.148449 0.041343
6 0.131250 0.314815 0.181250 0.140741
0 0.389761 0.261275 0.224641 0.249843
1 0.417005 0.176628 0.149319 0.047853
2 0.389062 0.298148 0.192708 0.114815
2 0.342187 0.304630 0.084375 0.053704
6 0.849244 0.832659 0.217430 0.236103
1 0.849244 0.752693 0.112500 0.044548
4 0.846354 0.866667 0.190625 0.107407
2 0.881250 0.857407 0.102083 0.048148
7 0.927302 0.750123 0.036313 0.033993
6 0.620135 0.262555 0.221144 0.226483
1 0.620135 0.185176 0.147595 0.044703
8 0.621875 0.295370 0.077083 0.098148
7 0.604688 0.320370 0.017708 0.022222
6 0.627097 0.542089 0.226109 0.230683
1 0.627097 0.466479 0.156054 0.045924
6 0.627083 0.571296 0.191667 0.109259
6 0.371980 0.566472 0.224808 0.248415
1 0.396496 0.482513 0.122282 0.040741
2 0.368229 0.592593 0.196875 0.133333
6 0.368909 0.840921 0.214929 0.243037
1 0.353959 0.756742 0.137897 0.047454
7 0.371875 0.876852 0.089583 0.112963
7 0.442296 0.755484 0.043154 0.035127
6 0.131510 0.830340 0.220862 0.240204
1 0.131510 0.746671 0.155653 0.042825
2 0.132812 0.865741 0.186458 0.120370
5 0.083854 0.893519 0.034375 0.042593
