1 0.500000 0.139170 0.640000 0.059474
6 0.136291 0.833244 0.222612 0.233392
1 0.154933 0.758103 0.146370 0.046032
4 0.140104 0.865741 0.194792 0.101852
0 0.379771 0.273622 0.222012 0.232533
1 0.423935 0.193457 0.112851 0.041976
2 0.380208 0.300000 0.197917 0.122222
7 0.442983 0.190768 0.070587 0.029787
6 0.867728 0.837250 0.215265 0.233722
1 0.867728 0.761067 0.153690 0.040741
6 0.866146 0.866667 0.190625 0.118519
6 0.851669 0.281918 0.217813 0.254977
1 0.893909 0.190533 0.112500 0.045115
6 0.853125 0.312037 0.185417 0.127778
7 0.919410 0.184767 0.057330 0.023637
6 0.376324 0.546181 0.215710 0.227270
1 0.386518 0.466548 0.140804 0.041034
7 0.378125 0.575000 0.079167 0.101852
6 0.609886 0.823228 0.225392 0.253070
1 0.616919 0.739387 0.154392 0.045849
8 0.608333 0.862963 0.093750 0.118519
7 0.679817 0.731349 0.060530 0.032277
6 0.621412 0.556307 0.224830 0.245221
1 0.621412 0.469801 0.158018 0.040741
4 0.619271 0.587963 0.192708 0.127778
7 0.624479 0.581481 0.023958 0.029630
0 0.853258 0.554235 0.211282 0.250611
1 0.867956 0.468759 0.160253 0.048862
5 0.852083 0.588889 0.114583 0.114815
7 0.923623 0.463442 0.045553 0.031988
0 0.129075 0.270850 0.216977 0.231534
1 0.129075 0.191183 0.160014 0.040741
2 0.131771 0.301852 0.184375 0.114815
2 0.172396 0.307407 0.088542 0.051852
6 0.609333 0.273397 0.208098 0.252747
1 0.627861 0.187240 0.150210 0.043773
5 0.609375 0.300000 0.095833 0.122222
7 0.684078 0.181329 0.033608 0.031574
6 0.379920 0.809731 0.215779 0.229128
1 0.339539 0.732150 0.114185 0.043422
2 0.381771 0.837037 0.184375 0.111111
6 0.433333 0.834259 0.045833 0.057407
6 0.137394 0.549468 0.213387 0.231539
1 0.137394 0.472935 0.143661 0.043802
2 0.138542 0.578704 0.183333 0.109259
