1 0.500000 0.135657 0.640000 0.072126
0 0.863547 0.836846 0.209921 0.241034
1 0.852671 0.752346 0.112500 0.040741
2 0.866146 0.875000 0.180208 0.124074
6 0.137429 0.822787 0.211402 0.241909
1 0.116978 0.741608 0.149666 0.045746
4 0.139583 0.861111 0.181250 0.125926
7 0.206585 0.740638 0.048088 0.040575
6 0.859432 0.268318 0.214125 0.230387
1 0.899828 0.187677 0.112500 0.040741
3 0.857812 0.304630 0.188542 0.116667
7 0.936465 0.186942 0.035059 0.030598
6 0.617533 0.549050 0.211611 0.248537
1 0.617533 0.467190 0.130403 0.049643
5 0.616667 0.580556 0.091667 0.116667
7 0.690713 0.459838 0.040249 0.033075
0 0.372153 0.540932 0.219623 0.234085
1 0.372153 0.461967 0.144711 0.040741
7 0.371354 0.569444 0.088542 0.112963
6 0.620891 0.850211 0.215861 0.254975
1 0.660533 0.761383 0.115743 0.043483
6 0.623958 0.886111 0.185417 0.135185
0 0.377715 0.258688 0.212195 0.232945
1 0.417146 0.182514 0.112500 0.040741
2 0.376563 0.289815 0.186458 0.109259
0 0.136418 0.562467 0.212467 0.240765
1 0.151185 0.481238 0.162100 0.046105
3 0.135937 0.601852 0.178125 0.122222
4 0.092708 0.629630 0.079167 0.059259
7 0.197338 0.480850 0.065627 0.040494
0 0.866562 0.542590 0.220394 0.229222
1 0.850195 0.464020 0.122997 0.040741
2 0.866146 0.576852 0.188542 0.105556
6 0.141012 0.263839 0.209464 0.235714
1 0.173301 0.187930 0.112500 0.045587
5 0.143229 0.300926 0.080208 0.101852
2 0.130729 0.312037 0.036458 0.035185
6 0.379406 0.825268 0.217100 0.230707
1 0.379406 0.751585 0.130652 0.045606
5 0.376563 0.863889 0.067708 0.087037
2 0.366146 0.857407 0.034375 0.048148
6 0.612334 0.259832 0.208588 0.255501
1 0.612334 0.169229 0.143189 0.040741
5 0.613021 0.288889 0.101042 0.129630
2 0.628646 0.275000 0.053125 0.064815
