1 0.207094 0.071478 0.364189 0.076289
6 0.386759 0.558722 0.225472 0.234156
1 0.386596 0.481846 0.154901 0.040741
2 0.385937 0.594444 0.194792 0.107407
6 0.429688 0.586111 0.036458 0.046296
6 0.140742 0.827064 0.210906 0.251386
1 0.110437 0.744678 0.129463 0.048264
2 0.140625 0.870370 0.185417 0.125926
0 0.369517 0.812314 0.210107 0.241114
1 0.337299 0.727668 0.124837 0.040741
2 0.368750 0.842593 0.183333 0.133333
6 0.856416 0.557676 0.208250 0.250124
1 0.884777 0.474082 0.130694 0.044402
2 0.857812 0.594444 0.180208 0.118519
0 0.137813 0.548525 0.223998 0.234832
1 0.183146 0.466713 0.112500 0.042110
5 0.137500 0.575000 0.085417 0.109259
6 0.612492 0.263681 0.223453 0.235666
1 0.612492 0.182886 0.112500 0.044090
4 0.612500 0.291667 0.187500 0.120370
2 0.642708 0.283333 0.097917 0.051852
0 0.600872 0.530010 0.208730 0.238493
1 0.591524 0.445003 0.142187 0.040741
2 0.600000 0.557407 0.177083 0.125926
6 0.846723 0.275588 0.218173 0.249749
1 0.846723 0.185638 0.162676 0.040741
5 0.846354 0.310185 0.088542 0.112963
6 0.833333 0.325000 0.037500 0.046296
7 0.915780 0.187481 0.055060 0.036499
0 0.628243 0.817137 0.224312 0.228825
1 0.621768 0.743464 0.153694 0.041150
8 0.629167 0.847222 0.077083 0.098148
6 0.617708 0.837037 0.029167 0.037037
6 0.846249 0.838384 0.219800 0.242775
1 0.811082 0.755113 0.118095 0.044158
7 0.846354 0.865741 0.082292 0.105556
6 0.123720 0.277007 0.219187 0.240331
1 0.123720 0.191821 0.150737 0.043550
2 0.123958 0.307407 0.191667 0.122222
4 0.176563 0.316667 0.082292 0.055556
6 0.374093 0.249559 0.220009 0.226108
1 0.374093 0.172267 0.153186 0.040741
6 0.374479 0.274074 0.192708 0.118519
1 0.317708 0.298148 0.020833 0.025926
