1 0.754586 0.070936 0.367403 0.075205
6 0.143076 0.258204 0.221688 0.236817
1 0.145524 0.173720 0.166489 0.040741
2 0.140625 0.291667 0.191667 0.127778
6 0.382046 0.261171 0.208336 0.227639
1 0.351805 0.181311 0.127021 0.040741
6 0.382292 0.288889 0.179167 0.129630
6 0.863256 0.533181 0.221220 0.239657
1 0.847181 0.446952 0.153163 0.040741
8 0.863542 0.562963 0.100000 0.125926
6 0.621451 0.247481 0.217198 0.227975
1 0.627384 0.167022 0.142040 0.040741
7 0.619792 0.276852 0.091667 0.116667
7 0.695602 0.166036 0.043898 0.028049
6 0.123949 0.531535 0.210300 0.227217
1 0.117242 0.458617 0.139330 0.040741
8 0.127604 0.568519 0.078125 0.100000
3 0.115625 0.572222 0.041667 0.062963
7 0.195780 0.454142 0.041638 0.035395
0 0.149655 0.839406 0.224801 0.246737
1 0.195389 0.751605 0.112500 0.041690
8 0.150000 0.873148 0.097917 0.124074
6 0.166667 0.883333 0.041667 0.051852
0 0.624522 0.828509 0.213053 0.238396
1 0.624522 0.751484 0.124189 0.047566
7 0.627604 0.868519 0.084375 0.107407
4 0.629687 0.867593 0.048958 0.064815
7 0.688783 0.740710 0.059531 0.025761
0 0.865582 0.836568 0.222783 0.228310
1 0.865582 0.764323 0.112500 0.043915
6 0.864062 0.875000 0.196875 0.112963
2 0.861458 0.883333 0.091667 0.044444
6 0.867898 0.275586 0.216144 0.247344
1 0.867898 0.190741 0.129462 0.040741
3 0.869271 0.304630 0.182292 0.131481
7 0.932641 0.182965 0.061660 0.025065
6 0.602938 0.545041 0.210654 0.235003
1 0.564277 0.464898 0.112500 0.046439
7 0.605729 0.578704 0.094792 0.120370
2 0.611458 0.566667 0.060417 0.055556
7 0.674659 0.459652 0.042211 0.027188
6 0.384133 0.545013 0.215237 0.246455
1 0.384133 0.461961 0.112500 0.040741
4 0.385937 0.573148 0.186458 0.135185
0 0.377596 0.810632 0.220614 0.230259
1 0.367659 0.731428 0.157423 0.040741
5 0.376042 0.836111 0.091667 0.116667
