1 0.232608 0.075611 0.415216 0.084555
6 0.610254 0.253447 0.215003 0.240989
1 0.578059 0.170708 0.112500 0.040741
7 0.607292 0.284259 0.097917 0.124074
2 0.623958 0.261111 0.047917 0.059259
6 0.848466 0.826842 0.214608 0.235601
1 0.821615 0.742610 0.113589 0.040741
2 0.847396 0.853704 0.188542 0.129630
2 0.871875 0.833333 0.127083 0.074074
0 0.845927 0.262060 0.218598 0.229790
1 0.845927 0.184888 0.120908 0.045783
8 0.845313 0.289815 0.086458 0.109259
7 0.908832 0.180910 0.067788 0.030453
0 0.623530 0.556272 0.221208 0.241254
1 0.623530 0.474864 0.159143 0.047744
2 0.625521 0.591667 0.188542 0.112963
2 0.580729 0.596296 0.092708 0.070370
7 0.699006 0.474366 0.045256 0.040405
0 0.139621 0.552668 0.224424 0.227778
1 0.178627 0.478225 0.124645 0.040741
5 0.140625 0.584259 0.083333 0.105556
7 0.205315 0.469740 0.068036 0.024885
6 0.367436 0.556102 0.208461 0.253702
1 0.367436 0.468997 0.160062 0.044970
7 0.366146 0.590741 0.098958 0.125926
0 0.616694 0.850459 0.212760 0.254566
1 0.616694 0.759554 0.114328 0.040741
2 0.620313 0.885185 0.184375 0.137037
0 0.866501 0.562577 0.211878 0.254492
1 0.838872 0.474018 0.112500 0.040741
6 0.864583 0.596296 0.185417 0.129630
6 0.367761 0.286182 0.224382 0.250369
1 0.393903 0.204209 0.151264 0.045721
4 0.364583 0.323148 0.195833 0.131481
0 0.122855 0.278355 0.212359 0.241458
1 0.122855 0.195185 0.112500 0.040741
2 0.121354 0.312963 0.178125 0.114815
2 0.151042 0.326852 0.089583 0.061111
6 0.138781 0.831325 0.222033 0.243471
1 0.121812 0.746419 0.148283 0.040741
2 0.137500 0.860185 0.197917 0.138889
0 0.370411 0.835005 0.213559 0.237434
1 0.370411 0.753317 0.138772 0.040741
2 0.367188 0.862037 0.184375 0.131481
7 0.432191 0.748757 0.064999 0.027901
