1 0.789550 0.066744 0.362195 0.066820
0 0.847424 0.243899 0.215495 0.229260
1 0.822686 0.165913 0.133257 0.040741
2 0.846875 0.274074 0.181250 0.111111
2 0.842708 0.269444 0.075000 0.064815
6 0.380695 0.838740 0.225030 0.230938
1 0.338347 0.760681 0.119500 0.040741
5 0.377604 0.868519 0.078125 0.100000
0 0.377529 0.267294 0.220827 0.229774
1 0.420603 0.189242 0.112500 0.040741
6 0.375000 0.302778 0.189583 0.109259
4 0.333333 0.300926 0.100000 0.061111
6 0.857632 0.539508 0.225874 0.254353
1 0.853566 0.455051 0.138497 0.049290
4 0.858333 0.573148 0.193750 0.131481
0 0.142090 0.535551 0.225556 0.233243
1 0.095978 0.454387 0.112500 0.041220
2 0.143750 0.562963 0.197917 0.122222
6 0.128803 0.249330 0.213267 0.236006
1 0.128803 0.173702 0.112500 0.046415
2 0.127604 0.286111 0.178125 0.120370
0 0.623366 0.253281 0.224570 0.245075
1 0.621180 0.165458 0.159338 0.041217
6 0.620833 0.288889 0.195833 0.137037
6 0.590625 0.309259 0.037500 0.048148
6 0.371301 0.547411 0.224745 0.254326
1 0.371301 0.458186 0.174830 0.047003
2 0.373958 0.586111 0.195833 0.131481
1 0.325521 0.611111 0.026042 0.033333
7 0.439322 0.455074 0.063703 0.032615
6 0.615345 0.843147 0.222342 0.242919
1 0.600046 0.759802 0.134380 0.040741
8 0.618750 0.876852 0.093750 0.120370
8 0.616146 0.867593 0.021875 0.027778
0 0.608728 0.537562 0.217817 0.247170
1 0.574414 0.452601 0.112500 0.040741
2 0.605208 0.575000 0.189583 0.135185
2 0.565104 0.594444 0.084375 0.066667
7 0.670293 0.450784 0.069688 0.036577
6 0.842464 0.823284 0.208441 0.249453
1 0.842464 0.738122 0.131426 0.042717
8 0.842187 0.857407 0.092708 0.118519
7 0.907739 0.734401 0.052891 0.034650
0 0.145618 0.834306 0.221689 0.252834
1 0.112718 0.747592 0.135057 0.040741
3 0.146875 0.861111 0.187500 0.140741
