1 0.500000 0.086137 0.380000 0.067706
0 0.371231 0.824995 0.210358 0.246877
1 0.371231 0.739495 0.159532 0.044874
4 0.372917 0.854630 0.181250 0.131481
0 0.623969 0.553364 0.226223 0.232300
1 0.603257 0.477029 0.163966 0.042907
2 0.622917 0.585185 0.191667 0.111111
6 0.376019 0.266346 0.225263 0.228611
1 0.399202 0.192021 0.121065 0.040741
2 0.377083 0.292593 0.193750 0.111111
7 0.452320 0.190328 0.047661 0.039539
0 0.608192 0.265543 0.212394 0.231496
1 0.589294 0.183532 0.153765 0.040741
6 0.609375 0.296296 0.177083 0.122222
0 0.861915 0.546394 0.220938 0.242567
1 0.861915 0.465843 0.149528 0.046175
1 0.864062 0.581481 0.194792 0.014815
3 0.808854 0.594444 0.080208 0.025926
7 0.926836 0.460916 0.066096 0.034575
6 0.860545 0.266741 0.210902 0.226391
1 0.821761 0.195803 0.112500 0.045154
7 0.858854 0.302778 0.071875 0.090741
6 0.137735 0.538828 0.210112 0.249750
1 0.119016 0.453211 0.151840 0.047999
2 0.136458 0.577778 0.185417 0.133333
2 0.102083 0.562037 0.097917 0.083333
6 0.148149 0.252906 0.223604 0.238064
1 0.189201 0.170062 0.120665 0.045043
8 0.151562 0.288889 0.086458 0.111111
6 0.140833 0.807333 0.211023 0.228889
1 0.140833 0.728043 0.112500 0.040741
3 0.137500 0.836111 0.181250 0.120370
0 0.859894 0.816668 0.213230 0.244766
1 0.859894 0.728184 0.116157 0.040741
2 0.859375 0.850000 0.183333 0.133333
2 0.892188 0.842593 0.092708 0.074074
7 0.921325 0.727980 0.065369 0.030354
0 0.611945 0.837393 0.208132 0.228278
1 0.611945 0.759157 0.128196 0.040741
2 0.608854 0.871296 0.178125 0.101852
6 0.586979 0.858333 0.038542 0.050000
7 0.680482 0.761831 0.046057 0.040117
0 0.369806 0.548659 0.219983 0.233720
1 0.365755 0.470685 0.160104 0.045413
2 0.372917 0.580556 0.191667 0.116667
2 0.346875 0.596296 0.120833 0.048148
7 0.447504 0.462747 0.039585 0.024860
