1 0.500000 0.068140 0.520000 0.077020
6 0.848692 0.256681 0.224155 0.238604
1 0.848692 0.174784 0.147238 0.040741
2 0.849479 0.289815 0.198958 0.112963
0 0.610396 0.259277 0.212985 0.230427
1 0.610396 0.180771 0.112500 0.044456
5 0.610938 0.290741 0.051042 0.103704
3 0.615625 0.298148 0.029167 0.044444
6 0.371919 0.541398 0.212159 0.246691
1 0.347408 0.454911 0.142302 0.044627
6 0.373437 0.569444 0.182292 0.138889
7 0.445939 0.451534 0.039119 0.029926
6 0.139822 0.834415 0.215026 0.234567
1 0.106378 0.754644 0.127305 0.040741
2 0.137500 0.873148 0.185417 0.112963
6 0.612449 0.555726 0.226235 0.249796
1 0.612449 0.468428 0.132532 0.040741
3 0.611979 0.588889 0.192708 0.133333
7 0.579688 0.551852 0.026042 0.033333
0 0.612169 0.837092 0.221946 0.234547
1 0.620809 0.753903 0.160046 0.040741
6 0.610938 0.869444 0.198958 0.124074
0 0.362139 0.815486 0.211262 0.233951
1 0.332039 0.731916 0.130227 0.040741
5 0.361979 0.842593 0.119792 0.118519
6 0.122365 0.564009 0.211037 0.243097
1 0.122365 0.482600 0.116580 0.042941
2 0.122917 0.592593 0.183333 0.129630
7 0.183437 0.480734 0.063893 0.039511
6 0.857133 0.563448 0.219408 0.246383
1 0.857133 0.477427 0.131918 0.041923
7 0.857292 0.592593 0.095833 0.122222
6 0.860417 0.587963 0.047917 0.061111
0 0.865239 0.821248 0.216301 0.251415
1 0.823755 0.732556 0.112500 0.046237
5 0.866667 0.850000 0.102083 0.129630
1 0.889062 0.890741 0.026042 0.033333
7 0.929810 0.725852 0.062159 0.023586
6 0.373539 0.277480 0.214854 0.252362
1 0.373539 0.186849 0.140068 0.040741
2 0.373958 0.306481 0.187500 0.131481
6 0.413021 0.294444 0.048958 0.062963
0 0.133424 0.256014 0.214230 0.245720
1 0.133424 0.172544 0.132262 0.040741
2 0.132292 0.292593 0.189583 0.125926
5 0.077604 0.256481 0.042708 0.042593
