1 0.500000 0.068329 0.380000 0.068187
0 0.864657 0.825746 0.216523 0.252340
1 0.850448 0.733202 0.114298 0.040741
6 0.866146 0.854630 0.186458 0.150000
6 0.612490 0.539389 0.218227 0.236661
1 0.613717 0.461199 0.162661 0.040741
7 0.612500 0.567593 0.085417 0.109259
2 0.615104 0.574074 0.051042 0.062963
7 0.684766 0.453621 0.048674 0.028088
0 0.602585 0.260825 0.208950 0.246120
1 0.602585 0.177491 0.144697 0.040741
2 0.604167 0.288889 0.185417 0.129630
3 0.583333 0.275926 0.122917 0.081481
7 0.675220 0.176521 0.038680 0.040475
6 0.139187 0.829131 0.208158 0.229352
1 0.123548 0.748833 0.112500 0.040741
2 0.140104 0.856481 0.184375 0.109259
6 0.377480 0.259907 0.213818 0.235714
1 0.377480 0.183014 0.112500 0.045118
6 0.375521 0.295370 0.186458 0.109259
0 0.852677 0.538221 0.216965 0.233069
1 0.852677 0.458676 0.146645 0.040741
4 0.853646 0.564815 0.182292 0.114815
5 0.893229 0.590741 0.030208 0.037037
6 0.853609 0.246847 0.223954 0.237112
1 0.836229 0.164048 0.112500 0.044822
2 0.856250 0.281481 0.193750 0.118519
2 0.891146 0.266667 0.117708 0.044444
7 0.924277 0.164678 0.057618 0.035739
0 0.618628 0.818414 0.221860 0.254214
1 0.607690 0.731007 0.136205 0.050470
7 0.619271 0.850000 0.098958 0.125926
7 0.689324 0.722469 0.055468 0.025288
6 0.374347 0.551488 0.220349 0.230959
1 0.341648 0.469718 0.129414 0.041285
6 0.374479 0.575926 0.190625 0.122222
6 0.129205 0.544027 0.209077 0.228288
1 0.129453 0.468799 0.162662 0.044477
7 0.130208 0.578704 0.083333 0.105556
6 0.135471 0.252215 0.220589 0.238668
1 0.135471 0.174761 0.112500 0.043674
2 0.135417 0.287963 0.195833 0.105556
2 0.182812 0.294444 0.088542 0.051852
6 0.383241 0.814585 0.214216 0.235771
1 0.342800 0.736651 0.112500 0.040741
8 0.380208 0.845370 0.097917 0.124074
7 0.456136 0.731960 0.043425 0.033485
