1 0.716150 0.074560 0.298084 0.082453
0 0.369436 0.549165 0.219614 0.232264
1 0.401597 0.470116 0.131922 0.040741
2 0.366667 0.582407 0.187500 0.112963
7 0.327604 0.612037 0.021875 0.027778
6 0.610861 0.252672 0.209655 0.237963
1 0.605471 0.172165 0.112500 0.040741
6 0.608854 0.287963 0.176042 0.127778
7 0.568229 0.257407 0.023958 0.029630
6 0.615961 0.555262 0.208262 0.239881
1 0.615961 0.469582 0.128691 0.041146
6 0.616667 0.589815 0.177083 0.124074
7 0.580729 0.623148 0.021875 0.027778
0 0.848258 0.541531 0.217152 0.239316
1 0.874436 0.462416 0.142621 0.040741
2 0.850000 0.573148 0.189583 0.131481
6 0.871249 0.273348 0.223276 0.226295
1 0.880765 0.199615 0.156435 0.040741
2 0.869792 0.303704 0.189583 0.100000
7 0.944099 0.193915 0.052578 0.030392
0 0.379768 0.269041 0.225547 0.249938
1 0.342190 0.185149 0.129558 0.045647
7 0.378646 0.305556 0.090625 0.114815
0 0.137342 0.840851 0.220452 0.238239
1 0.120815 0.756503 0.166210 0.041971
6 0.137500 0.871296 0.189583 0.124074
5 0.142708 0.875926 0.033333 0.033333
6 0.124820 0.545252 0.224385 0.226637
1 0.124820 0.467419 0.171674 0.042683
5 0.124479 0.578704 0.071875 0.090741
0 0.613461 0.818204 0.215918 0.243984
1 0.613461 0.736847 0.133052 0.047100
3 0.617188 0.852778 0.186458 0.131481
2 0.563021 0.885185 0.071875 0.044444
6 0.147508 0.265530 0.224769 0.244446
1 0.135494 0.180993 0.153002 0.040741
5 0.147396 0.299074 0.096875 0.124074
5 0.131250 0.271296 0.025000 0.031481
0 0.382618 0.812934 0.215411 0.231384
1 0.351860 0.734855 0.133059 0.040741
5 0.384375 0.846296 0.081250 0.103704
0 0.862907 0.817948 0.223130 0.253638
1 0.862907 0.733494 0.122272 0.048511
5 0.865104 0.850000 0.090625 0.114815
2 0.868229 0.857407 0.053125 0.070370
