1 0.769712 0.069485 0.325409 0.072303
0 0.616775 0.254632 0.211389 0.251226
1 0.641840 0.170289 0.140426 0.043491
5 0.618750 0.285185 0.097917 0.125926
7 0.690757 0.160708 0.038425 0.026340
6 0.629258 0.819383 0.220201 0.253335
1 0.597078 0.730372 0.125392 0.040741
2 0.630729 0.850926 0.188542 0.142593
2 0.657292 0.862963 0.118750 0.085185
6 0.125378 0.537359 0.209736 0.249810
1 0.146355 0.451041 0.136391 0.043779
6 0.123958 0.571296 0.177083 0.120370
0 0.618434 0.548757 0.219247 0.240708
1 0.653826 0.468008 0.127630 0.040741
2 0.618229 0.583333 0.192708 0.122222
5 0.556771 0.612963 0.034375 0.044444
6 0.138378 0.273509 0.209215 0.237515
1 0.138378 0.191150 0.154065 0.045652
4 0.135417 0.301852 0.181250 0.125926
7 0.171354 0.269444 0.023958 0.031481
7 0.201975 0.184614 0.057022 0.022688
0 0.863477 0.277745 0.219604 0.241123
1 0.854770 0.194503 0.149789 0.042905
2 0.860417 0.312963 0.189583 0.118519
7 0.894271 0.342593 0.023958 0.029630
6 0.843377 0.832766 0.210835 0.243331
1 0.861166 0.749196 0.119730 0.041454
2 0.841146 0.866667 0.182292 0.114815
0 0.372062 0.537389 0.222367 0.248746
1 0.372062 0.451492 0.112500 0.041992
2 0.370833 0.566667 0.197917 0.137037
7 0.444343 0.445428 0.052805 0.027787
6 0.860011 0.557380 0.223959 0.236817
1 0.867062 0.478718 0.163925 0.040741
1 0.860417 0.591667 0.093750 0.120370
0 0.376321 0.809740 0.219511 0.234288
1 0.361023 0.735067 0.168080 0.046722
3 0.377083 0.841667 0.185417 0.105556
7 0.446296 0.728057 0.054561 0.033885
6 0.374351 0.280649 0.210312 0.255134
1 0.374351 0.193348 0.129279 0.041576
5 0.375521 0.317593 0.094792 0.120370
5 0.400000 0.295370 0.027083 0.035185
6 0.125882 0.824553 0.208168 0.242224
1 0.163300 0.739902 0.112500 0.044380
2 0.124479 0.860185 0.178125 0.124074
1 0.122917 0.855556 0.085417 0.007407
7 0.187179 0.739277 0.060575 0.034635
