1 0.224718 0.077110 0.399435 0.087554
0 0.122100 0.811179 0.214790 0.226805
1 0.109436 0.731826 0.112500 0.040741
7 0.122396 0.846296 0.076042 0.096296
1 0.135417 0.878704 0.018750 0.024074
0 0.856167 0.823261 0.214355 0.240344
1 0.856167 0.738205 0.112500 0.040741
7 0.857812 0.847222 0.101042 0.127778
0 0.626413 0.828564 0.224873 0.239885
1 0.605846 0.748463 0.162907 0.040741
5 0.627083 0.856481 0.091667 0.116667
7 0.613542 0.825926 0.022917 0.029630
6 0.629675 0.540344 0.225408 0.253713
1 0.650621 0.449036 0.151831 0.040741
2 0.630208 0.571296 0.191667 0.124074
6 0.854799 0.281743 0.216779 0.251526
1 0.878387 0.196310 0.148771 0.042446
8 0.856250 0.309259 0.102083 0.129630
2 0.861979 0.311111 0.046875 0.048148
7 0.932008 0.192552 0.037361 0.036106
6 0.361747 0.837683 0.208298 0.237401
1 0.347660 0.754256 0.135103 0.040741
6 0.363542 0.870370 0.177083 0.122222
2 0.321875 0.886111 0.079167 0.072222
7 0.429831 0.756964 0.047129 0.038927
6 0.620671 0.271082 0.217665 0.237069
1 0.637150 0.192667 0.117361 0.041490
1 0.619792 0.300926 0.085417 0.109259
5 0.639062 0.289815 0.015625 0.031481
7 0.689977 0.190790 0.054052 0.039448
0 0.364235 0.533658 0.211347 0.243768
1 0.364235 0.451994 0.119944 0.047963
2 0.366146 0.568519 0.184375 0.122222
0 0.132968 0.251933 0.212989 0.232266
1 0.108111 0.172346 0.142443 0.043913
2 0.132292 0.285185 0.189583 0.118519
7 0.196071 0.167319 0.061782 0.026001
6 0.125811 0.539519 0.225047 0.230852
1 0.125811 0.462444 0.117581 0.044832
4 0.123438 0.578704 0.194792 0.109259
4 0.121875 0.575000 0.129167 0.046296
6 0.858037 0.549741 0.224636 0.244422
1 0.903131 0.470727 0.113614 0.048180
7 0.857812 0.582407 0.101042 0.127778
0 0.381244 0.265224 0.213243 0.237352
1 0.381244 0.184864 0.155716 0.040741
2 0.381771 0.296296 0.178125 0.125926
