1 0.500000 0.066588 0.380000 0.063649
0 0.868443 0.553195 0.220587 0.227535
1 0.868443 0.480929 0.112500 0.045178
1 0.868750 0.588889 0.072917 0.092593
6 0.362757 0.538477 0.214895 0.227048
1 0.329537 0.458620 0.127103 0.040741
6 0.360938 0.563889 0.188542 0.124074
2 0.316146 0.577778 0.073958 0.070370
0 0.609505 0.836035 0.225313 0.227759
1 0.586206 0.761284 0.157883 0.042843
4 0.610417 0.875000 0.195833 0.109259
0 0.364377 0.812169 0.215873 0.231052
1 0.347613 0.736175 0.161513 0.040741
2 0.368229 0.845370 0.186458 0.109259
6 0.132914 0.824638 0.221587 0.244792
1 0.139508 0.743485 0.112500 0.048574
2 0.133333 0.864815 0.187500 0.114815
5 0.186979 0.889815 0.034375 0.042593
7 0.206075 0.739919 0.050266 0.038317
0 0.866095 0.273084 0.226127 0.254783
1 0.894325 0.186841 0.148834 0.045579
2 0.867708 0.311111 0.195833 0.122222
7 0.939747 0.176774 0.053825 0.025126
0 0.606381 0.256350 0.209829 0.235271
1 0.609159 0.181023 0.112500 0.044352
6 0.607812 0.287963 0.180208 0.109259
6 0.137669 0.266624 0.222198 0.250699
1 0.137669 0.176987 0.112500 0.040741
4 0.136979 0.296296 0.196875 0.137037
7 0.217252 0.179249 0.038033 0.038913
0 0.604784 0.535720 0.210196 0.233207
1 0.604784 0.458414 0.120936 0.040741
7 0.605208 0.571296 0.077083 0.098148
5 0.588542 0.581481 0.012500 0.025926
0 0.380113 0.276824 0.218215 0.232727
1 0.380113 0.199260 0.136758 0.040741
4 0.380729 0.310185 0.186458 0.109259
2 0.379167 0.299074 0.118750 0.057407
6 0.130595 0.542552 0.220127 0.237317
1 0.087921 0.458641 0.113945 0.042646
3 0.129688 0.575926 0.190625 0.129630
0 0.856596 0.831069 0.212452 0.252244
1 0.820103 0.741708 0.112500 0.046622
2 0.859375 0.865741 0.181250 0.120370
