1 0.500000 0.076905 0.520000 0.094551
6 0.846567 0.249212 0.212723 0.237600
1 0.846567 0.170117 0.123102 0.040741
4 0.844792 0.285185 0.183333 0.129630
0 0.856457 0.536938 0.214616 0.250877
1 0.815815 0.451974 0.112500 0.047675
4 0.855729 0.570370 0.188542 0.133333
6 0.818229 0.548148 0.046875 0.059259
0 0.372312 0.274632 0.209293 0.228038
1 0.410085 0.196054 0.112913 0.040741
2 0.370312 0.303704 0.182292 0.111111
7 0.436511 0.196879 0.055894 0.035494
6 0.137815 0.270997 0.210695 0.254051
1 0.120622 0.183132 0.138742 0.041666
4 0.138021 0.307407 0.180208 0.140741
2 0.188542 0.331481 0.075000 0.077778
0 0.612872 0.282518 0.217653 0.249585
1 0.572519 0.196975 0.116113 0.040741
8 0.610938 0.310185 0.103125 0.131481
2 0.613021 0.310185 0.059375 0.075926
6 0.361491 0.843139 0.209048 0.240727
1 0.353454 0.762605 0.147758 0.040741
5 0.357812 0.876852 0.080208 0.101852
6 0.360969 0.537026 0.211418 0.249592
1 0.360969 0.449483 0.140333 0.042349
7 0.358854 0.564815 0.090625 0.114815
4 0.353646 0.577778 0.053125 0.070370
6 0.625256 0.836508 0.221582 0.238444
1 0.625256 0.755893 0.114375 0.042448
6 0.622917 0.862963 0.195833 0.118519
2 0.668229 0.843519 0.098958 0.064815
0 0.843826 0.840098 0.208468 0.255124
1 0.843826 0.753649 0.112500 0.050634
2 0.841146 0.875000 0.180208 0.138889
2 0.846354 0.884259 0.119792 0.061111
7 0.913520 0.745894 0.044081 0.029677
6 0.120229 0.553930 0.207823 0.250711
1 0.120229 0.467008 0.141836 0.040741
3 0.119792 0.593519 0.183333 0.135185
0 0.128387 0.815663 0.211533 0.240086
1 0.128387 0.735109 0.113710 0.042435
7 0.128125 0.852778 0.085417 0.109259
6 0.125521 0.845370 0.028125 0.035185
6 0.610863 0.547703 0.210712 0.246322
1 0.635149 0.468015 0.141308 0.047863
2 0.610938 0.587963 0.186458 0.112963
