1 0.704370 0.077748 0.348418 0.088829
6 0.840328 0.831231 0.208647 0.254725
1 0.840328 0.744508 0.158819 0.042650
6 0.838021 0.860185 0.182292 0.131481
3 0.843229 0.854630 0.090625 0.079630
7 0.907258 0.740947 0.049786 0.037120
6 0.138435 0.824532 0.212718 0.239584
1 0.134527 0.744705 0.146427 0.046241
1 0.139063 0.858333 0.088542 0.112963
7 0.198769 0.737913 0.067051 0.029309
6 0.145441 0.270546 0.216235 0.255154
1 0.163687 0.180012 0.157206 0.042267
2 0.146875 0.303704 0.187500 0.148148
4 0.121354 0.327778 0.121875 0.081481
6 0.362094 0.259650 0.210501 0.230292
1 0.374637 0.179061 0.133622 0.040741
6 0.360417 0.288889 0.185417 0.122222
2 0.356250 0.300000 0.079167 0.062963
6 0.377978 0.561916 0.226388 0.250357
1 0.377978 0.473285 0.168458 0.040741
6 0.377604 0.596296 0.205208 0.137037
6 0.861093 0.547424 0.218462 0.238594
1 0.861093 0.463608 0.151765 0.040741
2 0.861458 0.577778 0.189583 0.129630
5 0.923438 0.607407 0.032292 0.040741
0 0.608273 0.271081 0.214233 0.229402
1 0.648723 0.195772 0.112500 0.040741
2 0.607292 0.306481 0.189583 0.112963
2 0.637500 0.317593 0.118750 0.050000
0 0.145313 0.535377 0.223086 0.252090
1 0.145313 0.448341 0.133825 0.043628
2 0.146354 0.570370 0.192708 0.133333
2 0.147396 0.575926 0.080208 0.085185
6 0.603584 0.552725 0.216365 0.252872
1 0.599358 0.459752 0.131550 0.040741
6 0.605208 0.581481 0.189583 0.129630
6 0.862150 0.279788 0.214422 0.239799
1 0.856845 0.196184 0.152945 0.040741
6 0.860417 0.312963 0.181250 0.114815
6 0.381730 0.837655 0.208902 0.253711
1 0.381730 0.752539 0.123159 0.043552
2 0.381771 0.871296 0.182292 0.124074
6 0.425000 0.903704 0.035417 0.044444
0 0.612622 0.830214 0.222451 0.241910
1 0.643624 0.746208 0.128944 0.040741
2 0.614062 0.860185 0.192708 0.142593
5 0.666146 0.893519 0.028125 0.035185
