1 0.500000 0.130341 0.640000 0.061486
6 0.850238 0.544698 0.221889 0.240452
1 0.854581 0.466739 0.112500 0.047836
5 0.850521 0.578704 0.086458 0.109259
6 0.128940 0.541664 0.219784 0.251654
1 0.111150 0.459316 0.163371 0.049048
5 0.128646 0.580556 0.092708 0.116667
6 0.130729 0.590741 0.048958 0.062963
7 0.203675 0.452660 0.045313 0.036609
6 0.369387 0.839520 0.214130 0.244759
1 0.369387 0.751862 0.140905 0.040741
6 0.368750 0.869444 0.191667 0.120370
8 0.330208 0.900000 0.022917 0.029630
6 0.602954 0.257739 0.207868 0.230086
1 0.602954 0.176419 0.124631 0.040741
2 0.601042 0.287963 0.183333 0.131481
2 0.548958 0.312963 0.070833 0.048148
6 0.380521 0.559241 0.208831 0.241731
1 0.342772 0.476691 0.112500 0.040741
7 0.382292 0.590741 0.095833 0.122222
8 0.372396 0.621296 0.023958 0.031481
0 0.141005 0.816138 0.216139 0.241832
1 0.141548 0.732579 0.145313 0.043419
6 0.139583 0.841667 0.183333 0.127778
5 0.202083 0.860185 0.031250 0.038889
0 0.382217 0.249947 0.220110 0.227681
1 0.382217 0.172652 0.112500 0.040741
2 0.380208 0.279630 0.191667 0.103704
6 0.359896 0.287037 0.044792 0.055556
7 0.453643 0.170610 0.052260 0.031969
0 0.842213 0.831587 0.211812 0.241332
1 0.842213 0.744868 0.150769 0.040741
4 0.841146 0.860185 0.184375 0.142593
6 0.141409 0.243463 0.208146 0.227444
1 0.141409 0.165530 0.112500 0.041319
7 0.140625 0.276852 0.070833 0.090741
0 0.601587 0.809124 0.212810 0.228855
1 0.630708 0.736818 0.133733 0.044185
5 0.601562 0.846296 0.107292 0.107407
6 0.588542 0.859259 0.027083 0.033333
6 0.610984 0.560607 0.212921 0.246496
1 0.610984 0.475294 0.129354 0.040741
6 0.609896 0.594444 0.186458 0.114815
6 0.864674 0.277538 0.217103 0.246170
1 0.894271 0.195163 0.137077 0.041226
2 0.866667 0.306481 0.187500 0.131481
6 0.915625 0.296296 0.050000 0.062963
7 0.927686 0.189559 0.066080 0.033176
