1 0.500000 0.133997 0.640000 0.069142
6 0.607335 0.266316 0.211683 0.234744
1 0.605061 0.187820 0.132213 0.043393
4 0.606250 0.296296 0.183333 0.118519
0 0.384480 0.265732 0.221545 0.246736
1 0.366343 0.180363 0.164437 0.040741
5 0.385937 0.300926 0.061458 0.124074
6 0.386773 0.548290 0.222836 0.247731
1 0.369430 0.462715 0.130882 0.040741
2 0.385417 0.582407 0.197917 0.135185
6 0.421354 0.609259 0.038542 0.048148
6 0.129345 0.546641 0.209161 0.235615
1 0.129345 0.466351 0.154910 0.041302
3 0.129167 0.578704 0.177083 0.131481
6 0.858187 0.812535 0.212904 0.227723
1 0.820309 0.735148 0.116315 0.042141
2 0.855729 0.839815 0.186458 0.109259
0 0.145075 0.820629 0.222248 0.255216
1 0.176645 0.729740 0.138274 0.046755
6 0.145833 0.857407 0.197917 0.137037
0 0.136758 0.275310 0.212351 0.249413
1 0.159894 0.189051 0.145246 0.041416
2 0.136979 0.312963 0.186458 0.133333
8 0.170313 0.285185 0.026042 0.033333
0 0.607401 0.815354 0.220819 0.229615
1 0.607401 0.735706 0.140264 0.040741
2 0.606250 0.841667 0.189583 0.124074
6 0.625521 0.855556 0.042708 0.055556
0 0.867943 0.255842 0.215427 0.229985
1 0.867943 0.178390 0.120060 0.040741
3 0.868750 0.283333 0.181250 0.118519
2 0.911458 0.301852 0.077083 0.048148
6 0.848913 0.557777 0.223830 0.238778
1 0.873826 0.475263 0.112500 0.046738
2 0.849479 0.589815 0.190625 0.127778
4 0.900521 0.558333 0.073958 0.053704
0 0.370053 0.842738 0.213460 0.241703
1 0.370053 0.757994 0.121162 0.040741
2 0.369792 0.873148 0.183333 0.131481
2 0.409896 0.852778 0.073958 0.079630
6 0.603675 0.545996 0.208617 0.226029
1 0.591362 0.467486 0.130345 0.040741
8 0.604688 0.576852 0.080208 0.101852
