1 0.234248 0.068010 0.418497 0.069353
6 0.604563 0.536136 0.215092 0.230114
1 0.588608 0.458643 0.162350 0.040741
6 0.607292 0.571296 0.183333 0.120370
7 0.675754 0.454436 0.047710 0.029677
0 0.606000 0.274861 0.218413 0.246157
1 0.622542 0.192913 0.164496 0.045940
7 0.606250 0.312037 0.085417 0.109259
6 0.127449 0.268576 0.225608 0.239308
1 0.127449 0.186536 0.117025 0.040741
5 0.127083 0.304630 0.085417 0.109259
2 0.124479 0.327778 0.055208 0.055556
6 0.864358 0.277090 0.226241 0.236364
1 0.864358 0.201018 0.133269 0.044647
2 0.867188 0.311111 0.198958 0.107407
4 0.831250 0.312037 0.108333 0.064815
7 0.939686 0.189404 0.050586 0.023955
6 0.374644 0.556776 0.213884 0.241689
1 0.374644 0.473453 0.112500 0.045465
2 0.376563 0.589815 0.188542 0.124074
0 0.366890 0.821410 0.209165 0.247604
1 0.353587 0.740899 0.161521 0.045847
7 0.370312 0.864815 0.084375 0.107407
2 0.381771 0.872222 0.051042 0.055556
6 0.870883 0.543516 0.222560 0.243152
1 0.904210 0.459589 0.135072 0.040741
6 0.870833 0.579630 0.185417 0.129630
8 0.827083 0.612963 0.022917 0.029630
7 0.950975 0.457208 0.037376 0.033499
0 0.368005 0.263342 0.215821 0.249059
1 0.368005 0.177377 0.112500 0.049006
4 0.368229 0.303704 0.182292 0.125926
4 0.367188 0.295370 0.113542 0.046296
6 0.622211 0.836550 0.225038 0.243867
1 0.622211 0.753659 0.131505 0.041020
7 0.621354 0.871296 0.086458 0.109259
6 0.848829 0.841617 0.216732 0.253596
1 0.848829 0.753363 0.120967 0.050169
5 0.845833 0.881481 0.089583 0.114815
6 0.833333 0.862963 0.043750 0.055556
7 0.924497 0.744840 0.040396 0.023005
0 0.138746 0.820793 0.210328 0.247969
1 0.138746 0.731549 0.144646 0.040741
7 0.141146 0.856481 0.101042 0.127778
5 0.111458 0.882407 0.033333 0.042593
7 0.197873 0.730873 0.067073 0.031092
6 0.134084 0.564925 0.208368 0.245032
1 0.164222 0.484080 0.127260 0.047799
2 0.130729 0.595370 0.180208 0.120370
2 0.156771 0.565741 0.105208 0.050000
7 0.192855 0.475078 0.065827 0.028301
