1 0.500000 0.065842 0.520000 0.072425
0 0.626058 0.556448 0.218373 0.243772
1 0.630317 0.474268 0.152040 0.045023
2 0.628646 0.591667 0.186458 0.124074
6 0.671875 0.607407 0.056250 0.070370
7 0.703569 0.468994 0.038351 0.031827
0 0.624244 0.254662 0.221283 0.226899
1 0.651109 0.174944 0.121205 0.040741
2 0.625521 0.287963 0.196875 0.112963
6 0.667708 0.292593 0.043750 0.055556
7 0.690032 0.172367 0.064708 0.025273
6 0.381039 0.267962 0.212664 0.230169
1 0.381039 0.192281 0.112500 0.040741
2 0.382292 0.300926 0.179167 0.112963
0 0.614760 0.812513 0.222073 0.229898
1 0.583365 0.731661 0.138450 0.041806
8 0.612500 0.844444 0.087500 0.111111
2 0.622917 0.860185 0.037500 0.068519
0 0.139337 0.253839 0.221018 0.227496
1 0.139337 0.175835 0.152578 0.041156
2 0.142187 0.284259 0.194792 0.127778
6 0.856363 0.835354 0.210710 0.230230
1 0.886066 0.759408 0.130471 0.040741
2 0.855729 0.866667 0.184375 0.118519
5 0.807292 0.886111 0.033333 0.042593
0 0.866802 0.265237 0.216581 0.245995
1 0.894652 0.181266 0.140048 0.042506
5 0.866667 0.304630 0.110417 0.109259
6 0.855598 0.548663 0.218575 0.251421
1 0.855598 0.456414 0.135152 0.040741
4 0.857292 0.581481 0.193750 0.137037
6 0.882292 0.562037 0.035417 0.046296
0 0.123252 0.540495 0.212081 0.239501
1 0.141239 0.458631 0.129187 0.043957
2 0.124479 0.570370 0.180208 0.125926
8 0.084896 0.600000 0.023958 0.029630
7 0.189313 0.456522 0.054958 0.034520
0 0.384587 0.834626 0.221076 0.246668
1 0.384587 0.752507 0.168447 0.047317
2 0.386458 0.866667 0.189583 0.133333
0 0.372450 0.545898 0.210267 0.253504
1 0.372450 0.457782 0.149707 0.045418
7 0.373958 0.576852 0.097917 0.124074
0 0.129310 0.828897 0.212273 0.241080
1 0.115990 0.747053 0.112500 0.041336
2 0.129688 0.862963 0.188542 0.129630
