1 0.500000 0.138501 0.640000 0.058998
6 0.857575 0.556550 0.211302 0.232332
1 0.865541 0.480872 0.112500 0.040741
3 0.856250 0.590741 0.179167 0.103704
2 0.831250 0.612963 0.120833 0.044444
7 0.920315 0.475800 0.060822 0.033794
0 0.127508 0.255489 0.222447 0.228615
1 0.165324 0.174953 0.125984 0.040741
2 0.130208 0.282407 0.193750 0.131481
6 0.868807 0.271420 0.218717 0.241253
1 0.868807 0.188628 0.112500 0.040741
2 0.869271 0.305556 0.182292 0.122222
2 0.904167 0.300000 0.108333 0.074074
0 0.626313 0.831947 0.226223 0.249374
1 0.609965 0.745859 0.165170 0.046608
4 0.626042 0.862037 0.197917 0.127778
0 0.625362 0.263861 0.226267 0.230252
1 0.578895 0.188985 0.112500 0.042523
2 0.626042 0.297222 0.189583 0.098148
5 0.573438 0.287963 0.021875 0.027778
0 0.139063 0.533782 0.225867 0.242902
1 0.139063 0.449203 0.154603 0.040791
7 0.136979 0.567593 0.086458 0.109259
3 0.147917 0.553704 0.037500 0.037037
6 0.375054 0.528547 0.219221 0.228734
1 0.343119 0.454658 0.134518 0.040741
8 0.376563 0.560185 0.071875 0.090741
2 0.378646 0.577778 0.048958 0.044444
7 0.445446 0.446743 0.053437 0.028089
6 0.387058 0.265548 0.221664 0.230734
1 0.362449 0.188399 0.145009 0.040741
7 0.386979 0.301852 0.084375 0.107407
6 0.392708 0.294444 0.035417 0.044444
6 0.391811 0.845993 0.226437 0.254234
1 0.360555 0.759714 0.143091 0.048678
2 0.394271 0.883333 0.201042 0.137037
1 0.391667 0.875926 0.027083 0.033333
0 0.135831 0.842958 0.223632 0.240572
1 0.103067 0.763950 0.114853 0.042726
6 0.135417 0.875000 0.189583 0.116667
6 0.085417 0.861111 0.031250 0.040741
0 0.862065 0.827803 0.208689 0.243055
1 0.866003 0.745871 0.112500 0.040741
2 0.863021 0.865741 0.176042 0.127778
7 0.864062 0.864815 0.023958 0.029630
7 0.922338 0.744720 0.063143 0.039851
0 0.623235 0.536932 0.211874 0.241196
1 0.609001 0.456325 0.112500 0.040741
5 0.625521 0.567593 0.088542 0.112963
