1 0.709867 0.067381 0.289597 0.068095
6 0.361936 0.817459 0.212397 0.229171
1 0.383906 0.743052 0.147625 0.040741
2 0.358854 0.850000 0.182292 0.107407
2 0.388542 0.840741 0.108333 0.051852
0 0.852266 0.262962 0.217798 0.247191
1 0.844602 0.179503 0.158405 0.040741
6 0.852083 0.295370 0.187500 0.120370
5 0.803646 0.312037 0.015625 0.031481
0 0.133863 0.525430 0.225755 0.229526
1 0.151683 0.444218 0.167219 0.040741
6 0.133854 0.558333 0.203125 0.124074
4 0.107292 0.547222 0.120833 0.050000
0 0.852004 0.553739 0.222113 0.228262
1 0.865844 0.479830 0.163457 0.041661
6 0.851562 0.588889 0.194792 0.096296
0 0.125397 0.816509 0.214557 0.240491
1 0.125397 0.732615 0.135779 0.040741
2 0.124479 0.847222 0.180208 0.127778
6 0.119271 0.841667 0.044792 0.057407
6 0.605382 0.245567 0.210209 0.231472
1 0.613103 0.165355 0.152565 0.040741
2 0.605208 0.273148 0.177083 0.116667
6 0.382034 0.257611 0.214916 0.229477
1 0.382034 0.181541 0.120225 0.041601
5 0.379167 0.298148 0.087500 0.111111
0 0.848427 0.806852 0.209250 0.229019
1 0.810469 0.729592 0.112500 0.040741
1 0.847396 0.837037 0.092708 0.118519
6 0.133373 0.271750 0.224075 0.246693
1 0.114324 0.186337 0.158713 0.048679
2 0.130208 0.305556 0.193750 0.125926
6 0.386376 0.548190 0.217083 0.229417
1 0.386376 0.476023 0.159668 0.045613
5 0.385417 0.590741 0.081250 0.103704
6 0.604518 0.846984 0.213778 0.248794
1 0.604518 0.760702 0.148078 0.049732
2 0.607292 0.878704 0.185417 0.138889
6 0.613021 0.868519 0.055208 0.070370
0 0.607960 0.550438 0.215565 0.244794
1 0.591267 0.466876 0.139018 0.040741
2 0.607812 0.577778 0.180208 0.125926
7 0.684093 0.461634 0.038298 0.030150
