1 0.223710 0.074702 0.397420 0.082737
6 0.865575 0.265518 0.215872 0.248091
1 0.865575 0.177940 0.125331 0.042928
4 0.863021 0.302778 0.186458 0.127778
7 0.942299 0.172638 0.037424 0.025293
6 0.380167 0.275630 0.218621 0.229285
1 0.380167 0.194689 0.112500 0.040741
2 0.381250 0.305556 0.189583 0.114815
6 0.339583 0.284259 0.035417 0.046296
0 0.139246 0.835375 0.209059 0.252237
1 0.147535 0.743482 0.161402 0.040741
5 0.139583 0.859259 0.108333 0.137037
2 0.157812 0.830556 0.053125 0.068519
6 0.627790 0.816895 0.223184 0.226209
1 0.664562 0.740382 0.128806 0.040837
2 0.630208 0.850926 0.195833 0.116667
0 0.385426 0.845270 0.222225 0.248395
1 0.404247 0.759478 0.163751 0.040741
6 0.383854 0.875000 0.188542 0.138889
6 0.860696 0.534856 0.223702 0.235561
1 0.875170 0.458636 0.119353 0.043607
2 0.863542 0.574074 0.193750 0.118519
2 0.839063 0.563889 0.117708 0.061111
6 0.610499 0.258934 0.219209 0.246401
1 0.610499 0.175571 0.122949 0.040741
2 0.609375 0.290741 0.185417 0.133333
2 0.613542 0.284259 0.116667 0.075926
6 0.373161 0.555411 0.215995 0.250149
1 0.334482 0.470938 0.117803 0.040741
2 0.375000 0.584259 0.189583 0.127778
2 0.373437 0.591667 0.117708 0.061111
6 0.126762 0.562098 0.220086 0.241315
1 0.126762 0.477384 0.132205 0.040741
2 0.127083 0.599074 0.189583 0.127778
2 0.098958 0.612963 0.122917 0.055556
6 0.625919 0.535487 0.217382 0.252065
1 0.663239 0.447496 0.121909 0.044722
5 0.625521 0.568519 0.092708 0.118519
8 0.643229 0.600000 0.023958 0.029630
6 0.856809 0.831797 0.216128 0.245455
1 0.856809 0.748903 0.115817 0.040741
6 0.855729 0.867593 0.186458 0.131481
0 0.136649 0.274631 0.224812 0.240371
1 0.154007 0.195022 0.155753 0.042245
2 0.136458 0.309259 0.191667 0.133333
