1 0.500000 0.054366 0.380000 0.063763
6 0.862298 0.557589 0.218081 0.234863
1 0.862298 0.481020 0.163830 0.042596
7 0.863021 0.585185 0.082292 0.103704
2 0.876042 0.583333 0.043750 0.059259
6 0.386157 0.555222 0.221181 0.241601
1 0.342233 0.469586 0.112500 0.040741
5 0.385417 0.582407 0.056250 0.112963
7 0.387500 0.551852 0.020833 0.025926
6 0.602678 0.839243 0.213932 0.235254
1 0.602678 0.758489 0.112500 0.040741
7 0.602604 0.872222 0.098958 0.125926
6 0.627083 0.852778 0.039583 0.050000
6 0.123515 0.535678 0.221020 0.226681
1 0.121424 0.461807 0.170418 0.043006
8 0.127083 0.573148 0.077083 0.098148
5 0.105208 0.551852 0.022917 0.029630
7 0.198862 0.457297 0.045325 0.032882
6 0.134560 0.255406 0.226084 0.226018
1 0.134560 0.185303 0.142068 0.045072
2 0.134896 0.292593 0.198958 0.088889
7 0.206929 0.175170 0.056346 0.028508
6 0.860743 0.278904 0.219013 0.236678
1 0.860743 0.199793 0.115144 0.040741
2 0.863542 0.317593 0.189583 0.116667
5 0.917708 0.336111 0.035417 0.035185
6 0.141525 0.817285 0.218259 0.234585
1 0.119868 0.738804 0.154111 0.040741
4 0.141146 0.845370 0.186458 0.116667
7 0.220286 0.737980 0.035738 0.038938
6 0.380365 0.260281 0.221314 0.231511
1 0.422008 0.181510 0.117193 0.040741
7 0.382812 0.290741 0.098958 0.125926
7 0.446562 0.176048 0.063920 0.026007
6 0.858286 0.834464 0.208852 0.234236
1 0.858286 0.756629 0.125320 0.040741
2 0.859896 0.868519 0.178125 0.125926
6 0.809375 0.873148 0.054167 0.068519
6 0.611822 0.277501 0.220171 0.242869
1 0.611822 0.195831 0.112500 0.041746
4 0.610938 0.316667 0.194792 0.122222
0 0.382228 0.837828 0.208136 0.249665
1 0.382228 0.747842 0.112500 0.042979
2 0.380729 0.861111 0.180208 0.137037
2 0.410417 0.856481 0.093750 0.079630
6 0.613834 0.550354 0.220511 0.242888
1 0.613834 0.465549 0.122407 0.040962
2 0.610938 0.577778 0.194792 0.133333
3 0.608333 0.579630 0.097917 0.051852
