1 0.715419 0.076842 0.352720 0.087018
0 0.378221 0.822575 0.211037 0.239240
1 0.412760 0.739035 0.121125 0.045162
7 0.379688 0.850926 0.082292 0.105556
2 0.394271 0.865741 0.038542 0.042593
7 0.448290 0.735894 0.045899 0.028840
0 0.386403 0.251453 0.225677 0.229940
1 0.386403 0.171100 0.120671 0.040741
2 0.386458 0.283333 0.195833 0.103704
7 0.436458 0.261111 0.020833 0.025926
7 0.451153 0.168125 0.071177 0.026247
6 0.623131 0.823537 0.225204 0.254914
1 0.612305 0.739463 0.137730 0.047401
2 0.624479 0.859259 0.192708 0.122222
7 0.580208 0.830556 0.025000 0.031481
0 0.126603 0.812266 0.214629 0.242792
1 0.126603 0.731446 0.117380 0.040741
3 0.126562 0.842593 0.188542 0.122222
0 0.857060 0.276398 0.210334 0.247773
1 0.831352 0.187566 0.112500 0.040741
2 0.858854 0.304630 0.178125 0.146296
8 0.839063 0.262963 0.026042 0.033333
7 0.919974 0.190848 0.059505 0.039637
6 0.150413 0.541352 0.225830 0.229382
1 0.163225 0.463491 0.171645 0.041090
2 0.151042 0.571296 0.195833 0.112963
2 0.189062 0.578704 0.103125 0.068519
6 0.861425 0.844615 0.210266 0.241590
1 0.854812 0.762179 0.149440 0.040741
5 0.859896 0.877778 0.078125 0.100000
7 0.854167 0.862037 0.018750 0.024074
6 0.129459 0.269174 0.218504 0.231456
1 0.172044 0.194904 0.112500 0.044737
2 0.132812 0.298148 0.188542 0.111111
6 0.853148 0.553034 0.223285 0.246830
1 0.853148 0.470282 0.170687 0.047437
7 0.855729 0.581481 0.090625 0.114815
2 0.878125 0.609259 0.039583 0.044444
0 0.617315 0.266978 0.211008 0.254451
1 0.619283 0.184147 0.151989 0.050555
5 0.617188 0.306481 0.103125 0.131481
5 0.612500 0.300926 0.027083 0.035185
7 0.680521 0.174348 0.059597 0.032153
6 0.621256 0.538709 0.212456 0.227728
1 0.621256 0.466361 0.123875 0.044415
2 0.618750 0.572222 0.185417 0.111111
6 0.383148 0.544776 0.218079 0.239028
1 0.391894 0.459252 0.168321 0.040741
2 0.382812 0.575000 0.192708 0.135185
7 0.458093 0.462798 0.043189 0.038036
