1 0.500000 0.065050 0.520000 0.070840
6 0.121017 0.549485 0.210003 0.233959
1 0.121017 0.469597 0.128721 0.041931
2 0.118750 0.583333 0.177083 0.129630
6 0.152604 0.572222 0.040625 0.051852
0 0.609686 0.830856 0.218828 0.229024
1 0.609686 0.749978 0.126156 0.040741
1 0.610938 0.862963 0.078125 0.100000
2 0.603125 0.841667 0.041667 0.035185
0 0.622911 0.551567 0.208748 0.234729
1 0.585204 0.476000 0.112500 0.045664
2 0.624479 0.589815 0.182292 0.112963
5 0.574479 0.575926 0.032292 0.040741
0 0.384256 0.555940 0.225068 0.242484
1 0.384256 0.474653 0.133560 0.040741
2 0.384375 0.583333 0.193750 0.129630
1 0.332813 0.555556 0.026042 0.033333
6 0.125009 0.823015 0.219542 0.234527
1 0.124321 0.741416 0.143365 0.040741
6 0.123958 0.857407 0.193750 0.122222
7 0.164062 0.887037 0.023958 0.029630
6 0.852616 0.544553 0.222180 0.239942
1 0.839901 0.461460 0.112500 0.043260
2 0.854167 0.575926 0.193750 0.122222
7 0.922994 0.461639 0.056425 0.037076
6 0.373712 0.253198 0.209105 0.238842
1 0.353740 0.170312 0.145174 0.040900
4 0.372917 0.288889 0.179167 0.122222
6 0.351562 0.268519 0.046875 0.059259
0 0.369559 0.829986 0.215912 0.234422
1 0.369559 0.750633 0.165544 0.040741
7 0.366146 0.864815 0.090625 0.114815
0 0.850820 0.268342 0.209372 0.250212
1 0.827488 0.178378 0.141874 0.040741
6 0.848437 0.292593 0.178125 0.133333
2 0.882292 0.281481 0.093750 0.059259
6 0.608846 0.261252 0.225610 0.230787
1 0.608846 0.187212 0.115995 0.043421
5 0.609375 0.293519 0.091667 0.090741
0 0.133600 0.258298 0.216791 0.250439
1 0.091871 0.169380 0.112500 0.045287
2 0.136458 0.289815 0.185417 0.142593
2 0.138542 0.290741 0.102083 0.062963
6 0.864655 0.841948 0.222662 0.248104
1 0.887376 0.762131 0.156388 0.049042
5 0.865104 0.879630 0.084375 0.107407
