1 0.500000 0.073105 0.520000 0.086952
6 0.631324 0.834798 0.226417 0.245431
1 0.631324 0.746790 0.112500 0.041387
1 0.629687 0.862037 0.088542 0.112963
2 0.631771 0.853704 0.048958 0.044444
6 0.371832 0.546809 0.212511 0.241574
1 0.371832 0.464191 0.163038 0.040741
2 0.369271 0.585185 0.182292 0.122222
7 0.440172 0.459585 0.050830 0.030089
0 0.131129 0.275343 0.216414 0.252336
1 0.104453 0.188095 0.112500 0.049160
8 0.132292 0.315741 0.093750 0.120370
5 0.155729 0.339815 0.028125 0.035185
7 0.202792 0.179716 0.048089 0.024046
6 0.868025 0.257115 0.217325 0.244152
1 0.868025 0.176601 0.160578 0.042459
6 0.868229 0.298148 0.184375 0.122222
7 0.935374 0.164891 0.057627 0.022667
6 0.845009 0.543801 0.208096 0.249420
1 0.865645 0.460103 0.116271 0.045359
7 0.843229 0.577778 0.098958 0.125926
0 0.372295 0.259958 0.214602 0.255201
1 0.402205 0.173731 0.132142 0.049125
7 0.373958 0.293519 0.091667 0.116667
7 0.449547 0.169068 0.035099 0.036386
0 0.372849 0.823125 0.221975 0.228223
1 0.328528 0.747129 0.112500 0.040741
2 0.373437 0.853704 0.190625 0.103704
7 0.332292 0.840741 0.020833 0.025926
7 0.452146 0.738929 0.038379 0.022793
0 0.846198 0.831950 0.211338 0.247819
1 0.858798 0.750247 0.158991 0.044278
2 0.846875 0.874074 0.179167 0.125926
7 0.796875 0.834259 0.025000 0.031481
7 0.914197 0.745683 0.050340 0.038249
0 0.130399 0.841216 0.214320 0.234717
1 0.159222 0.762094 0.135841 0.044185
2 0.129167 0.874074 0.189583 0.129630
0 0.610098 0.531326 0.225012 0.238799
1 0.610098 0.447323 0.119265 0.042967
2 0.608333 0.566667 0.197917 0.122222
7 0.691188 0.448489 0.037830 0.036088
6 0.613167 0.266941 0.210018 0.251057
1 0.625270 0.179001 0.112500 0.042498
2 0.611979 0.300000 0.182292 0.125926
7 0.686450 0.179723 0.038451 0.039583
6 0.121711 0.556647 0.216492 0.252488
1 0.121711 0.468011 0.128791 0.043470
5 0.121875 0.590741 0.104167 0.133333
4 0.118229 0.587963 0.065625 0.046296
