1 0.500000 0.060394 0.380000 0.068077
0 0.620350 0.551362 0.215234 0.230211
1 0.661300 0.477501 0.112500 0.045725
2 0.620833 0.588889 0.183333 0.107407
5 0.674479 0.576852 0.030208 0.038889
0 0.379826 0.817226 0.219327 0.246554
1 0.379826 0.731478 0.144312 0.040741
2 0.381250 0.848148 0.187500 0.118519
0 0.376195 0.281347 0.209486 0.247201
1 0.338119 0.192897 0.112500 0.040920
5 0.375000 0.315741 0.116667 0.116667
6 0.376582 0.553990 0.214594 0.255129
1 0.392536 0.461872 0.131150 0.043021
6 0.378125 0.583333 0.187500 0.151852
0 0.125076 0.550062 0.216686 0.252520
1 0.118748 0.462324 0.122441 0.040741
5 0.124479 0.581481 0.111458 0.140741
4 0.144792 0.564815 0.050000 0.081481
0 0.621514 0.274395 0.220132 0.248676
1 0.607316 0.193855 0.170903 0.048002
2 0.622917 0.312037 0.193750 0.109259
6 0.847487 0.559598 0.217211 0.248158
1 0.847487 0.470042 0.130045 0.040741
2 0.847396 0.590741 0.182292 0.133333
6 0.861892 0.825983 0.215527 0.233001
1 0.861892 0.746698 0.118066 0.042399
3 0.859375 0.857407 0.187500 0.107407
0 0.127867 0.257403 0.215157 0.247788
1 0.127867 0.167227 0.130039 0.040741
7 0.129167 0.286111 0.097917 0.124074
7 0.197591 0.170044 0.050708 0.036034
0 0.617698 0.836772 0.220524 0.237918
1 0.661141 0.754899 0.112500 0.040741
6 0.620833 0.869444 0.189583 0.116667
6 0.128955 0.812521 0.208305 0.228476
1 0.096250 0.738757 0.122062 0.040741
4 0.130729 0.846296 0.182292 0.103704
6 0.081771 0.863889 0.009375 0.035185
0 0.859821 0.260883 0.220623 0.241125
1 0.878934 0.178779 0.132012 0.040741
2 0.860417 0.295370 0.187500 0.124074
