1 0.500000 0.072801 0.520000 0.086343
6 0.124604 0.817704 0.222812 0.241132
1 0.153236 0.736430 0.112500 0.041490
5 0.124479 0.847222 0.094792 0.120370
0 0.622925 0.826159 0.226072 0.254555
1 0.622925 0.739139 0.130467 0.040741
5 0.619271 0.859259 0.071875 0.144444
2 0.629687 0.825926 0.032292 0.062963
6 0.366545 0.543516 0.218178 0.252782
1 0.355032 0.455426 0.121773 0.046108
8 0.368750 0.581481 0.087500 0.111111
4 0.346875 0.583333 0.039583 0.062963
6 0.848372 0.826333 0.211465 0.236379
1 0.874359 0.745015 0.138658 0.041831
6 0.846875 0.855556 0.179167 0.111111
6 0.142585 0.557767 0.218285 0.247307
1 0.104594 0.470776 0.121469 0.043401
6 0.142187 0.587963 0.184375 0.135185
7 0.220076 0.471143 0.038304 0.037023
6 0.605886 0.563813 0.217868 0.244782
1 0.618805 0.477229 0.123992 0.042325
2 0.605729 0.589815 0.184375 0.135185
4 0.657813 0.576852 0.071875 0.068519
6 0.380646 0.282908 0.219662 0.251891
1 0.387845 0.195629 0.166763 0.040741
6 0.381771 0.316667 0.194792 0.137037
7 0.330729 0.352778 0.028125 0.035185
6 0.865716 0.567242 0.218335 0.253028
1 0.899344 0.481207 0.112500 0.041910
2 0.864583 0.597222 0.185417 0.138889
3 0.833854 0.631481 0.098958 0.055556
6 0.119131 0.270453 0.211077 0.254169
1 0.080259 0.183974 0.112500 0.043053
7 0.120313 0.312037 0.096875 0.124074
2 0.113542 0.291667 0.064583 0.046296
7 0.193115 0.175937 0.038108 0.028099
0 0.367288 0.825061 0.225914 0.255236
1 0.359386 0.732352 0.144826 0.040741
6 0.365625 0.858333 0.202083 0.138889
6 0.845803 0.257271 0.211854 0.249722
1 0.812162 0.169306 0.123739 0.040931
2 0.846354 0.282407 0.178125 0.135185
2 0.864583 0.297222 0.120833 0.061111
0 0.607358 0.247871 0.218962 0.236887
1 0.607358 0.168445 0.166832 0.042810
2 0.606250 0.278704 0.193750 0.131481
