1 0.500000 0.067841 0.520000 0.076423
0 0.381899 0.553455 0.216211 0.241438
1 0.381899 0.470238 0.155360 0.040741
5 0.383854 0.585185 0.084375 0.107407
6 0.363542 0.600926 0.031250 0.038889
0 0.864947 0.246341 0.223357 0.231597
1 0.849449 0.170871 0.144039 0.040741
8 0.867708 0.275000 0.083333 0.105556
2 0.870313 0.268519 0.053125 0.051852
6 0.129691 0.552970 0.209247 0.238370
1 0.129691 0.468732 0.112500 0.040741
4 0.130208 0.582407 0.181250 0.112963
7 0.191616 0.465477 0.060397 0.026348
6 0.128743 0.814215 0.225833 0.229155
1 0.128743 0.733023 0.122966 0.040741
8 0.126042 0.839815 0.079167 0.101852
6 0.110417 0.836111 0.035417 0.046296
0 0.364899 0.839349 0.209514 0.254697
1 0.396844 0.749326 0.112500 0.040741
7 0.365104 0.870370 0.107292 0.137037
0 0.386995 0.259034 0.219528 0.228734
1 0.365042 0.180667 0.154787 0.040741
6 0.388542 0.288889 0.189583 0.107407
5 0.348438 0.279630 0.034375 0.044444
6 0.870142 0.543887 0.226412 0.235077
1 0.870142 0.466544 0.172581 0.040741
5 0.869792 0.575000 0.106250 0.105556
7 0.945251 0.456840 0.051195 0.023946
6 0.613937 0.543339 0.217310 0.241608
1 0.598754 0.462905 0.123488 0.040946
6 0.612500 0.571296 0.187500 0.124074
6 0.136058 0.265323 0.225134 0.251716
1 0.111008 0.174916 0.112500 0.040741
4 0.136979 0.297222 0.194792 0.138889
2 0.100521 0.287037 0.092708 0.077778
6 0.618904 0.835657 0.222358 0.250447
1 0.618904 0.746874 0.123283 0.040741
2 0.619792 0.865741 0.191667 0.150000
8 0.671354 0.916667 0.028125 0.037037
0 0.862148 0.822926 0.208369 0.231488
1 0.862148 0.750150 0.112500 0.045830
5 0.864062 0.860185 0.092708 0.116667
0 0.613104 0.278973 0.219720 0.238485
1 0.632390 0.194208 0.160314 0.040741
6 0.611458 0.316667 0.191667 0.125926
