1 0.500000 0.065060 0.520000 0.070861
6 0.848280 0.529585 0.215377 0.230324
1 0.861865 0.448506 0.154080 0.040741
2 0.846875 0.558333 0.185417 0.124074
0 0.135589 0.819650 0.214825 0.239315
1 0.100440 0.741358 0.123694 0.047200
5 0.138021 0.849074 0.088542 0.112963
6 0.138021 0.838889 0.038542 0.048148
6 0.863163 0.830006 0.212779 0.245378
1 0.902886 0.741582 0.112500 0.040741
3 0.861458 0.855556 0.181250 0.137037
7 0.933963 0.743869 0.046178 0.036067
0 0.610996 0.544626 0.223335 0.228038
1 0.610996 0.467520 0.151519 0.040741
8 0.611458 0.573148 0.091667 0.116667
7 0.680573 0.469240 0.059181 0.040230
6 0.605351 0.826300 0.211920 0.239538
1 0.605351 0.745106 0.160663 0.040741
4 0.607292 0.853704 0.181250 0.118519
0 0.376947 0.550227 0.218018 0.244807
1 0.376947 0.463304 0.169570 0.042932
6 0.376042 0.580556 0.191667 0.124074
2 0.341667 0.598148 0.114583 0.051852
7 0.444340 0.459216 0.058233 0.025749
0 0.864056 0.255176 0.212620 0.243412
1 0.861373 0.175287 0.112500 0.044871
2 0.861979 0.288889 0.180208 0.111111
7 0.928118 0.166050 0.059495 0.028121
6 0.127141 0.264580 0.209733 0.242721
1 0.127141 0.180351 0.112500 0.040741
2 0.127083 0.293519 0.183333 0.138889
2 0.176563 0.307407 0.076042 0.085185
7 0.193550 0.179091 0.051916 0.034706
6 0.613513 0.251418 0.217310 0.235292
1 0.613513 0.170647 0.135218 0.040741
2 0.615625 0.289815 0.187500 0.116667
0 0.367564 0.830437 0.222788 0.231724
1 0.381805 0.749178 0.173475 0.040741
2 0.367188 0.858333 0.198958 0.131481
5 0.302083 0.890741 0.027083 0.033333
7 0.443417 0.748648 0.046084 0.031110
6 0.372985 0.274339 0.223302 0.236865
1 0.372985 0.190982 0.137123 0.040741
4 0.373958 0.312037 0.191667 0.124074
5 0.416667 0.337963 0.022917 0.046296
0 0.132225 0.554153 0.218840 0.232751
1 0.143531 0.478012 0.167712 0.040741
2 0.130208 0.585185 0.189583 0.107407
