1 0.500000 0.126467 0.640000 0.074646
0 0.843537 0.258114 0.211836 0.237565
1 0.872722 0.175985 0.132632 0.046878
2 0.845313 0.295370 0.186458 0.127778
6 0.367246 0.257219 0.223998 0.243820
1 0.403409 0.175863 0.119180 0.043718
5 0.366146 0.287963 0.082292 0.105556
6 0.630963 0.542754 0.223418 0.226589
1 0.642502 0.469674 0.173865 0.040741
6 0.631771 0.577778 0.196875 0.103704
0 0.842541 0.541886 0.211780 0.251426
1 0.850892 0.454978 0.141058 0.049227
2 0.839583 0.573148 0.183333 0.131481
6 0.364580 0.541848 0.211014 0.254540
1 0.372371 0.450999 0.132865 0.040741
2 0.364583 0.566667 0.185417 0.140741
0 0.139657 0.816184 0.216319 0.233583
1 0.111106 0.734056 0.137120 0.040741
7 0.140104 0.844444 0.090625 0.114815
5 0.159375 0.818519 0.022917 0.029630
0 0.616075 0.279705 0.212360 0.251635
1 0.592004 0.194014 0.143385 0.040741
6 0.617188 0.310185 0.178125 0.135185
0 0.863161 0.830669 0.221838 0.251332
1 0.874640 0.743750 0.146821 0.047778
5 0.861458 0.858333 0.106250 0.135185
6 0.123625 0.252687 0.212394 0.229029
1 0.123625 0.176979 0.113029 0.043171
2 0.120833 0.282407 0.183333 0.112963
6 0.118531 0.543704 0.207888 0.232251
1 0.118531 0.466268 0.126653 0.044927
2 0.119792 0.571296 0.172917 0.116667
7 0.179529 0.463802 0.060892 0.035410
6 0.623395 0.817072 0.212254 0.246503
1 0.630820 0.733723 0.162404 0.044023
2 0.621875 0.846296 0.183333 0.129630
4 0.627083 0.841667 0.106250 0.064815
7 0.692589 0.724544 0.048864 0.024410
6 0.386210 0.825661 0.220486 0.230067
1 0.386210 0.744246 0.168787 0.040741
4 0.386458 0.852778 0.195833 0.120370
2 0.440104 0.835185 0.080208 0.070370
7 0.462853 0.745077 0.042200 0.031864
