1 0.500000 0.070894 0.520000 0.082530
6 0.603364 0.831508 0.212270 0.243665
1 0.603364 0.744863 0.131457 0.040741
7 0.600000 0.865741 0.089583 0.112963
0 0.133305 0.546463 0.211603 0.246101
1 0.133305 0.463598 0.112500 0.040741
6 0.131250 0.577778 0.179167 0.125926
0 0.379591 0.536090 0.213782 0.228440
1 0.368198 0.460603 0.141187 0.040741
7 0.378125 0.572222 0.087500 0.111111
7 0.445626 0.457897 0.056710 0.035017
0 0.849366 0.554250 0.217837 0.254446
1 0.849366 0.467289 0.143764 0.041826
3 0.849479 0.583333 0.188542 0.144444
0 0.847587 0.269524 0.219255 0.238208
1 0.863238 0.185403 0.167119 0.040741
2 0.846875 0.297222 0.195833 0.131481
7 0.918288 0.183563 0.052852 0.029248
0 0.864971 0.829735 0.218442 0.229910
1 0.907525 0.752434 0.112500 0.044085
3 0.864062 0.866667 0.194792 0.111111
2 0.917708 0.882407 0.075000 0.042593
0 0.380702 0.268176 0.218566 0.249760
1 0.380702 0.177837 0.112800 0.041397
5 0.381250 0.297222 0.106250 0.135185
2 0.371875 0.275926 0.062500 0.070370
7 0.455133 0.173584 0.044705 0.023537
6 0.362326 0.808098 0.209112 0.227051
1 0.339771 0.729589 0.126068 0.040741
7 0.362500 0.836111 0.075000 0.094444
2 0.361458 0.830556 0.045833 0.035185
6 0.606490 0.274227 0.218798 0.241459
1 0.606490 0.191937 0.167502 0.044811
6 0.607292 0.313889 0.193750 0.120370
7 0.684654 0.192308 0.037470 0.040584
0 0.140795 0.833886 0.216863 0.251543
1 0.140795 0.742506 0.113444 0.040741
8 0.142708 0.862037 0.104167 0.131481
7 0.210637 0.740085 0.052178 0.026904
6 0.606306 0.544011 0.215505 0.236425
1 0.606306 0.464101 0.112500 0.040741
5 0.607292 0.574074 0.058333 0.118519
7 0.683545 0.456484 0.036028 0.024334
0 0.136511 0.254107 0.211856 0.236229
1 0.136511 0.176563 0.161493 0.043580
3 0.138542 0.286111 0.181250 0.131481
