1 0.214038 0.070827 0.378077 0.074988
6 0.849630 0.828202 0.217553 0.238516
1 0.879058 0.748034 0.112500 0.046737
2 0.849479 0.866667 0.188542 0.118519
7 0.817187 0.896296 0.023958 0.029630
0 0.864180 0.274323 0.224195 0.235001
1 0.864180 0.197693 0.133749 0.045346
6 0.863021 0.302778 0.196875 0.116667
0 0.613321 0.561817 0.208063 0.246343
1 0.645804 0.483285 0.122265 0.048597
2 0.611979 0.597222 0.180208 0.112963
7 0.674115 0.474961 0.061476 0.035593
6 0.379783 0.557780 0.224194 0.246166
1 0.363746 0.474007 0.171287 0.040741
2 0.381250 0.590741 0.193750 0.114815
6 0.338021 0.568519 0.038542 0.048148
7 0.446135 0.472418 0.066491 0.038406
6 0.615966 0.816052 0.216437 0.247629
1 0.615966 0.728924 0.121590 0.041785
1 0.618750 0.851852 0.102083 0.129630
7 0.642188 0.824074 0.026042 0.033333
0 0.854843 0.557412 0.223127 0.247755
1 0.854843 0.473751 0.143379 0.040741
1 0.853125 0.584259 0.093750 0.120370
8 0.847917 0.574074 0.022917 0.029630
0 0.148764 0.548559 0.226501 0.255505
1 0.102181 0.458003 0.112500 0.045848
2 0.150000 0.583333 0.191667 0.122222
6 0.124928 0.813066 0.223899 0.239326
1 0.124928 0.727170 0.128307 0.040741
4 0.122396 0.848148 0.192708 0.125926
7 0.206289 0.731500 0.036176 0.039157
6 0.610176 0.278437 0.225363 0.239070
1 0.636972 0.194044 0.150160 0.040741
2 0.608854 0.313889 0.196875 0.124074
0 0.365225 0.833224 0.213598 0.230523
1 0.365225 0.753998 0.112500 0.040741
7 0.365104 0.861111 0.084375 0.107407
6 0.139601 0.263620 0.215472 0.245212
1 0.150689 0.174466 0.164650 0.040741
5 0.138021 0.295370 0.088542 0.112963
0 0.385109 0.257004 0.217461 0.252858
1 0.385109 0.169035 0.137352 0.040741
7 0.384375 0.283333 0.102083 0.129630
