1 0.500000 0.063198 0.380000 0.069638
6 0.605942 0.277232 0.220172 0.242573
1 0.631560 0.190189 0.127480 0.040741
2 0.606250 0.307407 0.191667 0.137037
0 0.617446 0.818906 0.217878 0.241088
1 0.631532 0.739321 0.159391 0.043638
2 0.618229 0.850000 0.190625 0.122222
5 0.616146 0.848148 0.038542 0.048148
0 0.860177 0.551387 0.222663 0.248590
1 0.877857 0.468023 0.145102 0.042374
2 0.863021 0.589815 0.196875 0.124074
4 0.816667 0.570370 0.087500 0.059259
0 0.387226 0.279016 0.225803 0.252000
1 0.387226 0.186595 0.112500 0.040741
6 0.389062 0.306481 0.194792 0.131481
7 0.467924 0.182846 0.039406 0.022623
0 0.136075 0.277425 0.216127 0.237708
1 0.136075 0.196156 0.112500 0.040741
6 0.138542 0.310185 0.187500 0.109259
0 0.143548 0.553040 0.219867 0.240124
1 0.186815 0.466494 0.112500 0.040741
2 0.143750 0.580556 0.193750 0.120370
2 0.107813 0.557407 0.107292 0.059259
6 0.134872 0.839849 0.212433 0.250650
1 0.134872 0.752014 0.138355 0.042278
7 0.133854 0.874074 0.086458 0.111111
6 0.365383 0.847277 0.212345 0.253661
1 0.331690 0.759354 0.124125 0.042137
6 0.364063 0.887037 0.180208 0.133333
6 0.631020 0.543443 0.226247 0.241975
1 0.631020 0.462671 0.157950 0.042083
4 0.629687 0.581481 0.198958 0.125926
2 0.685937 0.597222 0.080208 0.053704
6 0.381439 0.559458 0.224582 0.237667
1 0.381439 0.479499 0.145108 0.040741
4 0.380729 0.588889 0.196875 0.111111
2 0.336458 0.563889 0.087500 0.046296
0 0.872687 0.826484 0.226075 0.229936
1 0.904588 0.750416 0.141441 0.044390
2 0.873437 0.860185 0.194792 0.116667
7 0.941056 0.741861 0.064339 0.023654
0 0.860226 0.258981 0.223817 0.228044
1 0.825771 0.185636 0.134073 0.044706
4 0.860417 0.299074 0.195833 0.109259
6 0.900521 0.307407 0.046875 0.059259
