1 0.500000 0.074261 0.520000 0.089263
0 0.616047 0.529346 0.225185 0.228328
1 0.620193 0.456127 0.165819 0.044454
7 0.614583 0.556481 0.077083 0.098148
0 0.842196 0.547413 0.211614 0.236961
1 0.842196 0.469322 0.112500 0.046663
2 0.841667 0.581481 0.181250 0.129630
6 0.838021 0.574074 0.048958 0.062963
7 0.916516 0.463577 0.037974 0.032251
0 0.856138 0.270896 0.214546 0.236742
1 0.856138 0.186697 0.112500 0.040741
4 0.855729 0.300000 0.188542 0.118519
5 0.904167 0.275926 0.047917 0.048148
7 0.930278 0.189438 0.041266 0.036789
0 0.371943 0.835399 0.218861 0.246893
1 0.348050 0.752409 0.136142 0.043698
4 0.369792 0.871296 0.191667 0.116667
7 0.368750 0.865741 0.022917 0.027778
7 0.448729 0.744823 0.040290 0.028704
6 0.128474 0.258694 0.218028 0.247115
1 0.158056 0.173439 0.138030 0.040741
6 0.127083 0.290741 0.187500 0.144444
2 0.087500 0.262963 0.091667 0.070370
6 0.139159 0.830356 0.210546 0.250189
1 0.177765 0.740786 0.112500 0.040741
1 0.136458 0.859259 0.102083 0.129630
2 0.122917 0.877778 0.056250 0.066667
0 0.375565 0.528867 0.224955 0.234262
1 0.343111 0.449853 0.129094 0.040741
7 0.376563 0.562037 0.071875 0.090741
5 0.394271 0.550000 0.026042 0.033333
0 0.867780 0.829935 0.223352 0.243355
1 0.861768 0.746085 0.152196 0.040741
5 0.868229 0.862963 0.098958 0.125926
0 0.146809 0.551476 0.225970 0.251193
1 0.146809 0.459437 0.145286 0.040741
2 0.148438 0.578704 0.192708 0.142593
3 0.151042 0.581481 0.081250 0.062963
0 0.614247 0.273589 0.218042 0.242733
1 0.627204 0.192096 0.148418 0.048010
2 0.615625 0.306481 0.189583 0.116667
0 0.377480 0.253635 0.216111 0.235721
1 0.374513 0.173150 0.112500 0.045477
6 0.380208 0.283333 0.187500 0.129630
2 0.427604 0.266667 0.080208 0.051852
6 0.628074 0.826195 0.224078 0.244932
1 0.637808 0.747479 0.112500 0.047373
7 0.627083 0.862963 0.095833 0.122222
1 0.647396 0.825926 0.023958 0.029630
