1 0.500000 0.072356 0.520000 0.085453
6 0.376978 0.259676 0.223989 0.236081
1 0.415715 0.175710 0.112500 0.040741
2 0.373958 0.287963 0.195833 0.116667
7 0.457974 0.175591 0.036997 0.030876
6 0.865056 0.567254 0.210800 0.252878
1 0.826323 0.476563 0.112500 0.040741
6 0.863542 0.596296 0.179167 0.140741
4 0.914062 0.599074 0.071875 0.087037
7 0.937225 0.470725 0.041460 0.022784
0 0.141441 0.548571 0.223551 0.233393
1 0.141441 0.469641 0.119604 0.045592
3 0.140625 0.579630 0.200000 0.122222
7 0.211287 0.468071 0.058859 0.035357
0 0.136028 0.258327 0.223438 0.238080
1 0.103772 0.177738 0.138093 0.042461
3 0.136458 0.287963 0.195833 0.116667
2 0.105208 0.294444 0.108333 0.055556
0 0.378981 0.561414 0.220696 0.243423
1 0.381058 0.479179 0.153959 0.042402
2 0.378646 0.596296 0.196875 0.122222
7 0.450382 0.470698 0.052894 0.024955
0 0.602445 0.528986 0.210335 0.227793
1 0.622073 0.448469 0.122670 0.040741
7 0.600521 0.558333 0.088542 0.112963
7 0.607812 0.584259 0.021875 0.027778
6 0.148569 0.821680 0.223241 0.227553
1 0.154630 0.746734 0.113969 0.040741
2 0.148958 0.850000 0.193750 0.114815
0 0.627880 0.250113 0.225424 0.237573
1 0.604122 0.168496 0.157075 0.040741
5 0.626563 0.280556 0.088542 0.112963
8 0.611458 0.315741 0.022917 0.027778
7 0.709088 0.161879 0.038008 0.024067
0 0.844476 0.271797 0.211156 0.226339
1 0.844476 0.195873 0.150826 0.040954
8 0.845833 0.308333 0.077083 0.098148
0 0.626338 0.816540 0.216350 0.232914
1 0.626338 0.736554 0.148953 0.040741
3 0.627083 0.848148 0.185417 0.103704
7 0.698038 0.737459 0.047949 0.037715
0 0.377184 0.822530 0.211973 0.243782
1 0.377184 0.736447 0.119834 0.040741
1 0.373958 0.852778 0.175000 0.012963
7 0.442682 0.734580 0.055977 0.030845
6 0.849984 0.820451 0.220337 0.227540
1 0.865445 0.746838 0.168582 0.040741
2 0.852083 0.850000 0.191667 0.107407
