1 0.253069 0.069770 0.456138 0.072872
6 0.124418 0.249105 0.219146 0.237413
1 0.139939 0.170775 0.167271 0.040741
6 0.122917 0.286111 0.185417 0.116667
6 0.139482 0.548935 0.224997 0.246585
1 0.151920 0.464353 0.158212 0.048282
5 0.136458 0.584259 0.091667 0.116667
6 0.116146 0.550926 0.028125 0.035185
6 0.870309 0.533781 0.219507 0.229864
1 0.870309 0.454631 0.171104 0.041010
4 0.869271 0.564815 0.190625 0.107407
7 0.943973 0.450347 0.047180 0.025959
0 0.378343 0.270793 0.208791 0.228949
1 0.378343 0.191940 0.112500 0.040741
6 0.381250 0.302778 0.177083 0.127778
4 0.430729 0.287963 0.071875 0.057407
6 0.377289 0.551316 0.221837 0.244275
1 0.400136 0.468243 0.155310 0.040741
7 0.377604 0.584259 0.105208 0.135185
6 0.397396 0.615741 0.036458 0.046296
0 0.863352 0.259603 0.219684 0.250176
1 0.839576 0.170796 0.112500 0.040741
6 0.859896 0.287037 0.188542 0.133333
7 0.939005 0.166885 0.043378 0.027704
6 0.607642 0.556234 0.207859 0.239640
1 0.607642 0.474555 0.134810 0.040741
7 0.607292 0.586111 0.089583 0.112963
2 0.601042 0.562963 0.050000 0.048148
6 0.603499 0.274777 0.211212 0.241055
1 0.603499 0.191020 0.138985 0.043779
4 0.604688 0.305556 0.182292 0.137037
6 0.626999 0.847658 0.224578 0.250050
1 0.626999 0.763209 0.174537 0.040741
2 0.628125 0.875926 0.195833 0.137037
2 0.652083 0.908333 0.129167 0.050000
6 0.141152 0.825247 0.223625 0.247175
1 0.141152 0.743991 0.143433 0.048030
7 0.141146 0.862037 0.092708 0.116667
7 0.215199 0.731624 0.050531 0.022892
0 0.865894 0.827289 0.216744 0.234762
1 0.865894 0.749467 0.130313 0.040741
2 0.868229 0.862963 0.186458 0.125926
2 0.907292 0.851852 0.104167 0.074074
7 0.932346 0.741518 0.058840 0.026183
0 0.382094 0.824462 0.208666 0.248337
1 0.414466 0.740000 0.123088 0.045129
5 0.382292 0.851852 0.095833 0.122222
2 0.380729 0.851852 0.053125 0.055556
