1 0.500000 0.138880 0.640000 0.063204
6 0.610469 0.538253 0.219918 0.240039
1 0.573741 0.456999 0.125627 0.045206
2 0.606771 0.564815 0.190625 0.122222
4 0.568750 0.583333 0.100000 0.055556
7 0.687839 0.449358 0.040178 0.025212
0 0.134248 0.541043 0.224770 0.227574
1 0.134248 0.461768 0.112500 0.040741
2 0.134375 0.569444 0.189583 0.124074
6 0.364595 0.807141 0.211054 0.229027
1 0.364595 0.733059 0.158158 0.040741
2 0.363542 0.835185 0.177083 0.111111
6 0.850492 0.277511 0.209361 0.235511
1 0.812478 0.201225 0.112500 0.045198
7 0.852083 0.309259 0.089583 0.114815
0 0.859682 0.828763 0.209506 0.235500
1 0.859682 0.748622 0.120311 0.040741
4 0.859375 0.859259 0.187500 0.133333
5 0.863021 0.863889 0.015625 0.031481
7 0.933215 0.747443 0.037439 0.035823
6 0.375587 0.270457 0.215040 0.247976
1 0.416440 0.182466 0.112500 0.040741
2 0.373958 0.298148 0.181250 0.140741
4 0.380208 0.298148 0.102083 0.085185
7 0.440976 0.182202 0.059260 0.034429
6 0.131302 0.829487 0.208586 0.230865
1 0.099282 0.752368 0.112500 0.040741
6 0.131250 0.857407 0.177083 0.111111
7 0.192571 0.749665 0.061048 0.034185
6 0.382955 0.551274 0.225402 0.234308
1 0.418322 0.468325 0.129235 0.040741
2 0.385937 0.580556 0.194792 0.120370
2 0.362500 0.601852 0.120833 0.062963
7 0.452662 0.464517 0.060989 0.023757
0 0.620320 0.842392 0.222654 0.240085
1 0.620320 0.755721 0.140794 0.040741
6 0.619792 0.870370 0.189583 0.144444
6 0.614347 0.268392 0.218407 0.234244
1 0.620390 0.187785 0.116328 0.044434
8 0.613542 0.294444 0.087500 0.111111
0 0.861435 0.537382 0.209983 0.246080
1 0.892710 0.454225 0.115587 0.040741
2 0.861458 0.574074 0.185417 0.122222
6 0.132694 0.265845 0.208788 0.248856
1 0.098166 0.178661 0.118900 0.040741
3 0.130729 0.298148 0.182292 0.129630
8 0.170313 0.270370 0.026042 0.033333
7 0.193084 0.178574 0.063007 0.037276
