1 0.500000 0.065340 0.520000 0.071420
6 0.132798 0.263719 0.209524 0.234234
1 0.132798 0.183147 0.144240 0.040741
6 0.132812 0.299074 0.186458 0.112963
7 0.173437 0.273148 0.021875 0.027778
7 0.192691 0.180120 0.064737 0.029999
6 0.121616 0.808940 0.208134 0.229136
1 0.121616 0.732854 0.120007 0.044253
2 0.119792 0.846296 0.181250 0.111111
2 0.071354 0.825926 0.069792 0.059259
0 0.384610 0.268413 0.213811 0.232569
1 0.384610 0.186456 0.159513 0.040741
2 0.384896 0.299074 0.178125 0.116667
2 0.336979 0.284259 0.078125 0.057407
7 0.450012 0.185521 0.058007 0.029749
6 0.869481 0.266646 0.217560 0.232173
1 0.911594 0.184793 0.112500 0.040741
6 0.865625 0.297222 0.189583 0.135185
6 0.359402 0.820986 0.211298 0.252737
1 0.359146 0.734695 0.131370 0.046758
2 0.359375 0.850000 0.183333 0.129630
5 0.307292 0.836111 0.039583 0.050000
0 0.625186 0.836315 0.217137 0.249455
1 0.635530 0.747714 0.121311 0.040741
2 0.625000 0.865741 0.189583 0.127778
7 0.693578 0.741893 0.055355 0.023573
0 0.861716 0.560122 0.221884 0.247814
1 0.863173 0.478297 0.112500 0.047422
3 0.864062 0.600000 0.190625 0.118519
2 0.902083 0.626852 0.091667 0.042593
6 0.132654 0.540470 0.226007 0.234806
1 0.110860 0.461151 0.161587 0.042590
6 0.133333 0.573148 0.191667 0.116667
7 0.202178 0.456538 0.061959 0.029904
6 0.626182 0.262389 0.220315 0.237049
1 0.642215 0.181718 0.117313 0.040741
5 0.628646 0.296296 0.084375 0.107407
6 0.613978 0.530364 0.220475 0.240084
1 0.640897 0.449040 0.145803 0.045976
2 0.614583 0.559259 0.195833 0.118519
8 0.654167 0.579630 0.022917 0.029630
6 0.366552 0.532042 0.209838 0.231072
1 0.366552 0.456678 0.112500 0.044808
5 0.368229 0.570370 0.082292 0.103704
6 0.864704 0.827387 0.212683 0.245394
1 0.825029 0.739661 0.112500 0.040741
7 0.863542 0.855556 0.102083 0.129630
7 0.882812 0.883333 0.026042 0.033333
