1 0.500000 0.122396 0.640000 0.071446
0 0.380034 0.258703 0.214010 0.248374
1 0.378261 0.170083 0.129283 0.044821
3 0.380208 0.293519 0.187500 0.124074
6 0.869423 0.832186 0.222954 0.255287
1 0.869423 0.743801 0.171782 0.040741
6 0.869792 0.862963 0.191667 0.148148
6 0.840104 0.892593 0.048958 0.062963
7 0.943884 0.742135 0.049031 0.038147
6 0.615348 0.823810 0.212530 0.247031
1 0.615348 0.740640 0.149796 0.047719
2 0.614583 0.856481 0.183333 0.127778
6 0.373929 0.540909 0.218723 0.248247
1 0.373929 0.454477 0.153226 0.047894
5 0.371875 0.572222 0.089583 0.114815
3 0.383854 0.550000 0.053125 0.051852
7 0.446268 0.451554 0.049045 0.032501
0 0.862008 0.544154 0.220451 0.229229
1 0.845451 0.463090 0.166505 0.040741
2 0.861979 0.566667 0.186458 0.118519
2 0.885938 0.566667 0.113542 0.070370
7 0.931610 0.463169 0.056248 0.030221
6 0.361559 0.839003 0.209819 0.241198
1 0.386285 0.756214 0.112500 0.040790
6 0.362500 0.872222 0.181250 0.129630
5 0.314583 0.904630 0.035417 0.046296
0 0.146202 0.824350 0.219057 0.250533
1 0.165752 0.738253 0.137439 0.046920
2 0.147917 0.860185 0.193750 0.120370
7 0.178646 0.882407 0.023958 0.031481
6 0.142037 0.257425 0.214547 0.238951
1 0.161109 0.172369 0.112500 0.042535
2 0.142708 0.290741 0.179167 0.114815
7 0.203406 0.176665 0.066808 0.040394
6 0.868888 0.262779 0.224482 0.251405
1 0.858219 0.175593 0.167029 0.044647
6 0.868229 0.296296 0.203125 0.140741
0 0.622956 0.244528 0.215359 0.231159
1 0.584181 0.165528 0.116974 0.045290
2 0.624479 0.279630 0.182292 0.100000
7 0.690201 0.166990 0.055869 0.039047
0 0.615038 0.565928 0.211974 0.253338
1 0.615038 0.477632 0.144786 0.041342
8 0.614583 0.604630 0.106250 0.135185
1 0.589063 0.572222 0.026042 0.033333
7 0.686619 0.469919 0.043811 0.024284
0 0.138123 0.533318 0.225504 0.229952
1 0.101757 0.452456 0.131939 0.040741
4 0.141146 0.560185 0.194792 0.127778
2 0.141146 0.562037 0.119792 0.061111
7 0.205656 0.451455 0.065439 0.029188
