1 0.500000 0.064995 0.520000 0.070731
6 0.865975 0.816396 0.217870 0.227778
1 0.823707 0.741304 0.112500 0.040741
7 0.867188 0.851852 0.084375 0.107407
6 0.871915 0.530289 0.222040 0.229459
1 0.871915 0.456332 0.140439 0.044289
7 0.870833 0.564815 0.089583 0.114815
7 0.885417 0.601852 0.020833 0.025926
0 0.126227 0.263666 0.212179 0.241771
1 0.131455 0.183064 0.146644 0.040741
6 0.126562 0.300000 0.178125 0.125926
6 0.154167 0.304630 0.047917 0.061111
0 0.612438 0.560268 0.222489 0.254277
1 0.612438 0.473500 0.112500 0.044968
5 0.612500 0.587963 0.106250 0.135185
7 0.622396 0.541667 0.023958 0.031481
7 0.677134 0.467041 0.068098 0.030786
0 0.608626 0.277632 0.218254 0.241068
1 0.608626 0.195305 0.159223 0.046613
2 0.609375 0.307407 0.187500 0.122222
8 0.658333 0.285185 0.022917 0.029630
7 0.684860 0.191368 0.040787 0.031503
6 0.363167 0.247934 0.218617 0.240248
1 0.384246 0.164434 0.149939 0.047239
5 0.361979 0.277778 0.086458 0.111111
7 0.378125 0.312963 0.020833 0.025926
0 0.382677 0.834798 0.214786 0.228595
1 0.407114 0.759061 0.145078 0.040741
4 0.383854 0.863889 0.190625 0.120370
7 0.455262 0.753287 0.044615 0.028536
6 0.629078 0.840051 0.223043 0.242865
1 0.629078 0.757731 0.112500 0.043504
2 0.630208 0.872222 0.197917 0.137037
0 0.139007 0.809536 0.225068 0.234478
1 0.139007 0.732685 0.160152 0.040741
7 0.140625 0.844444 0.079167 0.100000
2 0.137500 0.855556 0.041667 0.055556
6 0.861494 0.264876 0.224849 0.229282
1 0.837451 0.189897 0.155928 0.042076
2 0.859896 0.290741 0.194792 0.111111
4 0.820833 0.275000 0.100000 0.046296
0 0.127650 0.538940 0.209388 0.226725
1 0.127650 0.459525 0.152868 0.040741
3 0.125000 0.570370 0.181250 0.103704
6 0.369378 0.541458 0.214370 0.248931
1 0.369378 0.451791 0.122108 0.042303
2 0.366146 0.568519 0.184375 0.129630
