1 0.500000 0.125969 0.640000 0.076636
6 0.606170 0.257878 0.222486 0.225952
1 0.606170 0.180725 0.166654 0.040741
7 0.608333 0.288889 0.081250 0.103704
6 0.140433 0.281807 0.214086 0.254893
1 0.124536 0.192680 0.112500 0.043955
6 0.138021 0.319444 0.184375 0.135185
2 0.172396 0.335185 0.090625 0.070370
0 0.847708 0.248748 0.220776 0.231217
1 0.859090 0.170333 0.160911 0.040741
5 0.850000 0.281481 0.108333 0.107407
6 0.385820 0.824534 0.220720 0.226627
1 0.385820 0.750106 0.132126 0.040741
1 0.384375 0.850926 0.077083 0.098148
6 0.617659 0.821897 0.222019 0.243268
1 0.617659 0.738376 0.132699 0.040741
1 0.617708 0.854630 0.104167 0.131481
8 0.638021 0.888889 0.026042 0.033333
6 0.624798 0.557576 0.212575 0.244137
1 0.658802 0.474261 0.117728 0.040741
2 0.625000 0.583333 0.179167 0.125926
6 0.129589 0.542368 0.216303 0.231935
1 0.129589 0.462248 0.154250 0.042500
2 0.128646 0.581481 0.186458 0.114815
1 0.150000 0.548148 0.020833 0.025926
7 0.192626 0.460201 0.065230 0.030563
6 0.365900 0.543683 0.210322 0.239531
1 0.374383 0.462485 0.120436 0.040741
4 0.365104 0.581481 0.178125 0.118519
7 0.433231 0.462006 0.050660 0.039139
6 0.859548 0.827750 0.214806 0.229598
1 0.818811 0.748666 0.112500 0.040741
2 0.861458 0.860185 0.187500 0.124074
2 0.864583 0.855556 0.100000 0.044444
7 0.925024 0.743970 0.058852 0.025001
0 0.853474 0.551735 0.226499 0.252059
1 0.842761 0.460079 0.175739 0.040741
6 0.855729 0.583333 0.196875 0.144444
0 0.131101 0.807507 0.217716 0.230398
1 0.094815 0.732533 0.124311 0.041953
2 0.133333 0.841667 0.187500 0.124074
6 0.375581 0.248701 0.217123 0.231809
1 0.417453 0.170881 0.112500 0.040741
2 0.373958 0.273148 0.183333 0.116667
8 0.324479 0.249074 0.021875 0.027778
7 0.437168 0.164620 0.068948 0.026609
