1 0.729108 0.070544 0.324759 0.074421
6 0.137648 0.532493 0.217890 0.228111
1 0.137648 0.453903 0.112500 0.040741
2 0.141146 0.561111 0.188542 0.118519
7 0.205797 0.454015 0.056594 0.034119
0 0.141392 0.822011 0.220083 0.227291
1 0.149240 0.746249 0.150991 0.040741
2 0.140104 0.858333 0.194792 0.116667
7 0.216319 0.741886 0.045228 0.030004
0 0.860027 0.266507 0.217589 0.242128
1 0.893618 0.182482 0.116291 0.040741
8 0.863542 0.305556 0.089583 0.114815
0 0.361010 0.535365 0.208924 0.229691
1 0.323215 0.458712 0.112500 0.040741
1 0.360938 0.571296 0.088542 0.112963
6 0.383958 0.830841 0.216386 0.246886
1 0.424679 0.748666 0.114112 0.043004
4 0.386979 0.857407 0.188542 0.129630
0 0.867417 0.545935 0.223667 0.245030
1 0.867417 0.462152 0.129501 0.044589
2 0.867188 0.581481 0.190625 0.125926
7 0.947541 0.455214 0.038420 0.026550
0 0.849326 0.818261 0.224436 0.242402
1 0.849326 0.739409 0.166186 0.046200
2 0.848437 0.857407 0.190625 0.125926
1 0.807813 0.823148 0.021875 0.027778
6 0.376052 0.250809 0.214089 0.239826
1 0.376052 0.167870 0.122433 0.043049
6 0.376042 0.282407 0.185417 0.120370
0 0.624931 0.812923 0.219329 0.228236
1 0.644563 0.738869 0.148942 0.040741
8 0.622917 0.838889 0.081250 0.103704
6 0.612943 0.543660 0.212645 0.231756
1 0.575641 0.467618 0.117206 0.040741
2 0.615104 0.575926 0.184375 0.118519
6 0.139865 0.265421 0.215820 0.230536
1 0.165032 0.188766 0.144652 0.045638
7 0.141146 0.303704 0.082292 0.103704
2 0.155729 0.328704 0.046875 0.042593
6 0.613115 0.262830 0.218943 0.228047
1 0.613115 0.186829 0.160403 0.040741
8 0.613542 0.292593 0.070833 0.088889
4 0.603646 0.306481 0.038542 0.035185
