1 0.500000 0.066269 0.520000 0.073278
6 0.136654 0.271853 0.218048 0.231717
1 0.136654 0.196913 0.130288 0.043375
4 0.138542 0.304630 0.191667 0.109259
0 0.364723 0.539813 0.213087 0.240464
1 0.364723 0.456251 0.130776 0.042093
7 0.363542 0.563889 0.089583 0.112963
0 0.124276 0.547619 0.216722 0.236155
1 0.160863 0.463685 0.112500 0.040741
2 0.123958 0.579630 0.189583 0.118519
2 0.119792 0.588889 0.116667 0.048148
6 0.610787 0.851003 0.222641 0.255166
1 0.610787 0.759440 0.155918 0.042971
2 0.611458 0.881481 0.197917 0.155556
6 0.588542 0.855556 0.050000 0.062963
6 0.848207 0.542546 0.218063 0.234617
1 0.848207 0.459845 0.141385 0.040741
5 0.846875 0.569444 0.085417 0.109259
4 0.848958 0.578704 0.052083 0.050000
7 0.914390 0.456381 0.060697 0.025250
6 0.370005 0.265505 0.209061 0.229101
1 0.393180 0.188867 0.112500 0.040741
6 0.368229 0.303704 0.180208 0.111111
0 0.378332 0.840567 0.218611 0.245657
1 0.378332 0.757709 0.112500 0.040741
6 0.380208 0.874074 0.185417 0.129630
2 0.423958 0.885185 0.089583 0.062963
6 0.125044 0.839787 0.208521 0.240510
1 0.125044 0.759991 0.159156 0.040741
6 0.122917 0.870370 0.175000 0.125926
6 0.848516 0.270757 0.213620 0.242851
1 0.862885 0.190049 0.112500 0.040741
2 0.847396 0.298148 0.182292 0.129630
0 0.855121 0.835342 0.223327 0.232866
1 0.821563 0.753838 0.112500 0.040741
1 0.854688 0.861111 0.082292 0.103704
6 0.618482 0.270100 0.211091 0.235875
1 0.592785 0.186880 0.138864 0.040741
2 0.617708 0.300926 0.181250 0.127778
8 0.669792 0.343519 0.025000 0.031481
7 0.681214 0.184702 0.060627 0.028043
0 0.610473 0.524651 0.209776 0.226847
1 0.610473 0.446348 0.127150 0.043941
2 0.608854 0.557407 0.184375 0.122222
2 0.610417 0.560185 0.072917 0.064815
7 0.673169 0.445357 0.059384 0.031221
