1 0.500000 0.072714 0.520000 0.086169
6 0.841034 0.825038 0.208877 0.235574
1 0.841034 0.745078 0.131843 0.046988
2 0.841667 0.860185 0.181250 0.112963
2 0.869792 0.839815 0.104167 0.057407
7 0.899945 0.744709 0.066055 0.037879
0 0.140061 0.275121 0.217310 0.242954
1 0.140061 0.187665 0.124831 0.040741
6 0.135937 0.305556 0.188542 0.133333
4 0.089063 0.281481 0.073958 0.055556
7 0.211888 0.186874 0.048656 0.029425
6 0.605844 0.259748 0.209960 0.232360
1 0.601828 0.182277 0.152796 0.040741
6 0.602083 0.297222 0.181250 0.112963
7 0.676370 0.181211 0.043908 0.038251
6 0.608204 0.541849 0.214998 0.231078
1 0.608204 0.466032 0.120026 0.043488
2 0.607292 0.575000 0.181250 0.109259
7 0.565104 0.547222 0.019792 0.024074
0 0.378615 0.258895 0.213125 0.240139
1 0.399020 0.174688 0.151483 0.040741
7 0.381771 0.289815 0.088542 0.112963
2 0.392708 0.262037 0.041667 0.042593
0 0.853824 0.272144 0.226084 0.228332
1 0.853824 0.197441 0.118092 0.044947
2 0.855729 0.303704 0.192708 0.100000
0 0.364088 0.812339 0.212437 0.232482
1 0.364088 0.732178 0.142050 0.040741
6 0.363021 0.845370 0.180208 0.112963
6 0.324479 0.828704 0.042708 0.053704
6 0.386898 0.533743 0.219215 0.227946
1 0.429839 0.460278 0.112500 0.041189
7 0.383854 0.567593 0.080208 0.101852
4 0.390104 0.571296 0.044792 0.057407
6 0.129772 0.833568 0.215669 0.248138
1 0.099781 0.750836 0.120859 0.048703
2 0.130208 0.867593 0.193750 0.138889
8 0.181250 0.829630 0.027083 0.033333
7 0.198017 0.745689 0.054179 0.035344
6 0.870854 0.552117 0.225995 0.243785
1 0.909955 0.473806 0.126962 0.046987
7 0.871354 0.585185 0.084375 0.107407
2 0.870833 0.599074 0.054167 0.053704
7 0.953102 0.462357 0.036501 0.027228
6 0.137921 0.527602 0.220601 0.232989
1 0.137921 0.448957 0.147076 0.040741
5 0.136979 0.554630 0.088542 0.112963
2 0.147917 0.538889 0.054167 0.048148
6 0.610511 0.816023 0.225846 0.243811
1 0.654462 0.733514 0.117111 0.040741
1 0.611979 0.844444 0.105208 0.133333
7 0.687648 0.726565 0.046573 0.027858
