1 0.500000 0.067566 0.520000 0.075873
0 0.385092 0.270365 0.224970 0.230984
1 0.414819 0.192867 0.130602 0.045263
2 0.386979 0.306481 0.196875 0.109259
7 0.423438 0.337963 0.021875 0.027778
7 0.456600 0.185575 0.056955 0.024366
0 0.137021 0.535855 0.214028 0.243261
1 0.137021 0.449649 0.121903 0.040741
2 0.137500 0.565741 0.185417 0.120370
0 0.862991 0.279726 0.209912 0.241316
1 0.862991 0.192533 0.138716 0.040741
3 0.866667 0.313889 0.179167 0.131481
6 0.618496 0.273455 0.214573 0.227578
1 0.618496 0.193295 0.113539 0.040741
4 0.619271 0.301852 0.188542 0.107407
6 0.376936 0.834242 0.219157 0.228123
1 0.376936 0.756685 0.125501 0.040741
2 0.375521 0.863889 0.194792 0.127778
7 0.451312 0.755811 0.045405 0.034222
0 0.850852 0.558091 0.224275 0.233270
1 0.850852 0.483042 0.112500 0.043940
3 0.848437 0.589815 0.192708 0.116667
2 0.821875 0.602778 0.127083 0.068519
0 0.127738 0.253347 0.225969 0.227114
1 0.094021 0.178877 0.137703 0.040741
6 0.128125 0.284259 0.204167 0.120370
0 0.372182 0.551553 0.218752 0.250312
1 0.372182 0.465292 0.119282 0.042775
2 0.372396 0.589815 0.188542 0.131481
6 0.601232 0.842555 0.207972 0.244865
1 0.601232 0.753653 0.112500 0.040741
2 0.603646 0.871296 0.178125 0.142593
2 0.579167 0.846296 0.120833 0.055556
7 0.675958 0.751805 0.033521 0.026327
0 0.614059 0.558472 0.211014 0.253879
1 0.616082 0.470285 0.137023 0.041171
8 0.615104 0.589815 0.094792 0.120370
0 0.126047 0.823528 0.224884 0.254472
1 0.126047 0.734235 0.112500 0.046011
4 0.123438 0.852778 0.196875 0.142593
0 0.858047 0.810080 0.211345 0.237726
1 0.858047 0.728781 0.116150 0.040741
2 0.859896 0.836111 0.184375 0.127778
