1 0.500000 0.090633 0.380000 0.075287
0 0.860067 0.264942 0.223408 0.242358
1 0.892029 0.181719 0.138652 0.040741
2 0.858333 0.302778 0.195833 0.120370
6 0.861458 0.297222 0.047917 0.061111
6 0.146818 0.273816 0.224210 0.232289
1 0.146818 0.191250 0.154926 0.040741
2 0.146354 0.299074 0.198958 0.124074
7 0.222098 0.190915 0.048649 0.029450
6 0.380478 0.565831 0.213434 0.247586
1 0.378477 0.475933 0.120716 0.041436
2 0.382292 0.598148 0.183333 0.125926
7 0.432812 0.570370 0.023958 0.029630
6 0.602148 0.560456 0.213171 0.243502
1 0.602941 0.475576 0.112500 0.040741
6 0.603646 0.591667 0.188542 0.138889
4 0.580208 0.579630 0.122917 0.074074
7 0.665142 0.472123 0.062183 0.029798
6 0.371648 0.273731 0.226437 0.242883
1 0.391046 0.192293 0.166808 0.041870
2 0.370312 0.304630 0.203125 0.127778
2 0.335417 0.283333 0.125000 0.044444
6 0.851951 0.830516 0.220939 0.248057
1 0.851951 0.743437 0.136861 0.040884
2 0.851042 0.858333 0.185417 0.127778
6 0.607238 0.816638 0.220464 0.249975
1 0.607238 0.728373 0.112500 0.044984
2 0.606250 0.846296 0.195833 0.125926
7 0.684835 0.726442 0.040270 0.032546
6 0.144841 0.544333 0.222514 0.229393
1 0.144841 0.465790 0.114522 0.040903
4 0.144792 0.575926 0.200000 0.111111
2 0.103125 0.565741 0.100000 0.068519
0 0.125822 0.822757 0.208718 0.250268
1 0.125822 0.738412 0.119762 0.044892
2 0.127083 0.855556 0.177083 0.144444
6 0.370578 0.819940 0.211405 0.250843
1 0.370578 0.737650 0.124623 0.048676
5 0.368750 0.854630 0.091667 0.116667
6 0.355729 0.879630 0.032292 0.040741
6 0.626756 0.245762 0.215149 0.232872
1 0.608056 0.164125 0.155119 0.040836
2 0.623958 0.276852 0.187500 0.135185
0 0.871089 0.558239 0.221272 0.234687
1 0.871089 0.478006 0.139986 0.046618
5 0.872396 0.591667 0.115625 0.116667
