1 0.241050 0.077054 0.432100 0.087441
0 0.146341 0.529676 0.222863 0.240470
1 0.146341 0.444295 0.116652 0.040741
6 0.144792 0.561111 0.197917 0.129630
7 0.217065 0.439960 0.056416 0.024001
0 0.359617 0.842504 0.209862 0.243700
1 0.376518 0.756864 0.155227 0.041712
7 0.363542 0.875000 0.097917 0.124074
2 0.381771 0.898148 0.055208 0.048148
0 0.621727 0.269422 0.221398 0.242881
1 0.621727 0.188621 0.112500 0.040741
7 0.621875 0.295370 0.097917 0.124074
6 0.126544 0.825023 0.223688 0.231434
1 0.126544 0.752090 0.166685 0.045207
2 0.126562 0.862037 0.198958 0.094444
4 0.132292 0.863889 0.083333 0.046296
0 0.126657 0.272041 0.216991 0.229652
1 0.126657 0.194879 0.115520 0.040741
5 0.123958 0.299074 0.091667 0.116667
6 0.142708 0.319444 0.045833 0.057407
7 0.199480 0.193138 0.046344 0.034808
6 0.621636 0.833120 0.213270 0.231143
1 0.621636 0.751523 0.112500 0.040741
8 0.621354 0.860185 0.086458 0.109259
2 0.630208 0.862963 0.039583 0.066667
6 0.383128 0.540175 0.215738 0.231987
1 0.383128 0.460834 0.112500 0.043366
8 0.381771 0.567593 0.080208 0.101852
2 0.397396 0.569444 0.032292 0.053704
0 0.624844 0.532023 0.220602 0.245442
1 0.589763 0.445442 0.129606 0.040741
2 0.625000 0.564815 0.189583 0.125926
7 0.692731 0.442013 0.059828 0.028384
0 0.375459 0.260639 0.218636 0.239738
1 0.349070 0.178800 0.145026 0.040741
6 0.373437 0.287963 0.190625 0.124074
7 0.451217 0.173779 0.042119 0.028980
0 0.848466 0.826051 0.218989 0.242850
1 0.853746 0.738853 0.125572 0.040741
2 0.848437 0.859259 0.186458 0.122222
0 0.867610 0.531964 0.219324 0.231892
1 0.867610 0.454749 0.112500 0.045167
6 0.868229 0.568519 0.190625 0.103704
3 0.863021 0.579630 0.073958 0.044444
7 0.942433 0.449886 0.044678 0.030699
0 0.856063 0.271266 0.226248 0.243653
1 0.856063 0.186015 0.162581 0.043187
2 0.852604 0.304630 0.196875 0.116667
