1 0.738428 0.070177 0.379791 0.073688
6 0.605895 0.552133 0.217118 0.245483
1 0.590181 0.470167 0.164856 0.046669
2 0.605729 0.590741 0.190625 0.122222
0 0.868228 0.841888 0.218448 0.239936
1 0.868228 0.758218 0.170104 0.040741
5 0.866667 0.872222 0.104167 0.133333
6 0.632719 0.824850 0.226372 0.235971
1 0.632719 0.742895 0.136256 0.045696
2 0.629167 0.857407 0.197917 0.114815
7 0.628125 0.852778 0.022917 0.027778
7 0.702383 0.742993 0.062044 0.035220
6 0.125978 0.818758 0.218675 0.227253
1 0.164310 0.742044 0.112500 0.040741
2 0.127083 0.849074 0.193750 0.101852
6 0.177604 0.867593 0.028125 0.035185
0 0.371286 0.821711 0.219998 0.253991
1 0.371286 0.738748 0.160025 0.049250
7 0.371875 0.857407 0.102083 0.129630
2 0.395313 0.868519 0.042708 0.059259
6 0.130820 0.256200 0.208311 0.239745
1 0.103956 0.178786 0.112500 0.047716
6 0.128646 0.292593 0.182292 0.111111
0 0.609413 0.262827 0.220308 0.241903
1 0.593268 0.182906 0.112500 0.047781
8 0.612500 0.296296 0.097917 0.125926
1 0.626042 0.318519 0.022917 0.029630
7 0.673950 0.176565 0.066235 0.032341
6 0.377733 0.556842 0.216784 0.249539
1 0.377733 0.471252 0.129131 0.040741
7 0.376042 0.592593 0.104167 0.133333
6 0.136561 0.550588 0.217345 0.239820
1 0.136561 0.470950 0.152733 0.041497
6 0.134896 0.578704 0.184375 0.120370
6 0.130208 0.569444 0.033333 0.042593
0 0.858561 0.543325 0.224713 0.230453
1 0.883034 0.465236 0.154932 0.040801
7 0.861458 0.575000 0.085417 0.109259
2 0.856771 0.587037 0.048958 0.062963
0 0.852138 0.274220 0.219484 0.230579
1 0.813767 0.199202 0.121909 0.041235
2 0.852604 0.303704 0.192708 0.118519
7 0.927976 0.194150 0.042808 0.033402
6 0.370979 0.272551 0.221623 0.248723
1 0.370979 0.189396 0.126430 0.049199
8 0.369792 0.312037 0.091667 0.116667
