1 0.500000 0.069741 0.520000 0.080224
0 0.145413 0.275600 0.217580 0.242490
1 0.187536 0.196230 0.112500 0.045999
6 0.144271 0.309259 0.186458 0.118519
4 0.100000 0.325926 0.081250 0.044444
7 0.219575 0.185711 0.044256 0.025675
6 0.122414 0.536706 0.218786 0.235761
1 0.102713 0.458686 0.112500 0.040741
5 0.120313 0.568519 0.076042 0.096296
2 0.124479 0.561111 0.042708 0.051852
0 0.365793 0.831992 0.215481 0.237363
1 0.361132 0.749571 0.164214 0.044950
6 0.366667 0.864815 0.183333 0.125926
0 0.859732 0.821107 0.218223 0.234278
1 0.859732 0.744428 0.159236 0.043570
2 0.859896 0.854630 0.192708 0.105556
2 0.856771 0.848148 0.103125 0.066667
0 0.606939 0.538091 0.215309 0.250456
1 0.636972 0.450458 0.132145 0.040741
6 0.607292 0.563889 0.191667 0.142593
7 0.675930 0.447889 0.052328 0.033015
0 0.129802 0.819684 0.222795 0.228573
1 0.173780 0.742895 0.114005 0.040741
5 0.130729 0.848148 0.092708 0.118519
6 0.367655 0.257635 0.220520 0.254395
1 0.367655 0.169807 0.119273 0.040741
8 0.371354 0.286111 0.103125 0.131481
7 0.446636 0.164793 0.037558 0.031672
6 0.625530 0.822282 0.213217 0.252568
1 0.639661 0.732637 0.159239 0.040741
2 0.625521 0.848148 0.178125 0.137037
8 0.675521 0.812037 0.023958 0.031481
6 0.848088 0.563839 0.218964 0.243955
1 0.884939 0.482678 0.112500 0.042062
4 0.850000 0.594444 0.193750 0.137037
7 0.924221 0.474320 0.041698 0.027880
0 0.361106 0.553787 0.211924 0.244855
1 0.347790 0.466946 0.154000 0.040741
2 0.357812 0.586111 0.182292 0.131481
8 0.310937 0.625926 0.023958 0.029630
0 0.620067 0.260332 0.208214 0.252214
1 0.620067 0.175111 0.141900 0.048067
1 0.619271 0.297222 0.092708 0.116667
6 0.614062 0.289815 0.042708 0.053704
0 0.870011 0.273797 0.226521 0.239380
1 0.851279 0.194288 0.168223 0.040741
2 0.869792 0.307407 0.204167 0.107407
