1 0.500000 0.071863 0.520000 0.084467
6 0.133132 0.559027 0.224907 0.243381
1 0.133132 0.471736 0.119381 0.040741
1 0.133854 0.592593 0.092708 0.118519
2 0.140104 0.577778 0.061458 0.055556
6 0.603472 0.277192 0.216876 0.243308
1 0.603472 0.195095 0.112500 0.045475
2 0.600521 0.308333 0.186458 0.131481
6 0.623179 0.557240 0.220706 0.233752
1 0.608300 0.474113 0.150802 0.040741
2 0.622917 0.582407 0.189583 0.124074
4 0.668750 0.568519 0.091667 0.066667
6 0.149500 0.837951 0.224818 0.241038
1 0.146294 0.757249 0.112500 0.041077
6 0.152083 0.872222 0.197917 0.114815
5 0.087500 0.850926 0.033333 0.042593
0 0.864824 0.828212 0.222941 0.246704
1 0.902034 0.743355 0.127688 0.040741
6 0.863021 0.862037 0.192708 0.124074
6 0.380858 0.543670 0.225574 0.241498
1 0.354401 0.460068 0.144034 0.045153
3 0.383854 0.573148 0.196875 0.120370
6 0.136393 0.271612 0.215053 0.229441
1 0.154998 0.190368 0.157011 0.040741
2 0.135937 0.298148 0.182292 0.125926
7 0.211334 0.190370 0.040172 0.029919
0 0.385342 0.826469 0.221304 0.228470
1 0.424484 0.752403 0.122188 0.040741
2 0.386979 0.857407 0.192708 0.114815
5 0.382812 0.854630 0.030208 0.038889
0 0.378756 0.263429 0.210641 0.233432
1 0.349568 0.185134 0.129488 0.040741
2 0.376563 0.292593 0.182292 0.114815
6 0.869995 0.547125 0.225946 0.240199
1 0.896265 0.460881 0.133483 0.040837
2 0.871875 0.574074 0.195833 0.122222
2 0.838021 0.590741 0.117708 0.051852
6 0.620741 0.820919 0.221025 0.240300
1 0.632189 0.739341 0.144420 0.040741
5 0.618750 0.857407 0.058333 0.118519
2 0.622396 0.849074 0.032292 0.050000
7 0.694583 0.738466 0.048341 0.038357
6 0.873510 0.277760 0.226483 0.233450
1 0.854559 0.195890 0.116865 0.040741
4 0.873958 0.307407 0.202083 0.129630
