1 0.703100 0.068725 0.303785 0.070783
6 0.361056 0.265243 0.208168 0.250144
1 0.375992 0.176012 0.157013 0.040741
2 0.360938 0.302778 0.173958 0.138889
6 0.397917 0.337963 0.041667 0.053704
6 0.145324 0.557928 0.217765 0.233921
1 0.145324 0.477946 0.128577 0.040741
6 0.147396 0.585185 0.188542 0.122222
7 0.214596 0.475578 0.054221 0.032184
6 0.616900 0.551223 0.208573 0.245438
1 0.616900 0.464122 0.112500 0.040741
4 0.616667 0.583333 0.185417 0.137037
2 0.640104 0.547222 0.117708 0.053704
0 0.611408 0.255929 0.220751 0.247815
1 0.611408 0.176096 0.116170 0.047614
2 0.611458 0.300000 0.195833 0.118519
7 0.690359 0.165729 0.037849 0.030378
0 0.384265 0.551878 0.218285 0.238461
1 0.384265 0.473037 0.126086 0.041331
4 0.385937 0.581481 0.186458 0.122222
1 0.420833 0.601852 0.022917 0.029630
0 0.846842 0.245449 0.208823 0.233098
1 0.854958 0.169131 0.152504 0.040741
2 0.848958 0.272222 0.177083 0.114815
6 0.853756 0.532478 0.213871 0.238995
1 0.847536 0.450485 0.154309 0.040741
5 0.855208 0.563889 0.100000 0.127778
7 0.926478 0.447129 0.043427 0.031260
0 0.857846 0.827859 0.212269 0.248964
1 0.857846 0.740669 0.149899 0.040741
2 0.857812 0.852778 0.178125 0.135185
7 0.924390 0.739695 0.054181 0.035598
0 0.139107 0.285718 0.220322 0.250924
1 0.139107 0.198288 0.164978 0.047204
2 0.139063 0.322222 0.194792 0.137037
7 0.209824 0.192518 0.053887 0.027488
0 0.373218 0.824762 0.210533 0.237002
1 0.343397 0.747463 0.130057 0.045484
5 0.375521 0.854630 0.080208 0.101852
7 0.361458 0.839815 0.018750 0.024074
7 0.436218 0.740272 0.059532 0.030985
6 0.608236 0.828346 0.221434 0.235567
1 0.608236 0.750481 0.154581 0.040741
5 0.609896 0.860185 0.086458 0.109259
5 0.611458 0.854630 0.025000 0.031481
7 0.685335 0.746234 0.042235 0.034308
6 0.131347 0.811286 0.226521 0.233500
1 0.131347 0.730808 0.149656 0.043686
4 0.131771 0.836111 0.205208 0.120370
2 0.084375 0.828704 0.100000 0.072222
