1 0.500000 0.145112 0.640000 0.061245
6 0.134191 0.277885 0.210552 0.245527
1 0.134191 0.191788 0.112500 0.045772
2 0.135417 0.310185 0.183333 0.135185
6 0.126771 0.814005 0.224692 0.228219
1 0.126771 0.738586 0.114139 0.045323
2 0.125521 0.843519 0.194792 0.101852
7 0.198997 0.730809 0.055239 0.024791
0 0.124248 0.557093 0.211929 0.242351
1 0.124248 0.471706 0.159680 0.040741
2 0.121875 0.585185 0.185417 0.129630
2 0.170313 0.583333 0.080208 0.081481
0 0.618127 0.263302 0.208496 0.254911
1 0.618127 0.170967 0.118154 0.040741
5 0.618750 0.294444 0.112500 0.144444
7 0.683671 0.172969 0.052409 0.037208
0 0.366460 0.256137 0.219929 0.239991
1 0.392457 0.170580 0.146043 0.040741
2 0.363542 0.281481 0.191667 0.133333
6 0.324479 0.295370 0.051042 0.064815
0 0.382367 0.539326 0.208415 0.241593
1 0.419908 0.455670 0.112500 0.044966
2 0.380208 0.570370 0.177083 0.122222
4 0.425521 0.557407 0.073958 0.055556
6 0.844627 0.814838 0.217056 0.242775
1 0.844627 0.729466 0.143755 0.040741
2 0.842187 0.848148 0.184375 0.118519
6 0.376268 0.817163 0.225972 0.240370
1 0.376268 0.734332 0.165766 0.040741
2 0.376042 0.848148 0.204167 0.122222
7 0.406250 0.875926 0.022917 0.029630
7 0.450736 0.735639 0.052036 0.040285
0 0.848967 0.558353 0.215781 0.242455
1 0.848967 0.473111 0.112500 0.040741
2 0.846354 0.586111 0.186458 0.135185
8 0.845833 0.578704 0.027083 0.035185
0 0.602948 0.528237 0.214793 0.231968
1 0.589700 0.449626 0.154209 0.045294
7 0.604167 0.564815 0.085417 0.107407
0 0.855127 0.267489 0.222491 0.241935
1 0.855127 0.183602 0.147141 0.045606
8 0.854688 0.298148 0.096875 0.122222
6 0.606564 0.817047 0.212237 0.237386
1 0.571487 0.735317 0.121249 0.041471
2 0.608854 0.846296 0.186458 0.129630
