1 0.728202 0.077549 0.376583 0.088432
6 0.857379 0.532939 0.215407 0.239984
1 0.858528 0.449485 0.112500 0.041595
2 0.854688 0.567593 0.186458 0.116667
6 0.866631 0.834313 0.213170 0.249868
1 0.866631 0.749465 0.112500 0.040741
8 0.865104 0.871296 0.092708 0.116667
7 0.879687 0.832407 0.021875 0.027778
0 0.852526 0.268042 0.213279 0.241957
1 0.852526 0.187747 0.163291 0.042647
2 0.852604 0.300000 0.178125 0.111111
2 0.820312 0.286111 0.092708 0.061111
7 0.927211 0.178861 0.038910 0.026559
0 0.127114 0.272182 0.210818 0.253374
1 0.130330 0.190307 0.119299 0.049449
5 0.129167 0.308333 0.085417 0.109259
7 0.114062 0.280556 0.021875 0.027778
6 0.385621 0.255538 0.214320 0.233497
1 0.345127 0.175230 0.112500 0.040741
6 0.385417 0.291667 0.185417 0.116667
0 0.373298 0.822913 0.223990 0.243319
1 0.381950 0.741344 0.167701 0.040741
5 0.371875 0.860185 0.087500 0.112963
2 0.378125 0.850000 0.050000 0.048148
6 0.608489 0.847002 0.219742 0.253053
1 0.599814 0.755780 0.159268 0.040741
5 0.610417 0.877778 0.087500 0.111111
2 0.597396 0.862963 0.044792 0.055556
6 0.359742 0.536753 0.210361 0.242565
1 0.371196 0.454738 0.112500 0.040741
3 0.360938 0.571296 0.176042 0.131481
6 0.144358 0.548761 0.220078 0.240474
1 0.187730 0.468821 0.112500 0.047969
8 0.145833 0.582407 0.077083 0.098148
6 0.614673 0.530262 0.210396 0.240164
1 0.641900 0.448261 0.135110 0.042396
2 0.617188 0.562037 0.180208 0.127778
7 0.588542 0.602778 0.025000 0.031481
6 0.609321 0.264181 0.220623 0.234807
1 0.609321 0.182921 0.171577 0.040741
2 0.611458 0.299074 0.191667 0.127778
6 0.127777 0.828276 0.223182 0.253656
1 0.113008 0.740601 0.172809 0.040741
2 0.126562 0.861111 0.190625 0.133333
