1 0.729995 0.076527 0.351134 0.086387
6 0.381533 0.248162 0.226201 0.236432
1 0.381533 0.172215 0.141887 0.046650
6 0.383333 0.283333 0.193750 0.114815
3 0.434375 0.257407 0.075000 0.051852
7 0.457026 0.166436 0.050214 0.035942
6 0.853302 0.844741 0.221054 0.252813
1 0.861768 0.753091 0.161216 0.041569
7 0.851042 0.869444 0.097917 0.124074
0 0.621187 0.544604 0.226376 0.247429
1 0.618475 0.456109 0.112500 0.042977
2 0.619792 0.568519 0.202083 0.137037
6 0.653646 0.558333 0.053125 0.068519
7 0.687680 0.458006 0.068390 0.037195
0 0.139838 0.243721 0.217606 0.227466
1 0.112886 0.169067 0.125803 0.040741
2 0.140104 0.277778 0.184375 0.111111
7 0.096354 0.254630 0.019792 0.024074
0 0.129351 0.528503 0.221196 0.236853
1 0.129351 0.450507 0.112500 0.040741
6 0.130729 0.561111 0.192708 0.125926
2 0.083854 0.546296 0.092708 0.062963
6 0.857326 0.555139 0.222629 0.243293
1 0.840105 0.475982 0.140767 0.046447
5 0.858333 0.587037 0.089583 0.114815
2 0.865104 0.603704 0.055208 0.059259
7 0.926930 0.469331 0.058422 0.034640
6 0.851122 0.251105 0.222942 0.235678
1 0.895927 0.168580 0.112500 0.040741
2 0.852604 0.284259 0.194792 0.127778
6 0.618759 0.246132 0.220665 0.231331
1 0.662425 0.168242 0.112500 0.040741
3 0.620313 0.275926 0.192708 0.129630
0 0.375187 0.814508 0.223934 0.240387
1 0.375187 0.734151 0.112500 0.040741
1 0.375000 0.846296 0.095833 0.122222
6 0.604298 0.811014 0.212754 0.231017
1 0.604298 0.732011 0.123568 0.045704
8 0.603125 0.836111 0.083333 0.105556
2 0.601042 0.830556 0.041667 0.042593
7 0.675009 0.730726 0.046332 0.033402
0 0.381406 0.542989 0.226051 0.249592
1 0.395813 0.455444 0.112500 0.040741
6 0.381771 0.574074 0.203125 0.144444
7 0.379167 0.564815 0.029167 0.037037
0 0.137072 0.821539 0.224017 0.248356
1 0.152685 0.737088 0.171957 0.040741
2 0.141146 0.853704 0.194792 0.137037
7 0.206059 0.727607 0.061042 0.023454
