1 0.500000 0.072416 0.520000 0.085572
6 0.378838 0.820654 0.212219 0.235209
1 0.378838 0.744491 0.147238 0.044950
4 0.379167 0.857407 0.187500 0.118519
6 0.854961 0.823710 0.223504 0.241685
1 0.854961 0.736565 0.168676 0.040741
2 0.851562 0.850000 0.192708 0.125926
0 0.617040 0.266807 0.217478 0.235296
1 0.596928 0.190991 0.135278 0.043759
7 0.615104 0.301852 0.069792 0.088889
0 0.131299 0.265471 0.217202 0.230795
1 0.145100 0.187238 0.168767 0.040741
2 0.130208 0.296296 0.185417 0.129630
0 0.371868 0.255802 0.211761 0.243344
1 0.351983 0.172922 0.126522 0.044081
2 0.373958 0.287963 0.185417 0.112963
2 0.417187 0.284259 0.071875 0.068519
7 0.443812 0.165307 0.042874 0.025317
6 0.867286 0.266911 0.213125 0.252344
1 0.867286 0.181074 0.164717 0.042619
8 0.867708 0.304630 0.100000 0.127778
7 0.931280 0.175577 0.060137 0.032638
6 0.616141 0.812617 0.225377 0.243188
1 0.654680 0.730724 0.127466 0.041633
6 0.617708 0.844444 0.200000 0.122222
6 0.148452 0.558830 0.224902 0.253326
1 0.169317 0.473197 0.162339 0.043011
2 0.148438 0.589815 0.203125 0.124074
0 0.622245 0.541476 0.208774 0.255515
1 0.584525 0.456469 0.112500 0.047835
6 0.620833 0.578704 0.179167 0.116667
7 0.581771 0.545370 0.021875 0.027778
6 0.863006 0.537237 0.208787 0.226191
1 0.861424 0.459152 0.154981 0.040741
7 0.861458 0.573148 0.077083 0.098148
3 0.866146 0.584259 0.051042 0.035185
0 0.123489 0.822422 0.217501 0.254293
1 0.123489 0.731097 0.135733 0.040741
2 0.122396 0.857407 0.184375 0.137037
0 0.385040 0.557441 0.222283 0.233923
1 0.408003 0.475848 0.155524 0.042242
5 0.385417 0.593519 0.085417 0.109259
