1 0.500000 0.070259 0.380000 0.081993
6 0.125494 0.275315 0.216194 0.230688
1 0.091361 0.196394 0.112500 0.040741
4 0.123438 0.309259 0.184375 0.114815
7 0.166667 0.327778 0.020833 0.025926
6 0.141620 0.548557 0.215014 0.227966
1 0.141620 0.470482 0.137095 0.040741
4 0.143229 0.581481 0.184375 0.118519
5 0.196875 0.547222 0.025000 0.031481
0 0.611098 0.806237 0.212090 0.226852
1 0.598820 0.732221 0.146012 0.040741
7 0.609896 0.841667 0.086458 0.109259
6 0.128637 0.821528 0.220876 0.241323
1 0.157565 0.735855 0.136300 0.040741
5 0.130729 0.847222 0.103125 0.131481
2 0.116667 0.872222 0.054167 0.055556
0 0.378798 0.277515 0.217589 0.232905
1 0.399976 0.199206 0.154399 0.041275
2 0.380208 0.311111 0.187500 0.118519
4 0.353646 0.311111 0.115625 0.066667
6 0.860993 0.547355 0.224425 0.229099
1 0.906538 0.470318 0.112500 0.044153
2 0.861979 0.580556 0.190625 0.124074
6 0.853973 0.819139 0.221179 0.254398
1 0.896123 0.732229 0.112500 0.043402
2 0.855208 0.850926 0.187500 0.146296
2 0.815104 0.875000 0.082292 0.083333
6 0.618577 0.261011 0.213743 0.247284
1 0.618841 0.174825 0.156146 0.044156
7 0.616146 0.299074 0.088542 0.112963
6 0.376369 0.537734 0.215492 0.226102
1 0.358146 0.458630 0.112500 0.040741
6 0.375000 0.572222 0.191667 0.118519
4 0.375521 0.576852 0.128125 0.053704
0 0.866039 0.279473 0.213341 0.241935
1 0.866039 0.194395 0.154796 0.041265
5 0.864062 0.311111 0.092708 0.118519
7 0.868750 0.320370 0.022917 0.029630
0 0.388240 0.844451 0.222821 0.250049
1 0.357141 0.754114 0.139790 0.040741
2 0.386979 0.872222 0.196875 0.133333
6 0.605692 0.558817 0.214509 0.245252
1 0.627028 0.477174 0.116830 0.042084
2 0.603646 0.594444 0.186458 0.133333
6 0.604688 0.603704 0.059375 0.074074
