1 0.500000 0.125348 0.640000 0.075491
0 0.364650 0.525561 0.216378 0.226192
1 0.398836 0.452041 0.112500 0.041076
1 0.362500 0.560185 0.089583 0.112963
7 0.439355 0.442284 0.041969 0.022603
0 0.127476 0.543241 0.211750 0.240002
1 0.157128 0.458174 0.131612 0.040741
4 0.128646 0.575000 0.186458 0.124074
6 0.625335 0.247089 0.214613 0.228330
1 0.625335 0.171230 0.112500 0.040741
2 0.627083 0.275926 0.189583 0.118519
6 0.133848 0.846382 0.213137 0.248932
1 0.133848 0.761403 0.126527 0.040741
2 0.132812 0.882407 0.186458 0.120370
5 0.181250 0.851852 0.029167 0.037037
6 0.379148 0.257320 0.220689 0.254974
1 0.379148 0.172403 0.112500 0.044824
3 0.379688 0.294444 0.196875 0.129630
6 0.351562 0.275926 0.042708 0.055556
7 0.442691 0.166900 0.068603 0.037097
6 0.866074 0.283570 0.226272 0.251045
1 0.876433 0.197974 0.132338 0.040741
2 0.864583 0.315741 0.193750 0.138889
0 0.128573 0.260684 0.216360 0.245881
1 0.098721 0.180015 0.135823 0.044574
2 0.130208 0.294444 0.189583 0.129630
6 0.859256 0.561790 0.207838 0.250261
1 0.859256 0.477898 0.129110 0.048763
2 0.860938 0.591667 0.182292 0.124074
4 0.834896 0.585185 0.113542 0.066667
7 0.932003 0.470462 0.037344 0.030567
6 0.621301 0.826145 0.219353 0.245131
1 0.621301 0.740464 0.156653 0.041793
4 0.623437 0.855556 0.190625 0.129630
6 0.850792 0.838883 0.216266 0.231735
1 0.884628 0.759958 0.127762 0.041661
8 0.850521 0.871296 0.080208 0.101852
6 0.608070 0.557844 0.208699 0.243938
1 0.608070 0.476103 0.130874 0.040741
6 0.611458 0.595370 0.181250 0.124074
2 0.607292 0.584259 0.097917 0.061111
0 0.384924 0.837789 0.217100 0.230047
1 0.360931 0.762933 0.114736 0.044773
2 0.382812 0.875926 0.190625 0.100000
7 0.461120 0.753196 0.039708 0.023825
