1 0.500000 0.076449 0.520000 0.093639
6 0.130245 0.267818 0.224073 0.240714
1 0.175346 0.185076 0.113038 0.040741
2 0.130208 0.302778 0.202083 0.116667
8 0.126042 0.300000 0.020833 0.025926
6 0.364756 0.276918 0.210376 0.247075
1 0.327875 0.195969 0.115781 0.047894
7 0.362500 0.313889 0.083333 0.105556
0 0.126407 0.551521 0.209238 0.242325
1 0.126407 0.467356 0.139444 0.042567
5 0.129167 0.582407 0.050000 0.101852
0 0.868036 0.265125 0.217232 0.250272
1 0.845456 0.174151 0.151238 0.040741
6 0.867708 0.291667 0.193750 0.131481
6 0.377843 0.539723 0.214211 0.236383
1 0.408616 0.456494 0.131831 0.040741
8 0.377604 0.563889 0.088542 0.112963
3 0.354687 0.574074 0.034375 0.062963
0 0.863799 0.838598 0.225277 0.237086
1 0.864941 0.760160 0.171612 0.040741
3 0.863542 0.876852 0.197917 0.112963
6 0.124154 0.836601 0.214408 0.236572
1 0.124154 0.759002 0.160342 0.040741
8 0.123438 0.871296 0.080208 0.101852
4 0.104688 0.880556 0.034375 0.053704
6 0.628604 0.242714 0.218228 0.227877
1 0.628604 0.168321 0.138196 0.040741
2 0.629167 0.273148 0.189583 0.105556
4 0.587500 0.266667 0.093750 0.059259
0 0.364716 0.813571 0.218758 0.237227
1 0.332836 0.732961 0.123489 0.044133
6 0.365104 0.850926 0.182292 0.124074
6 0.848170 0.537342 0.224375 0.229282
1 0.848170 0.459323 0.132296 0.040741
3 0.849479 0.569444 0.194792 0.127778
7 0.912790 0.456957 0.070134 0.031474
6 0.606335 0.552769 0.210755 0.236774
1 0.606335 0.472111 0.155961 0.046372
6 0.607292 0.588889 0.181250 0.122222
7 0.666999 0.470210 0.064428 0.034618
6 0.619344 0.821912 0.213784 0.244724
1 0.605242 0.737328 0.164746 0.040847
2 0.619271 0.855556 0.184375 0.114815
