1 0.500000 0.071493 0.520000 0.083727
0 0.138590 0.551085 0.219212 0.253217
1 0.138590 0.460858 0.135105 0.046114
7 0.135937 0.583333 0.098958 0.125926
0 0.367279 0.542945 0.219524 0.250620
1 0.367279 0.457708 0.171134 0.042649
2 0.366146 0.575926 0.196875 0.125926
6 0.129224 0.253111 0.207823 0.234122
1 0.135195 0.177846 0.158570 0.045667
6 0.128646 0.287037 0.180208 0.114815
7 0.198525 0.168160 0.044222 0.027184
6 0.869234 0.249378 0.220772 0.228444
1 0.912953 0.172002 0.112500 0.040741
2 0.870833 0.278704 0.191667 0.124074
2 0.828125 0.289815 0.087500 0.057407
7 0.946256 0.165706 0.041728 0.024063
0 0.376681 0.841196 0.211939 0.246830
1 0.376681 0.759871 0.139632 0.047154
2 0.375521 0.874074 0.184375 0.122222
5 0.426563 0.893519 0.034375 0.042593
7 0.450546 0.749889 0.039210 0.027179
0 0.625829 0.261362 0.216919 0.251946
1 0.610727 0.169188 0.165882 0.040741
8 0.625521 0.286111 0.111458 0.142593
7 0.691902 0.169333 0.059774 0.030850
6 0.605205 0.823687 0.213198 0.248758
1 0.605205 0.738037 0.112500 0.040741
5 0.601042 0.848148 0.100000 0.125926
6 0.380395 0.255822 0.208941 0.234336
1 0.380395 0.171991 0.119538 0.040741
3 0.380729 0.279630 0.184375 0.122222
0 0.862099 0.811392 0.217562 0.230534
1 0.862099 0.734965 0.162919 0.040907
2 0.861458 0.849074 0.183333 0.109259
7 0.926760 0.730774 0.063238 0.032261
6 0.602812 0.542980 0.214311 0.246404
1 0.640273 0.457475 0.118556 0.043611
4 0.602604 0.579630 0.188542 0.129630
6 0.556771 0.558333 0.042708 0.053704
7 0.676468 0.455417 0.042000 0.034241
6 0.128246 0.822657 0.212018 0.228010
1 0.115103 0.750806 0.164898 0.044279
2 0.127083 0.862963 0.179167 0.100000
7 0.192903 0.743586 0.057704 0.032830
0 0.843753 0.544726 0.214799 0.251554
1 0.839681 0.453828 0.118187 0.041388
2 0.841667 0.580556 0.181250 0.131481
2 0.884375 0.557407 0.072917 0.074074
7 0.917101 0.457032 0.043103 0.039128
