1 0.500000 0.070831 0.520000 0.082403
0 0.366409 0.819485 0.210742 0.249879
1 0.386095 0.732883 0.146535 0.041879
6 0.366667 0.850926 0.183333 0.135185
6 0.852683 0.256471 0.211248 0.241292
1 0.852683 0.175281 0.144773 0.043024
2 0.851562 0.294444 0.184375 0.118519
6 0.607892 0.542960 0.208262 0.229599
1 0.607892 0.468882 0.127547 0.044213
4 0.606250 0.577778 0.177083 0.100000
6 0.137109 0.258832 0.225759 0.238751
1 0.183321 0.172848 0.112500 0.040741
2 0.135937 0.287037 0.196875 0.122222
7 0.204725 0.171362 0.065526 0.026773
6 0.623019 0.828176 0.224061 0.253029
1 0.591667 0.736802 0.140524 0.041269
4 0.620833 0.862037 0.195833 0.142593
7 0.698590 0.735617 0.047920 0.030874
0 0.612591 0.282591 0.215958 0.252217
1 0.612591 0.190875 0.112500 0.040741
3 0.614583 0.313889 0.187500 0.135185
6 0.378387 0.561015 0.219025 0.251539
1 0.350142 0.471697 0.141702 0.042366
7 0.379167 0.586111 0.106250 0.135185
6 0.860224 0.825443 0.214654 0.236537
1 0.860224 0.745393 0.112500 0.040741
4 0.861979 0.850926 0.188542 0.124074
6 0.122192 0.553051 0.210615 0.235120
1 0.116264 0.475805 0.112500 0.042462
2 0.122917 0.582407 0.177083 0.120370
2 0.163542 0.562037 0.083333 0.061111
6 0.375220 0.266383 0.225732 0.226457
1 0.375220 0.191325 0.123948 0.042449
7 0.374479 0.297222 0.086458 0.109259
2 0.396875 0.299074 0.035417 0.068519
6 0.856345 0.567309 0.215546 0.252631
1 0.856345 0.481341 0.112500 0.046485
2 0.859375 0.601852 0.185417 0.125926
6 0.125578 0.831879 0.216867 0.232207
1 0.125578 0.749733 0.115146 0.040741
5 0.125000 0.862963 0.095833 0.122222
2 0.127604 0.862037 0.061458 0.064815
