1 0.500000 0.143159 0.640000 0.070799
6 0.607169 0.270039 0.208831 0.251962
1 0.600780 0.179958 0.141307 0.042616
7 0.603646 0.304630 0.103125 0.131481
7 0.604688 0.305556 0.026042 0.033333
0 0.855745 0.554571 0.213602 0.244254
1 0.895879 0.467126 0.112500 0.042510
5 0.855729 0.589815 0.088542 0.112963
7 0.922935 0.467483 0.054222 0.033042
6 0.375378 0.565953 0.214721 0.253560
1 0.375378 0.479510 0.166765 0.043071
2 0.373437 0.602778 0.186458 0.138889
3 0.415625 0.618519 0.085417 0.074074
7 0.437718 0.476050 0.065042 0.036717
0 0.853683 0.823971 0.213278 0.233266
1 0.853683 0.745828 0.154887 0.040741
5 0.853125 0.857407 0.072917 0.092593
7 0.919139 0.743036 0.057367 0.034357
0 0.141022 0.558290 0.221341 0.243156
1 0.167324 0.472154 0.113120 0.040741
2 0.143229 0.587037 0.194792 0.133333
0 0.125342 0.814642 0.222567 0.232588
1 0.126748 0.733533 0.129112 0.044213
3 0.126042 0.847222 0.191667 0.116667
2 0.089583 0.828704 0.097917 0.042593
6 0.863983 0.269061 0.219877 0.234592
1 0.863983 0.191755 0.112500 0.040741
2 0.863021 0.299074 0.194792 0.127778
7 0.933114 0.182909 0.056614 0.025250
0 0.375071 0.833400 0.223447 0.233954
1 0.375071 0.756429 0.126155 0.040741
2 0.374479 0.863889 0.198958 0.124074
6 0.369950 0.274679 0.225563 0.250283
1 0.383823 0.187829 0.133220 0.044149
7 0.367708 0.301852 0.095833 0.122222
8 0.391667 0.267593 0.022917 0.027778
7 0.439764 0.184165 0.060936 0.032216
0 0.125049 0.282400 0.208761 0.243689
1 0.125271 0.199453 0.162783 0.045501
2 0.123438 0.316667 0.182292 0.111111
5 0.176563 0.287963 0.017708 0.035185
7 0.186707 0.198256 0.060445 0.038364
6 0.611188 0.821487 0.218099 0.232661
1 0.592150 0.745283 0.143627 0.040741
2 0.611458 0.850926 0.189583 0.112963
7 0.687701 0.739623 0.040073 0.031894
6 0.610833 0.540321 0.211201 0.232914
1 0.610833 0.460118 0.112500 0.040741
7 0.608333 0.565741 0.091667 0.116667
