1 0.790732 0.072583 0.365132 0.078499
0 0.386893 0.536575 0.225776 0.241920
1 0.411996 0.455017 0.112500 0.040741
4 0.385937 0.563889 0.194792 0.124074
0 0.627676 0.819150 0.223304 0.241472
1 0.653335 0.735193 0.151153 0.040741
2 0.628125 0.855556 0.200000 0.129630
0 0.385505 0.249983 0.225846 0.240318
1 0.385505 0.170244 0.137955 0.040741
6 0.384896 0.281481 0.201042 0.125926
6 0.861423 0.257779 0.211214 0.227813
1 0.861423 0.177383 0.112500 0.040741
2 0.859375 0.281481 0.179167 0.114815
2 0.860417 0.282407 0.112500 0.053704
0 0.382719 0.813373 0.216560 0.230432
1 0.382719 0.732748 0.161908 0.040741
3 0.382812 0.847222 0.180208 0.112963
7 0.458067 0.728300 0.040864 0.023249
0 0.145424 0.823995 0.224261 0.251485
1 0.145424 0.732513 0.135020 0.041373
2 0.145313 0.854630 0.188542 0.135185
0 0.623562 0.540849 0.214218 0.237290
1 0.593812 0.456112 0.122798 0.040741
5 0.627083 0.564815 0.100000 0.125926
6 0.119264 0.263136 0.210957 0.249354
1 0.119264 0.173046 0.112500 0.040741
5 0.115625 0.295370 0.131250 0.131481
0 0.853026 0.552926 0.217876 0.247531
1 0.810754 0.465333 0.112500 0.044139
2 0.853646 0.577778 0.186458 0.133333
7 0.921235 0.461231 0.056458 0.027104
6 0.139736 0.554906 0.226315 0.226572
1 0.105900 0.481094 0.120941 0.040741
2 0.141146 0.589815 0.192708 0.105556
2 0.114583 0.587963 0.118750 0.061111
6 0.609638 0.267449 0.217491 0.241584
1 0.597198 0.187351 0.114252 0.040741
2 0.611458 0.299074 0.193750 0.138889
6 0.569792 0.324074 0.045833 0.059259
6 0.857231 0.825232 0.208441 0.247064
1 0.823731 0.737956 0.120609 0.040741
2 0.856250 0.855556 0.177083 0.125926
