1 0.688150 0.069195 0.288816 0.071723
6 0.873397 0.549575 0.224994 0.251913
1 0.905938 0.458852 0.139080 0.040741
5 0.873437 0.574074 0.098958 0.125926
2 0.878125 0.581481 0.050000 0.051852
6 0.366882 0.271630 0.217098 0.237721
1 0.361848 0.196010 0.166660 0.046415
2 0.367708 0.309259 0.191667 0.111111
6 0.370833 0.301852 0.029167 0.037037
0 0.147264 0.252286 0.223076 0.244886
1 0.163731 0.166288 0.112500 0.040741
2 0.146875 0.283333 0.191667 0.129630
7 0.216012 0.167655 0.060581 0.038586
0 0.608158 0.824098 0.223634 0.235886
1 0.652485 0.743730 0.114146 0.040741
2 0.608333 0.853704 0.197917 0.122222
0 0.842990 0.273353 0.213787 0.227179
1 0.839674 0.196853 0.112500 0.040741
2 0.845313 0.305556 0.182292 0.118519
7 0.815625 0.331481 0.022917 0.029630
0 0.143893 0.815768 0.219562 0.240565
1 0.143893 0.729936 0.153350 0.040741
2 0.145313 0.844444 0.188542 0.129630
7 0.211850 0.727885 0.058647 0.027762
6 0.865655 0.833160 0.218526 0.241800
1 0.865655 0.746338 0.112500 0.040810
2 0.867188 0.858333 0.188542 0.138889
0 0.360193 0.538419 0.211692 0.243744
1 0.360193 0.452494 0.112500 0.044398
8 0.360417 0.572222 0.087500 0.111111
6 0.610656 0.249697 0.217129 0.229335
1 0.652554 0.169281 0.112500 0.041131
5 0.608333 0.276852 0.077083 0.098148
7 0.684208 0.166649 0.045026 0.026204
6 0.615114 0.559602 0.213653 0.248062
1 0.615114 0.471229 0.112500 0.040741
2 0.615104 0.589815 0.184375 0.131481
1 0.642188 0.561111 0.098958 0.007407
0 0.384746 0.840769 0.221986 0.250470
1 0.402840 0.749952 0.164868 0.040741
5 0.381771 0.866667 0.107292 0.137037
0 0.135166 0.558826 0.215550 0.245807
1 0.117348 0.472758 0.155922 0.044477
7 0.134375 0.594444 0.102083 0.129630
