1 0.771898 0.075842 0.351477 0.085016
6 0.857707 0.259082 0.226464 0.253644
1 0.842619 0.171047 0.175265 0.048606
2 0.859375 0.290741 0.202083 0.140741
6 0.856250 0.282407 0.054167 0.068519
6 0.134402 0.256233 0.209401 0.240459
1 0.134402 0.175857 0.162056 0.040741
2 0.133854 0.289815 0.173958 0.109259
2 0.130208 0.282407 0.095833 0.038889
6 0.365204 0.835320 0.208903 0.236284
1 0.365204 0.754051 0.159280 0.041289
1 0.368229 0.869444 0.176042 0.012963
5 0.366667 0.883333 0.020833 0.025926
7 0.423871 0.755402 0.066570 0.039413
0 0.614421 0.814689 0.225310 0.226524
1 0.614421 0.737950 0.119939 0.040741
1 0.616667 0.849074 0.070833 0.090741
2 0.611458 0.837963 0.035417 0.050000
7 0.688780 0.731567 0.051591 0.023242
0 0.143064 0.830282 0.214105 0.243393
1 0.143064 0.745053 0.112613 0.042274
2 0.142708 0.865741 0.185417 0.127778
0 0.360399 0.567942 0.212703 0.255518
1 0.358123 0.474910 0.156932 0.040741
3 0.357812 0.601852 0.184375 0.148148
7 0.333333 0.572222 0.029167 0.037037
0 0.615659 0.247795 0.207855 0.229457
1 0.652919 0.168938 0.112500 0.044074
2 0.615104 0.280556 0.186458 0.105556
4 0.609375 0.279630 0.104167 0.040741
6 0.856950 0.837610 0.217638 0.239605
1 0.884355 0.756347 0.132845 0.044889
2 0.855208 0.866667 0.187500 0.129630
6 0.820312 0.854630 0.044792 0.057407
7 0.927175 0.747689 0.052188 0.022726
0 0.855186 0.539722 0.222232 0.238936
1 0.830310 0.457420 0.129328 0.040741
4 0.854167 0.566667 0.193750 0.129630
2 0.817708 0.583333 0.114583 0.059259
6 0.119965 0.533967 0.208542 0.246191
1 0.119965 0.451084 0.112500 0.040741
1 0.120833 0.568519 0.087500 0.111111
6 0.624681 0.539648 0.226343 0.226348
1 0.624681 0.462385 0.128203 0.042617
7 0.627083 0.576852 0.081250 0.101852
2 0.612500 0.580556 0.041667 0.061111
0 0.383171 0.269139 0.217564 0.227668
1 0.378218 0.188671 0.144321 0.040741
6 0.383333 0.293519 0.187500 0.116667
8 0.419792 0.275926 0.020833 0.025926
