1 0.234521 0.070931 0.419043 0.075194
6 0.861368 0.811858 0.222270 0.237219
1 0.861368 0.733214 0.135205 0.040741
2 0.859375 0.842593 0.193750 0.133333
7 0.941323 0.730946 0.037362 0.038359
0 0.382003 0.846899 0.216807 0.248622
1 0.382003 0.761737 0.136370 0.045805
3 0.380208 0.880556 0.191667 0.138889
6 0.387376 0.530035 0.218889 0.238843
1 0.387376 0.447750 0.150745 0.040741
2 0.388542 0.558333 0.191667 0.120370
6 0.126581 0.283139 0.215004 0.246757
1 0.126581 0.193630 0.155633 0.040741
2 0.126562 0.309259 0.184375 0.129630
3 0.080208 0.287963 0.081250 0.079630
7 0.201576 0.192755 0.040015 0.028951
6 0.130096 0.843827 0.222745 0.254791
1 0.092320 0.752484 0.112500 0.043306
2 0.128125 0.882407 0.193750 0.138889
4 0.087500 0.902778 0.087500 0.057407
6 0.384374 0.256021 0.220352 0.250092
1 0.384374 0.169689 0.112500 0.047602
2 0.384375 0.284259 0.195833 0.135185
2 0.389062 0.277778 0.090625 0.070370
6 0.858113 0.269109 0.218835 0.247488
1 0.858113 0.180136 0.155388 0.041468
7 0.858854 0.293519 0.103125 0.131481
6 0.883333 0.272222 0.035417 0.044444
6 0.615971 0.282967 0.211884 0.244695
1 0.600570 0.198099 0.160247 0.044072
6 0.612500 0.311111 0.181250 0.133333
6 0.584375 0.276852 0.033333 0.042593
0 0.858719 0.544937 0.209819 0.252858
1 0.846611 0.453849 0.121641 0.040741
2 0.858854 0.575926 0.186458 0.137037
6 0.608531 0.833305 0.214352 0.228080
1 0.608531 0.753105 0.132702 0.040741
6 0.606771 0.861111 0.184375 0.129630
6 0.636979 0.867593 0.051042 0.064815
6 0.140623 0.553253 0.226506 0.241626
1 0.140623 0.466800 0.167153 0.042185
2 0.138021 0.583333 0.196875 0.140741
7 0.212756 0.463538 0.057240 0.025159
0 0.619592 0.554776 0.214392 0.253738
1 0.583729 0.470088 0.121834 0.045400
6 0.620833 0.585185 0.181250 0.125926
7 0.693378 0.459386 0.041820 0.025920
