1 0.500000 0.060261 0.380000 0.059867
0 0.846376 0.545084 0.212731 0.245899
1 0.837400 0.461991 0.124745 0.041972
5 0.848958 0.576852 0.085417 0.109259
7 0.909000 0.454618 0.062484 0.027929
0 0.603485 0.265766 0.209413 0.226466
1 0.571039 0.187664 0.123688 0.040741
2 0.604167 0.297222 0.177083 0.120370
0 0.624926 0.845586 0.214273 0.248475
1 0.645651 0.760557 0.151989 0.040741
2 0.625521 0.874074 0.184375 0.140741
2 0.578646 0.889815 0.076042 0.075926
0 0.368414 0.244594 0.212341 0.226922
1 0.369225 0.171084 0.164443 0.045282
4 0.369792 0.280556 0.189583 0.094444
7 0.437820 0.169653 0.048528 0.040002
0 0.371193 0.831419 0.221111 0.243764
1 0.351342 0.749481 0.160575 0.047158
8 0.372917 0.868519 0.079167 0.100000
3 0.369271 0.856481 0.051042 0.050000
7 0.446781 0.740556 0.044935 0.025001
0 0.851961 0.258755 0.217630 0.252780
1 0.885252 0.172020 0.125567 0.040923
6 0.852083 0.284259 0.187500 0.138889
7 0.922229 0.168462 0.052095 0.035157
6 0.380780 0.550345 0.222390 0.227138
1 0.408341 0.474042 0.146435 0.041119
1 0.379688 0.576852 0.076042 0.098148
6 0.137703 0.829631 0.211957 0.231934
1 0.122912 0.751897 0.123688 0.042578
5 0.138021 0.862037 0.123958 0.124074
7 0.212244 0.743316 0.037874 0.022266
6 0.620706 0.553535 0.221193 0.227659
1 0.610939 0.478914 0.151505 0.040741
3 0.620313 0.580556 0.198958 0.109259
0 0.867351 0.839773 0.215555 0.252526
1 0.866869 0.753673 0.117141 0.047451
2 0.868750 0.869444 0.189583 0.127778
4 0.911458 0.884259 0.095833 0.053704
0 0.122501 0.248360 0.215161 0.229830
1 0.113559 0.170195 0.153709 0.040741
4 0.120313 0.279630 0.184375 0.100000
2 0.072917 0.297222 0.085417 0.042593
0 0.135661 0.560943 0.217105 0.242942
1 0.170410 0.475229 0.126773 0.042166
8 0.133854 0.591667 0.101042 0.127778
