1 0.500000 0.067042 0.520000 0.074824
6 0.852384 0.831052 0.221291 0.228285
1 0.852384 0.750481 0.113047 0.040741
1 0.852604 0.861111 0.090625 0.114815
6 0.621397 0.543217 0.226416 0.238579
1 0.576382 0.457719 0.112500 0.040741
8 0.622396 0.570370 0.092708 0.118519
2 0.604688 0.593519 0.036458 0.061111
6 0.856132 0.541343 0.209179 0.241386
1 0.864781 0.455919 0.112500 0.041425
2 0.858333 0.578704 0.179167 0.127778
7 0.919324 0.456168 0.057795 0.033999
0 0.143877 0.543611 0.219019 0.253046
1 0.151317 0.452818 0.155469 0.045227
5 0.145833 0.574074 0.102083 0.129630
2 0.139063 0.597222 0.061458 0.068519
7 0.222225 0.448803 0.037323 0.026393
6 0.380201 0.274485 0.209408 0.233855
1 0.380201 0.195976 0.124576 0.040741
2 0.377604 0.306481 0.178125 0.109259
0 0.124490 0.253681 0.208384 0.241799
1 0.124490 0.174328 0.126459 0.043317
2 0.123438 0.283333 0.182292 0.125926
7 0.183369 0.166490 0.065626 0.030380
6 0.622607 0.248540 0.210535 0.227279
1 0.593356 0.169118 0.112500 0.041263
2 0.620313 0.282407 0.178125 0.112963
2 0.663542 0.289815 0.085417 0.064815
6 0.849859 0.259799 0.217098 0.242092
1 0.819238 0.181249 0.135023 0.047144
2 0.850521 0.296296 0.188542 0.129630
2 0.893229 0.319444 0.092708 0.053704
0 0.123739 0.833424 0.211863 0.253984
1 0.123739 0.746607 0.133427 0.046568
3 0.125521 0.871296 0.180208 0.127778
6 0.130208 0.860185 0.035417 0.046296
6 0.604872 0.833699 0.209972 0.251284
1 0.604872 0.745251 0.137582 0.047392
2 0.604167 0.864815 0.181250 0.129630
0 0.380843 0.837257 0.216490 0.245228
1 0.409665 0.752721 0.138011 0.040909
4 0.381250 0.865741 0.183333 0.131481
2 0.358333 0.848148 0.120833 0.059259
6 0.368233 0.538878 0.219133 0.227930
1 0.368233 0.462292 0.127856 0.045339
6 0.368750 0.573148 0.185417 0.098148
2 0.372917 0.571296 0.079167 0.061111
