1 0.500000 0.126970 0.640000 0.077328
6 0.621329 0.267586 0.216507 0.239903
1 0.621329 0.188767 0.112500 0.046149
2 0.618750 0.297222 0.185417 0.112963
7 0.682667 0.185211 0.068830 0.038115
6 0.861102 0.259903 0.215874 0.232360
1 0.877380 0.180312 0.112500 0.046242
5 0.858333 0.289815 0.083333 0.105556
6 0.850769 0.825016 0.209327 0.234025
1 0.888766 0.750746 0.112500 0.045960
5 0.850000 0.864815 0.114583 0.114815
0 0.380236 0.537209 0.214766 0.252718
1 0.380236 0.452345 0.118476 0.044832
4 0.379167 0.565741 0.181250 0.135185
8 0.419271 0.541667 0.023958 0.031481
6 0.387607 0.262847 0.226059 0.244469
1 0.343147 0.182005 0.116305 0.043428
5 0.386458 0.294444 0.085417 0.107407
7 0.373437 0.329630 0.019792 0.025926
0 0.137506 0.261298 0.210744 0.249642
1 0.137506 0.178834 0.112500 0.045153
2 0.135937 0.295370 0.180208 0.127778
6 0.373308 0.832546 0.221712 0.232215
1 0.347366 0.754432 0.148995 0.040741
2 0.373437 0.863889 0.194792 0.109259
6 0.865513 0.528557 0.222731 0.232817
1 0.865513 0.445560 0.141688 0.040741
2 0.864062 0.556481 0.194792 0.124074
2 0.893750 0.540741 0.118750 0.074074
7 0.929855 0.443416 0.069047 0.025498
6 0.614206 0.845377 0.225916 0.246113
1 0.614206 0.758572 0.134682 0.042451
8 0.616667 0.874074 0.089583 0.114815
7 0.694924 0.752937 0.039479 0.024195
0 0.124182 0.548951 0.207902 0.234772
1 0.120445 0.468220 0.137700 0.041841
6 0.126042 0.584259 0.179167 0.120370
6 0.118620 0.820640 0.212068 0.226806
1 0.084292 0.744057 0.117790 0.040741
7 0.118229 0.848148 0.086458 0.111111
3 0.111979 0.865741 0.048958 0.057407
7 0.182879 0.743960 0.058551 0.036410
0 0.606555 0.550830 0.221229 0.254273
1 0.614141 0.459775 0.134412 0.041525
7 0.604167 0.587963 0.097917 0.124074
