1 0.238896 0.073788 0.427792 0.080908
6 0.857425 0.278573 0.211445 0.241668
1 0.857425 0.193009 0.124391 0.040741
7 0.860417 0.313889 0.093750 0.120370
6 0.376502 0.552721 0.214797 0.236187
1 0.382155 0.473451 0.166698 0.040741
1 0.376563 0.582407 0.167708 0.012963
7 0.452175 0.472261 0.038450 0.038229
6 0.140832 0.278295 0.217479 0.247074
1 0.119689 0.188866 0.112500 0.041646
5 0.140104 0.309259 0.096875 0.122222
6 0.137763 0.541443 0.224976 0.243933
1 0.113798 0.459624 0.112500 0.040741
2 0.138021 0.575000 0.190625 0.116667
3 0.108854 0.554630 0.113542 0.050000
6 0.385530 0.834100 0.220036 0.227775
1 0.393185 0.758582 0.144288 0.040741
2 0.386458 0.860185 0.189583 0.116667
6 0.361944 0.258725 0.207938 0.253021
1 0.379615 0.170271 0.151762 0.047356
3 0.362500 0.294444 0.183333 0.122222
7 0.424724 0.169454 0.057378 0.037442
0 0.616639 0.265759 0.221897 0.240104
1 0.632150 0.180064 0.170043 0.040741
6 0.617708 0.300926 0.193750 0.127778
6 0.854589 0.559486 0.210211 0.243667
1 0.854589 0.471996 0.144806 0.040741
6 0.853125 0.584259 0.177083 0.138889
2 0.828125 0.612037 0.102083 0.072222
0 0.142348 0.835455 0.212738 0.251313
1 0.105876 0.746570 0.118962 0.040741
2 0.143750 0.867593 0.179167 0.135185
2 0.138542 0.857407 0.068750 0.070370
7 0.207160 0.741143 0.058115 0.025652
6 0.862282 0.813836 0.221835 0.227589
1 0.837227 0.736522 0.123736 0.044684
2 0.861458 0.846296 0.193750 0.100000
6 0.821875 0.852778 0.041667 0.053704
0 0.605583 0.560542 0.209481 0.252696
1 0.605583 0.473564 0.159983 0.043909
2 0.606250 0.589815 0.177083 0.127778
2 0.634896 0.576852 0.103125 0.050000
6 0.614712 0.840512 0.214481 0.235739
1 0.614712 0.760372 0.112500 0.040741
4 0.613542 0.875926 0.183333 0.122222
8 0.664062 0.913889 0.021875 0.027778
