1 0.672792 0.068412 0.304896 0.070158
0 0.611237 0.527951 0.214336 0.232396
1 0.633022 0.448551 0.126544 0.040741
2 0.613542 0.562037 0.185417 0.120370
7 0.686047 0.447219 0.039715 0.033897
0 0.135571 0.532571 0.209391 0.230708
1 0.135571 0.455058 0.112500 0.044783
4 0.134375 0.573148 0.175000 0.109259
2 0.095312 0.570370 0.082292 0.059259
7 0.195078 0.452906 0.065376 0.034340
6 0.857369 0.539053 0.224537 0.236587
1 0.811767 0.457805 0.112500 0.040741
6 0.858333 0.575000 0.191667 0.120370
6 0.609196 0.819580 0.219853 0.240895
1 0.609196 0.738373 0.154431 0.042831
7 0.609896 0.851852 0.088542 0.111111
4 0.625000 0.848148 0.050000 0.059259
6 0.128566 0.273713 0.212871 0.231457
1 0.114005 0.195293 0.162915 0.040741
2 0.128646 0.308333 0.188542 0.124074
2 0.076042 0.281481 0.077083 0.051852
0 0.861813 0.256976 0.213576 0.251744
1 0.893849 0.171663 0.128668 0.044996
6 0.864583 0.290741 0.185417 0.133333
5 0.924479 0.323148 0.019792 0.038889
0 0.377330 0.814645 0.209275 0.243484
1 0.382876 0.729213 0.131155 0.040741
7 0.376563 0.849074 0.086458 0.109259
6 0.361979 0.861111 0.030208 0.037037
7 0.452322 0.725702 0.034292 0.028563
6 0.121911 0.838582 0.216563 0.239723
1 0.121911 0.756417 0.120789 0.046161
7 0.121875 0.873148 0.091667 0.116667
7 0.139063 0.837963 0.021875 0.027778
7 0.197939 0.751102 0.039505 0.027726
6 0.376752 0.565212 0.215754 0.251088
1 0.376752 0.474060 0.157763 0.040741
2 0.377604 0.593519 0.192708 0.150000
7 0.431250 0.562963 0.027083 0.033333
7 0.450335 0.470322 0.043588 0.024271
6 0.850748 0.841332 0.221540 0.242412
1 0.864998 0.757451 0.172208 0.040741
5 0.847917 0.865741 0.100000 0.127778
0 0.611560 0.271121 0.211506 0.229113
1 0.611560 0.190764 0.124471 0.040741
2 0.611979 0.303704 0.176042 0.103704
4 0.635938 0.288889 0.105208 0.059259
0 0.364670 0.244093 0.216301 0.232256
1 0.364670 0.168093 0.112500 0.040741
4 0.364583 0.283333 0.187500 0.114815
2 0.331250 0.258333 0.110417 0.042593
