1 0.500000 0.075860 0.520000 0.092460
0 0.614603 0.267305 0.221132 0.229283
1 0.606382 0.186183 0.167007 0.040741
3 0.612500 0.297222 0.193750 0.127778
7 0.683420 0.186761 0.058498 0.031158
0 0.844989 0.814046 0.215961 0.235730
1 0.844989 0.736448 0.131239 0.041792
3 0.843750 0.847222 0.187500 0.101852
7 0.800000 0.869444 0.018750 0.024074
0 0.134672 0.826585 0.222598 0.235831
1 0.147305 0.748034 0.142602 0.046856
2 0.135937 0.863889 0.192708 0.120370
7 0.206157 0.739597 0.054628 0.024819
6 0.133201 0.541937 0.210171 0.248325
1 0.133201 0.454558 0.161566 0.043040
2 0.135417 0.577778 0.181250 0.133333
6 0.163021 0.558333 0.057292 0.072222
0 0.854944 0.536891 0.216388 0.238274
1 0.866817 0.451269 0.150948 0.040741
2 0.853646 0.572222 0.188542 0.125926
6 0.621550 0.834154 0.211559 0.235910
1 0.613227 0.755491 0.157835 0.042886
2 0.620313 0.873148 0.186458 0.120370
0 0.372333 0.828254 0.221155 0.230612
1 0.396309 0.751172 0.152369 0.040741
4 0.373958 0.860185 0.193750 0.127778
7 0.447960 0.748579 0.044899 0.034225
6 0.379012 0.252238 0.214016 0.228180
1 0.370479 0.177563 0.143737 0.041612
2 0.378125 0.282407 0.185417 0.124074
6 0.335417 0.267593 0.056250 0.072222
6 0.146051 0.257093 0.223574 0.252297
1 0.146051 0.174659 0.163119 0.050353
4 0.147396 0.288889 0.196875 0.125926
7 0.222249 0.167955 0.046177 0.036985
0 0.384047 0.545602 0.224711 0.233382
1 0.384047 0.462457 0.141636 0.040741
6 0.384896 0.571296 0.201042 0.116667
2 0.336979 0.549074 0.088542 0.042593
6 0.851345 0.251412 0.212141 0.227288
1 0.851345 0.177467 0.163802 0.040741
2 0.847396 0.281481 0.182292 0.107407
6 0.614138 0.528209 0.226212 0.236512
1 0.607330 0.446533 0.112500 0.040741
8 0.611458 0.565741 0.091667 0.116667
