1 0.500000 0.046638 0.380000 0.060117
0 0.381684 0.264867 0.224339 0.255268
1 0.369869 0.175751 0.141152 0.049555
7 0.383854 0.303704 0.086458 0.111111
2 0.363542 0.288889 0.037500 0.051852
6 0.619564 0.273848 0.222446 0.231614
1 0.619564 0.193560 0.122622 0.040741
5 0.620833 0.299074 0.085417 0.109259
7 0.689351 0.191137 0.057872 0.029153
6 0.853299 0.272610 0.216521 0.239416
1 0.853299 0.188654 0.161592 0.044797
6 0.852604 0.298148 0.184375 0.125926
6 0.809896 0.277778 0.034375 0.044444
6 0.363607 0.548312 0.215489 0.245724
1 0.380679 0.459352 0.160512 0.041069
1 0.363542 0.577778 0.183333 0.014815
1 0.323437 0.603704 0.017708 0.022222
0 0.611696 0.839489 0.224413 0.231348
1 0.611696 0.762396 0.137353 0.040741
2 0.614583 0.867593 0.193750 0.109259
6 0.853734 0.549858 0.223230 0.234940
1 0.861259 0.467811 0.173914 0.040741
4 0.853125 0.580556 0.189583 0.116667
2 0.891667 0.601852 0.085417 0.062963
0 0.143081 0.564359 0.220988 0.247393
1 0.105523 0.480707 0.120093 0.046757
8 0.142187 0.604630 0.090625 0.116667
6 0.121354 0.609259 0.034375 0.044444
6 0.373596 0.818402 0.218087 0.241722
1 0.398238 0.736985 0.112500 0.040741
5 0.376042 0.846296 0.118750 0.118519
7 0.395833 0.886111 0.020833 0.027778
7 0.435885 0.736177 0.068509 0.040235
0 0.852889 0.819329 0.225055 0.249077
1 0.852889 0.739086 0.127244 0.047969
7 0.852083 0.859259 0.102083 0.129630
6 0.875000 0.889815 0.031250 0.038889
6 0.128831 0.287326 0.215778 0.253461
1 0.141908 0.196411 0.112500 0.043941
2 0.128646 0.312963 0.192708 0.140741
6 0.139433 0.833795 0.211065 0.251529
1 0.139433 0.746078 0.131627 0.048357
3 0.139063 0.867593 0.186458 0.116667
6 0.624576 0.543449 0.209956 0.241678
1 0.624576 0.460313 0.160788 0.043499
2 0.624479 0.573148 0.184375 0.131481
2 0.668750 0.560185 0.087500 0.064815
