1 0.717915 0.076594 0.322135 0.086521
0 0.362785 0.277869 0.214952 0.248256
1 0.350307 0.191255 0.160355 0.046723
2 0.362500 0.313889 0.179167 0.127778
7 0.436201 0.185502 0.043120 0.026484
6 0.864652 0.257270 0.211372 0.239172
1 0.890154 0.175575 0.130447 0.040741
2 0.860938 0.293519 0.182292 0.120370
5 0.911458 0.263889 0.033333 0.042593
7 0.937975 0.170338 0.039726 0.028272
6 0.379275 0.533846 0.216478 0.230226
1 0.379275 0.456713 0.151417 0.043718
2 0.379688 0.566667 0.188542 0.111111
0 0.616626 0.538385 0.219232 0.250344
1 0.616626 0.450817 0.169398 0.041496
2 0.617708 0.574074 0.185417 0.122222
0 0.369354 0.814858 0.216806 0.231070
1 0.369354 0.735898 0.121604 0.040741
6 0.369271 0.849074 0.194792 0.120370
8 0.372396 0.847222 0.021875 0.027778
6 0.624841 0.816729 0.221956 0.240900
1 0.624841 0.736790 0.112500 0.044130
2 0.624479 0.850000 0.186458 0.133333
1 0.592708 0.815741 0.025000 0.031481
6 0.130946 0.248836 0.208458 0.238681
1 0.130946 0.169612 0.149871 0.047011
5 0.129688 0.283333 0.086458 0.111111
6 0.600056 0.272697 0.209843 0.251137
1 0.572548 0.184191 0.133995 0.040741
6 0.602083 0.304630 0.179167 0.146296
2 0.632292 0.287963 0.110417 0.079630
6 0.129363 0.822387 0.210009 0.237564
1 0.162690 0.744560 0.121693 0.041352
6 0.126562 0.851852 0.178125 0.118519
6 0.860108 0.560258 0.222094 0.247644
1 0.860108 0.470091 0.139768 0.040741
7 0.860938 0.596296 0.098958 0.125926
0 0.861150 0.836212 0.217905 0.248623
1 0.861150 0.749935 0.154399 0.040741
3 0.863021 0.869444 0.192708 0.135185
2 0.823958 0.842593 0.097917 0.051852
7 0.940165 0.747543 0.034874 0.034248
0 0.126097 0.537103 0.217453 0.236555
1 0.084853 0.455483 0.114133 0.040741
2 0.125000 0.568519 0.191667 0.114815
7 0.188406 0.456089 0.067834 0.037489
