1 0.500000 0.087520 0.380000 0.071409
0 0.605355 0.559207 0.213102 0.251084
1 0.605355 0.471428 0.122382 0.040741
5 0.603125 0.591667 0.058333 0.116667
6 0.851867 0.555373 0.208049 0.246901
1 0.845762 0.469511 0.147193 0.040741
4 0.851562 0.591667 0.173958 0.124074
7 0.915049 0.461778 0.056685 0.022674
0 0.369539 0.542659 0.216831 0.241046
1 0.382344 0.461683 0.157240 0.048079
3 0.367708 0.575000 0.187500 0.112963
0 0.627038 0.250119 0.226535 0.230169
1 0.649025 0.173017 0.154235 0.040741
1 0.623437 0.287963 0.171875 0.012963
7 0.691789 0.171555 0.072032 0.036005
6 0.124785 0.245834 0.223946 0.228122
1 0.108061 0.170199 0.169667 0.040741
7 0.123958 0.279630 0.081250 0.103704
0 0.141659 0.539834 0.215179 0.248364
1 0.115917 0.452722 0.142863 0.040741
2 0.143229 0.576852 0.186458 0.127778
6 0.623185 0.825008 0.215677 0.228442
1 0.582013 0.748816 0.112500 0.040741
1 0.622917 0.853704 0.072917 0.092593
6 0.131956 0.844894 0.218975 0.253293
1 0.103680 0.760124 0.120494 0.050119
2 0.130729 0.878704 0.186458 0.138889
7 0.195293 0.752181 0.067300 0.030830
0 0.856586 0.262067 0.217965 0.238528
1 0.883278 0.179587 0.137667 0.040741
7 0.856250 0.297222 0.085417 0.109259
7 0.853646 0.287963 0.019792 0.024074
0 0.378988 0.258388 0.211053 0.238315
1 0.364196 0.179053 0.160635 0.045636
4 0.379167 0.288889 0.177083 0.111111
7 0.444927 0.170274 0.054176 0.025050
0 0.861485 0.828327 0.218851 0.245158
1 0.861485 0.743266 0.112500 0.044340
4 0.861979 0.852778 0.196875 0.131481
6 0.909375 0.873148 0.056250 0.072222
7 0.940169 0.739135 0.036484 0.029735
6 0.387837 0.819312 0.221730 0.251847
1 0.387837 0.733876 0.159231 0.040958
2 0.386979 0.850000 0.196875 0.129630
