1 0.500000 0.080941 0.380000 0.079828
6 0.608782 0.836298 0.214484 0.232560
1 0.590710 0.762072 0.157506 0.045830
2 0.605729 0.872222 0.186458 0.111111
8 0.567708 0.836111 0.022917 0.027778
0 0.610398 0.263806 0.211136 0.248091
1 0.610398 0.180250 0.112500 0.046281
2 0.613021 0.300926 0.184375 0.135185
7 0.656250 0.337963 0.025000 0.031481
6 0.133009 0.252188 0.216491 0.231154
1 0.133009 0.174993 0.162856 0.040741
6 0.135937 0.284259 0.186458 0.116667
2 0.165104 0.274074 0.105208 0.051852
0 0.374922 0.543322 0.215203 0.240409
1 0.393806 0.461808 0.129034 0.046688
7 0.373958 0.570370 0.087500 0.111111
7 0.451929 0.457675 0.036189 0.032078
0 0.372661 0.811067 0.218112 0.229519
1 0.330619 0.735950 0.113195 0.044182
2 0.373437 0.840741 0.184375 0.107407
2 0.341146 0.851852 0.107292 0.040741
7 0.439701 0.728920 0.059031 0.028188
0 0.138964 0.548045 0.212405 0.228306
1 0.138964 0.470516 0.112500 0.040741
6 0.139583 0.576852 0.179167 0.127778
2 0.182812 0.587963 0.078125 0.072222
0 0.373272 0.283169 0.225786 0.247879
1 0.387397 0.196086 0.173344 0.040741
2 0.375521 0.312963 0.198958 0.148148
7 0.443086 0.197740 0.061157 0.039986
0 0.859989 0.833877 0.225511 0.231510
1 0.825821 0.756704 0.136344 0.041449
8 0.858333 0.865741 0.091667 0.116667
0 0.613722 0.545854 0.219040 0.232771
1 0.649640 0.470715 0.126370 0.046363
7 0.615104 0.585185 0.076042 0.096296
2 0.626042 0.577778 0.035417 0.051852
6 0.120620 0.816386 0.215974 0.246861
1 0.120620 0.732288 0.113595 0.042255
2 0.121354 0.848148 0.180208 0.129630
7 0.187948 0.731088 0.056317 0.039229
0 0.857870 0.253554 0.214134 0.227389
1 0.817469 0.177646 0.112500 0.043548
4 0.860938 0.290741 0.182292 0.103704
0 0.863063 0.551582 0.222855 0.236723
1 0.863063 0.469593 0.112500 0.040741
7 0.863021 0.582407 0.088542 0.112963
2 0.875000 0.566667 0.054167 0.066667
