1 0.719845 0.070135 0.356670 0.073602
6 0.374077 0.561742 0.226388 0.255144
1 0.373969 0.478495 0.137011 0.049035
2 0.369792 0.599074 0.197917 0.138889
2 0.417187 0.573148 0.076042 0.053704
0 0.609504 0.850063 0.208421 0.255092
1 0.647048 0.761636 0.112500 0.043507
5 0.611458 0.886111 0.062500 0.127778
6 0.618750 0.907407 0.031250 0.040741
6 0.138005 0.847372 0.215321 0.252294
1 0.138005 0.758709 0.116139 0.043713
6 0.136458 0.881481 0.183333 0.140741
6 0.860022 0.252080 0.212047 0.231578
1 0.851860 0.176698 0.118696 0.040741
2 0.858854 0.280556 0.184375 0.109259
3 0.884896 0.271296 0.117708 0.042593
7 0.928594 0.174966 0.049903 0.040312
6 0.851494 0.548575 0.215800 0.245065
1 0.851494 0.466167 0.121684 0.040741
2 0.849479 0.587963 0.186458 0.127778
7 0.918694 0.460861 0.056402 0.032599
6 0.612605 0.261499 0.213123 0.252685
1 0.576439 0.171735 0.119958 0.040741
7 0.613021 0.287037 0.096875 0.122222
0 0.148369 0.260149 0.226001 0.243940
1 0.138737 0.173518 0.112874 0.040741
4 0.149479 0.292593 0.194792 0.140741
0 0.386522 0.272376 0.218842 0.248629
1 0.404060 0.185032 0.162931 0.042716
7 0.385937 0.300926 0.094792 0.120370
6 0.384224 0.837275 0.222198 0.249798
1 0.384224 0.751032 0.144285 0.041216
2 0.385417 0.875000 0.191667 0.135185
7 0.452314 0.747158 0.061019 0.032527
0 0.863524 0.826877 0.214899 0.255336
1 0.863524 0.741185 0.134660 0.047351
8 0.865104 0.865741 0.090625 0.116667
7 0.924205 0.732138 0.068538 0.028820
0 0.623531 0.556160 0.216987 0.255353
1 0.623531 0.470904 0.113881 0.049997
6 0.625000 0.586111 0.191667 0.131481
7 0.689899 0.462438 0.059251 0.030872
0 0.126855 0.543077 0.224821 0.233754
1 0.126855 0.463702 0.112500 0.040741
6 0.129167 0.582407 0.197917 0.116667
7 0.074479 0.549074 0.021875 0.027778
