1 0.692264 0.066715 0.307103 0.066764
0 0.382871 0.819938 0.214837 0.236323
1 0.382871 0.740555 0.118197 0.046850
4 0.385417 0.853704 0.187500 0.125926
7 0.348958 0.812037 0.022917 0.027778
6 0.606908 0.813640 0.211860 0.228422
1 0.579144 0.732870 0.112500 0.040741
2 0.607812 0.838889 0.178125 0.122222
8 0.571354 0.812963 0.023958 0.029630
7 0.677058 0.732610 0.046560 0.029324
6 0.143895 0.831494 0.219184 0.252612
1 0.119573 0.745264 0.140772 0.040741
3 0.142187 0.860185 0.186458 0.135185
6 0.178125 0.875926 0.058333 0.074074
0 0.857048 0.816150 0.215867 0.243868
1 0.872454 0.730957 0.142256 0.043236
2 0.859375 0.847222 0.189583 0.131481
4 0.897917 0.865741 0.091667 0.061111
6 0.380508 0.256083 0.225354 0.242811
1 0.346465 0.173463 0.130194 0.040741
2 0.378125 0.291667 0.193750 0.120370
6 0.620941 0.256031 0.225488 0.233505
1 0.620941 0.177974 0.147682 0.042629
2 0.618750 0.287037 0.197917 0.118519
0 0.379253 0.535260 0.224583 0.236287
1 0.379253 0.455947 0.135007 0.040741
1 0.376042 0.565741 0.093750 0.120370
7 0.453876 0.455400 0.050338 0.039530
6 0.148502 0.548970 0.223256 0.226209
1 0.193463 0.472037 0.112500 0.040741
5 0.147396 0.579630 0.084375 0.107407
2 0.141667 0.573148 0.047917 0.068519
6 0.143197 0.271197 0.224689 0.227908
1 0.143197 0.198501 0.144195 0.043508
4 0.143750 0.302778 0.200000 0.109259
6 0.847957 0.558853 0.221810 0.234255
1 0.847957 0.480130 0.112500 0.040741
6 0.850000 0.593519 0.195833 0.109259
0 0.623496 0.562776 0.224701 0.246441
1 0.623496 0.478706 0.112500 0.047554
2 0.619792 0.600000 0.195833 0.129630
6 0.868217 0.276076 0.217509 0.250815
1 0.868217 0.186654 0.114397 0.041663
8 0.867708 0.306481 0.091667 0.116667
7 0.942080 0.187700 0.044784 0.037025
