1 0.733352 0.070486 0.347984 0.074306
6 0.121719 0.550551 0.210812 0.248934
1 0.121719 0.464625 0.128728 0.045029
6 0.124479 0.585185 0.184375 0.125926
2 0.119792 0.596296 0.106250 0.066667
6 0.849872 0.259789 0.226248 0.254511
1 0.849872 0.166443 0.140669 0.040741
6 0.850521 0.288889 0.192708 0.148148
7 0.890104 0.246296 0.030208 0.037037
7 0.922582 0.165200 0.055828 0.028297
6 0.863057 0.835433 0.222282 0.240579
1 0.863057 0.754160 0.147290 0.043425
7 0.865104 0.871296 0.088542 0.112963
6 0.125325 0.834884 0.207959 0.253950
1 0.125325 0.752251 0.112500 0.050613
5 0.124479 0.872222 0.092708 0.118519
7 0.184032 0.746549 0.065544 0.040244
6 0.363656 0.274203 0.216327 0.227123
1 0.363656 0.197261 0.145460 0.040741
5 0.360938 0.308333 0.086458 0.109259
6 0.355729 0.325926 0.032292 0.040741
0 0.612770 0.534953 0.222623 0.230749
1 0.653455 0.456575 0.120420 0.043445
6 0.615625 0.570370 0.193750 0.107407
7 0.678357 0.450918 0.066450 0.025642
6 0.865162 0.527895 0.208826 0.230524
1 0.865162 0.448792 0.112500 0.040741
2 0.863542 0.554630 0.181250 0.112963
7 0.935183 0.451065 0.043784 0.039826
6 0.611054 0.830677 0.209962 0.240446
1 0.649368 0.749767 0.112500 0.041936
4 0.610938 0.858333 0.184375 0.124074
7 0.683186 0.742102 0.040697 0.026260
0 0.369533 0.815507 0.212925 0.247681
1 0.369533 0.729363 0.123770 0.048393
2 0.368750 0.849074 0.181250 0.131481
2 0.347917 0.829630 0.120833 0.081481
6 0.147019 0.278862 0.221430 0.238050
1 0.147019 0.200451 0.140319 0.040741
2 0.145313 0.309259 0.192708 0.125926
1 0.200521 0.285185 0.026042 0.033333
7 0.222555 0.194266 0.045359 0.031822
0 0.371814 0.567420 0.216033 0.252414
1 0.385564 0.480608 0.112500 0.045431
8 0.369271 0.599074 0.103125 0.131481
2 0.353125 0.622222 0.043750 0.051852
0 0.618296 0.272162 0.220893 0.231921
1 0.595880 0.192799 0.155227 0.043719
7 0.615625 0.304630 0.089583 0.112963
