1 0.500000 0.074711 0.380000 0.066308
0 0.602828 0.268398 0.214225 0.227037
1 0.602828 0.189408 0.163500 0.040741
2 0.606250 0.298148 0.185417 0.103704
6 0.628125 0.300926 0.045833 0.057407
6 0.615404 0.558076 0.218140 0.251090
1 0.615404 0.476468 0.164758 0.048075
6 0.614062 0.592593 0.188542 0.118519
0 0.376914 0.558326 0.212840 0.248786
1 0.376914 0.470266 0.127914 0.045502
2 0.376563 0.589815 0.188542 0.146296
2 0.328125 0.562037 0.081250 0.053704
7 0.437797 0.472554 0.066075 0.040204
0 0.866623 0.837853 0.219008 0.242463
1 0.885220 0.754477 0.120591 0.040741
6 0.864062 0.870370 0.188542 0.114815
6 0.844661 0.271511 0.216857 0.229345
1 0.842780 0.191520 0.161420 0.040741
2 0.844271 0.302778 0.192708 0.112963
0 0.616297 0.828098 0.215402 0.228136
1 0.616297 0.749407 0.130753 0.043194
7 0.617188 0.861111 0.082292 0.103704
7 0.686162 0.751309 0.050672 0.037521
6 0.143603 0.834629 0.223758 0.246591
1 0.120798 0.750706 0.157315 0.040741
4 0.144792 0.872222 0.193750 0.122222
5 0.092188 0.900926 0.036458 0.046296
6 0.379162 0.253610 0.209353 0.242546
1 0.362711 0.167460 0.148504 0.040741
2 0.381771 0.282407 0.178125 0.131481
0 0.371868 0.832294 0.212527 0.250493
1 0.401431 0.743195 0.112500 0.045629
2 0.371354 0.868519 0.186458 0.125926
6 0.421354 0.902778 0.034375 0.042593
6 0.138965 0.554216 0.217933 0.241554
1 0.138965 0.475607 0.158254 0.048009
6 0.140625 0.584259 0.191667 0.124074
2 0.186458 0.562963 0.091667 0.055556
7 0.209976 0.468155 0.050911 0.032395
0 0.126351 0.260847 0.219819 0.238850
1 0.126351 0.181437 0.123619 0.044036
5 0.127604 0.291667 0.080208 0.101852
4 0.125000 0.294444 0.037500 0.037037
6 0.841539 0.551958 0.209821 0.234435
1 0.871494 0.473702 0.129078 0.040741
7 0.840625 0.587963 0.085417 0.109259
2 0.820833 0.607407 0.037500 0.040741
