1 0.695546 0.069539 0.314155 0.072411
0 0.620054 0.560512 0.214523 0.246753
1 0.620054 0.477042 0.124870 0.041320
8 0.618229 0.598148 0.090625 0.114815
6 0.123505 0.843714 0.221945 0.251183
1 0.123573 0.753857 0.169128 0.045372
4 0.123958 0.875000 0.189583 0.124074
2 0.119792 0.885185 0.079167 0.066667
6 0.854235 0.261788 0.222484 0.251904
1 0.854235 0.169978 0.166068 0.040741
7 0.854167 0.289815 0.100000 0.127778
2 0.872917 0.267593 0.041667 0.068519
6 0.378801 0.260818 0.215012 0.246890
1 0.378801 0.177380 0.112500 0.040741
2 0.376042 0.300926 0.187500 0.127778
0 0.607719 0.263060 0.214662 0.230181
1 0.607719 0.181372 0.112500 0.040741
3 0.609375 0.291667 0.181250 0.127778
0 0.130349 0.531919 0.223543 0.229641
1 0.145849 0.452066 0.138664 0.040741
4 0.133333 0.562037 0.197917 0.127778
0 0.381710 0.826289 0.222155 0.238396
1 0.371932 0.746628 0.165347 0.047165
7 0.381250 0.860185 0.085417 0.109259
2 0.398958 0.860185 0.037500 0.068519
7 0.456370 0.738675 0.047833 0.026132
6 0.621876 0.837284 0.220120 0.254674
1 0.638882 0.753215 0.123700 0.048315
7 0.624479 0.874074 0.098958 0.125926
6 0.844986 0.541199 0.208989 0.240131
1 0.868333 0.463622 0.141461 0.047751
2 0.843750 0.573148 0.175000 0.120370
6 0.850241 0.825556 0.216299 0.243884
1 0.891724 0.743074 0.112500 0.041314
8 0.850521 0.858333 0.103125 0.131481
7 0.835938 0.833333 0.023958 0.029630
7 0.918708 0.738144 0.054365 0.032023
6 0.369967 0.546819 0.219281 0.228831
1 0.343625 0.466444 0.145764 0.040741
7 0.368229 0.576852 0.096875 0.124074
7 0.432454 0.462057 0.069306 0.022270
6 0.119223 0.268885 0.209785 0.242427
1 0.119223 0.187526 0.112500 0.040741
4 0.118229 0.307407 0.186458 0.118519
2 0.097396 0.299074 0.117708 0.053704
