1 0.208960 0.068724 0.367919 0.070782
6 0.852327 0.265914 0.220948 0.245714
1 0.852327 0.180371 0.129844 0.047359
2 0.848958 0.298148 0.193750 0.140741
6 0.128481 0.251423 0.210136 0.233552
1 0.128481 0.175145 0.159370 0.040741
2 0.131250 0.290741 0.179167 0.107407
6 0.855617 0.848345 0.210199 0.252432
1 0.887211 0.762640 0.115131 0.044011
6 0.856250 0.882407 0.181250 0.124074
6 0.807813 0.905556 0.032292 0.040741
7 0.917748 0.753850 0.060938 0.026405
0 0.610051 0.816640 0.213990 0.244793
1 0.577078 0.733936 0.127210 0.047477
2 0.611458 0.854630 0.187500 0.120370
2 0.658333 0.849074 0.081250 0.075926
0 0.389450 0.286591 0.224313 0.252992
1 0.417617 0.196059 0.147145 0.041280
2 0.388542 0.312037 0.195833 0.138889
6 0.381649 0.536838 0.208622 0.250781
1 0.348716 0.446936 0.112500 0.040741
1 0.381771 0.567593 0.094792 0.120370
4 0.404167 0.593519 0.037500 0.061111
7 0.454350 0.441581 0.038220 0.023230
6 0.142339 0.549319 0.213771 0.251141
1 0.170077 0.464430 0.137461 0.042809
2 0.141667 0.578704 0.179167 0.127778
5 0.180729 0.608333 0.036458 0.046296
6 0.619381 0.540297 0.214166 0.232254
1 0.596440 0.462628 0.127543 0.040741
5 0.617188 0.575926 0.078125 0.100000
6 0.608854 0.571296 0.028125 0.035185
6 0.137574 0.830155 0.216117 0.252117
1 0.130968 0.738231 0.150451 0.040741
2 0.134896 0.859259 0.184375 0.144444
2 0.171875 0.881481 0.102083 0.088889
0 0.619980 0.272021 0.214209 0.248564
1 0.630777 0.184719 0.132184 0.040741
2 0.618750 0.298148 0.181250 0.137037
0 0.861581 0.566304 0.211722 0.247714
1 0.900775 0.480767 0.112500 0.049270
4 0.860417 0.605556 0.187500 0.129630
0 0.385169 0.844778 0.220829 0.244243
1 0.413388 0.762004 0.143559 0.043718
2 0.386458 0.874074 0.195833 0.122222
2 0.355208 0.885185 0.110417 0.070370
