1 0.711516 0.071246 0.289390 0.075824
0 0.367114 0.836383 0.218242 0.226107
1 0.367114 0.760842 0.149595 0.040741
6 0.364063 0.872222 0.190625 0.111111
0 0.862035 0.543549 0.218902 0.249338
1 0.827284 0.454337 0.117789 0.040741
3 0.859896 0.569444 0.190625 0.138889
6 0.868163 0.837841 0.226554 0.234945
1 0.894387 0.757991 0.153272 0.040741
7 0.866146 0.872222 0.092708 0.118519
2 0.882292 0.850926 0.039583 0.042593
7 0.945463 0.759227 0.046953 0.040680
0 0.389484 0.555968 0.226529 0.234524
1 0.427086 0.476242 0.130490 0.040741
4 0.389062 0.586111 0.203125 0.135185
6 0.389116 0.269738 0.223404 0.235008
1 0.389116 0.192174 0.112500 0.040741
2 0.388542 0.302778 0.193750 0.109259
5 0.436979 0.325926 0.026042 0.033333
7 0.462460 0.190398 0.051717 0.039292
6 0.628681 0.823808 0.223574 0.238539
1 0.628681 0.744915 0.143060 0.040741
2 0.629687 0.855556 0.188542 0.118519
6 0.667708 0.874074 0.037500 0.048148
0 0.610289 0.260204 0.226349 0.255142
1 0.604265 0.169579 0.143741 0.043555
4 0.611458 0.296296 0.204167 0.144444
5 0.667188 0.270370 0.032292 0.040741
7 0.682017 0.164703 0.057893 0.027102
0 0.136914 0.556084 0.219187 0.254336
1 0.142808 0.469418 0.112500 0.043244
6 0.133854 0.588889 0.190625 0.148148
7 0.202156 0.465847 0.063703 0.036825
6 0.129794 0.281365 0.219614 0.243253
1 0.093542 0.199695 0.126277 0.041872
2 0.128125 0.321296 0.187500 0.120370
6 0.609177 0.555598 0.224450 0.253933
1 0.634410 0.462721 0.112500 0.040741
1 0.607292 0.583333 0.102083 0.129630
7 0.673571 0.465444 0.070663 0.036587
6 0.122553 0.840543 0.218144 0.236549
1 0.140018 0.760321 0.120368 0.041192
2 0.122396 0.872222 0.188542 0.118519
4 0.126042 0.875926 0.072917 0.059259
6 0.863421 0.278935 0.226467 0.248542
1 0.837429 0.192901 0.153651 0.048678
6 0.862500 0.314815 0.202083 0.140741
