1 0.239054 0.069694 0.428109 0.072721
6 0.626984 0.835177 0.223742 0.232196
1 0.642805 0.754176 0.124908 0.040741
6 0.624479 0.864815 0.196875 0.133333
6 0.368650 0.559408 0.214868 0.237605
1 0.368650 0.475995 0.116017 0.040741
6 0.369792 0.584259 0.183333 0.127778
7 0.433705 0.477938 0.059758 0.037628
0 0.840871 0.837401 0.209616 0.251875
1 0.840871 0.750903 0.125863 0.040741
6 0.839583 0.872222 0.179167 0.129630
6 0.817708 0.854630 0.039583 0.050000
0 0.852772 0.536177 0.215894 0.241027
1 0.855655 0.459689 0.143101 0.047677
8 0.853125 0.574074 0.081250 0.103704
0 0.381147 0.260337 0.211516 0.228685
1 0.410187 0.186105 0.112500 0.040741
2 0.380729 0.287963 0.176042 0.116667
6 0.136243 0.274471 0.222873 0.246020
1 0.136243 0.191023 0.158085 0.040741
3 0.135417 0.305556 0.191667 0.122222
2 0.109896 0.323148 0.113542 0.072222
0 0.140954 0.843324 0.213596 0.249543
1 0.140954 0.757630 0.154692 0.040741
6 0.143229 0.873148 0.186458 0.135185
1 0.117708 0.912963 0.106250 0.007407
0 0.367097 0.845059 0.217502 0.254090
1 0.373713 0.756737 0.139406 0.049269
8 0.366146 0.881481 0.098958 0.125926
7 0.435875 0.749729 0.054947 0.026395
6 0.609448 0.561572 0.220797 0.243842
1 0.609448 0.476963 0.128735 0.045983
1 0.610417 0.600926 0.091667 0.116667
6 0.858422 0.247503 0.210913 0.238266
1 0.858422 0.164344 0.112500 0.040741
7 0.857292 0.284259 0.091667 0.116667
1 0.870313 0.262963 0.023958 0.029630
0 0.613859 0.272516 0.218028 0.239755
1 0.616750 0.189831 0.119030 0.040741
2 0.617708 0.299074 0.189583 0.120370
2 0.616146 0.297222 0.086458 0.075926
7 0.687542 0.183886 0.045662 0.025457
6 0.144469 0.567425 0.214302 0.254564
1 0.176224 0.476718 0.129957 0.046879
2 0.141667 0.599074 0.185417 0.146296
7 0.211416 0.471223 0.055407 0.025124
