1 0.738709 0.074023 0.289388 0.081380
0 0.139596 0.541866 0.219240 0.243114
1 0.101487 0.458009 0.122188 0.040741
6 0.139583 0.573148 0.189583 0.116667
5 0.145313 0.575000 0.030208 0.038889
6 0.603683 0.827912 0.212998 0.240624
1 0.584068 0.747842 0.150434 0.040741
6 0.602604 0.860185 0.178125 0.131481
0 0.373786 0.269545 0.213406 0.254505
1 0.413823 0.177177 0.112500 0.043291
4 0.374479 0.302778 0.184375 0.150000
6 0.853068 0.264819 0.225557 0.255038
1 0.848949 0.181008 0.137251 0.048859
7 0.854688 0.301852 0.084375 0.107407
7 0.917804 0.173004 0.071085 0.034371
6 0.622356 0.268926 0.212899 0.241430
1 0.617142 0.183616 0.157072 0.043241
6 0.621354 0.304630 0.184375 0.120370
3 0.651042 0.288889 0.104167 0.074074
0 0.142365 0.818899 0.218018 0.253889
1 0.103371 0.734442 0.119197 0.049764
7 0.139583 0.855556 0.093750 0.118519
6 0.379419 0.843427 0.220071 0.252102
1 0.362436 0.754983 0.165272 0.041092
8 0.382292 0.875926 0.104167 0.133333
3 0.397396 0.842593 0.059375 0.051852
0 0.619923 0.540093 0.208809 0.239108
1 0.619923 0.462051 0.129920 0.045304
5 0.622396 0.577778 0.086458 0.111111
6 0.851450 0.538929 0.221166 0.239600
1 0.807534 0.458477 0.112500 0.046803
3 0.848437 0.571296 0.192708 0.124074
6 0.125286 0.251387 0.223103 0.235923
1 0.103040 0.170233 0.112500 0.043797
5 0.126562 0.283333 0.055208 0.111111
7 0.194786 0.166225 0.059104 0.028562
6 0.364699 0.545708 0.213366 0.226007
1 0.346773 0.466897 0.150362 0.040741
7 0.364583 0.575926 0.087500 0.111111
0 0.853231 0.831279 0.211143 0.233531
1 0.853231 0.753149 0.161312 0.040741
2 0.851562 0.858333 0.186458 0.124074
