1 0.500000 0.131735 0.640000 0.069664
0 0.621654 0.542448 0.217450 0.255037
1 0.610029 0.450254 0.166537 0.040741
2 0.620313 0.568519 0.190625 0.151852
6 0.126314 0.546493 0.208814 0.247744
1 0.126314 0.457248 0.139334 0.040741
2 0.125000 0.579630 0.183333 0.129630
7 0.197978 0.456785 0.040486 0.031289
6 0.847972 0.279989 0.212897 0.241471
1 0.870291 0.197407 0.147427 0.045786
2 0.851042 0.313889 0.183333 0.131481
7 0.915225 0.196094 0.053391 0.036642
0 0.385085 0.556549 0.216787 0.239537
1 0.413741 0.474083 0.138640 0.040741
5 0.384896 0.585185 0.086458 0.111111
2 0.373958 0.569444 0.054167 0.064815
0 0.374419 0.825169 0.224773 0.246689
1 0.374419 0.739767 0.163993 0.042169
6 0.371354 0.859259 0.196875 0.114815
7 0.456305 0.739622 0.036001 0.038558
6 0.853701 0.838480 0.226059 0.245142
1 0.809116 0.758557 0.116056 0.047000
6 0.852083 0.871296 0.200000 0.116667
7 0.923856 0.750653 0.060750 0.032450
0 0.611778 0.819574 0.223770 0.232321
1 0.596312 0.740837 0.112500 0.040741
2 0.614062 0.853704 0.196875 0.111111
6 0.134316 0.251491 0.208136 0.237004
1 0.145283 0.172750 0.122401 0.041945
6 0.130729 0.279630 0.180208 0.125926
6 0.379291 0.275533 0.219005 0.233542
1 0.379291 0.194214 0.124274 0.040741
7 0.377604 0.299074 0.094792 0.120370
7 0.446920 0.190469 0.058745 0.026377
0 0.131589 0.844545 0.220064 0.246700
1 0.131589 0.764515 0.132756 0.046029
8 0.130208 0.879630 0.108333 0.137037
2 0.149479 0.887037 0.048958 0.070370
0 0.603667 0.269468 0.217474 0.227399
1 0.603667 0.189870 0.127855 0.040741
2 0.605729 0.297222 0.190625 0.116667
2 0.569792 0.307407 0.114583 0.074074
0 0.867646 0.548795 0.216805 0.250296
1 0.867646 0.461226 0.112500 0.040741
2 0.867188 0.580556 0.188542 0.124074
