1 0.233705 0.069578 0.417409 0.072489
0 0.136902 0.565542 0.219561 0.251735
1 0.146766 0.477929 0.113984 0.043496
6 0.136979 0.595370 0.186458 0.135185
6 0.378546 0.545393 0.224854 0.230807
1 0.398320 0.470980 0.164472 0.044545
2 0.378646 0.575000 0.196875 0.105556
0 0.366141 0.832609 0.209650 0.250845
1 0.403422 0.740688 0.114254 0.040741
7 0.363542 0.864815 0.110417 0.140741
6 0.134920 0.814750 0.208334 0.238889
1 0.097420 0.735985 0.112500 0.040741
2 0.133854 0.851852 0.184375 0.118519
6 0.132512 0.284957 0.218613 0.250277
1 0.154666 0.197965 0.130848 0.043438
2 0.134896 0.313889 0.192708 0.127778
2 0.172396 0.301852 0.105208 0.066667
6 0.619620 0.838355 0.222679 0.240039
1 0.619620 0.757115 0.112500 0.040741
2 0.621354 0.868519 0.190625 0.129630
6 0.668750 0.865741 0.062500 0.079630
7 0.700118 0.756276 0.036684 0.038844
6 0.863487 0.830832 0.212050 0.254052
1 0.863487 0.738481 0.143561 0.040741
1 0.863542 0.860185 0.091667 0.116667
7 0.880208 0.894444 0.022917 0.029630
6 0.619573 0.254460 0.211553 0.235902
1 0.612041 0.172389 0.138045 0.044411
6 0.622396 0.283333 0.182292 0.114815
6 0.606663 0.554824 0.214889 0.249553
1 0.606663 0.471832 0.145370 0.046537
2 0.606250 0.592593 0.179167 0.133333
0 0.386751 0.273357 0.222278 0.236423
1 0.431223 0.194471 0.112500 0.040741
2 0.386458 0.304630 0.200000 0.112963
5 0.325000 0.269444 0.025000 0.031481
0 0.849203 0.268944 0.210789 0.242889
1 0.849203 0.188809 0.153927 0.045186
2 0.846875 0.300926 0.183333 0.112963
1 0.851562 0.310185 0.021875 0.027778
7 0.909320 0.184053 0.065555 0.036071
6 0.859941 0.550613 0.225975 0.235141
1 0.859941 0.472271 0.140333 0.040741
2 0.859375 0.584259 0.197917 0.120370
2 0.915625 0.603704 0.077083 0.070370
