1 0.500000 0.067605 0.520000 0.075950
6 0.849543 0.830955 0.215962 0.231417
1 0.808229 0.749326 0.112500 0.040741
2 0.849479 0.864815 0.180208 0.111111
3 0.877083 0.875000 0.106250 0.068519
7 0.920729 0.753348 0.048588 0.039166
6 0.850829 0.268990 0.212920 0.228772
1 0.868331 0.190586 0.115719 0.043344
6 0.852083 0.302778 0.179167 0.120370
4 0.805208 0.280556 0.079167 0.042593
6 0.368634 0.271286 0.212038 0.240805
1 0.368634 0.189043 0.140207 0.046978
2 0.369792 0.304630 0.181250 0.127778
6 0.365096 0.544020 0.222357 0.250581
1 0.365096 0.456183 0.114855 0.045974
2 0.363021 0.581481 0.190625 0.133333
0 0.869344 0.535335 0.224339 0.235241
1 0.869344 0.454322 0.132928 0.043855
5 0.870833 0.569444 0.093750 0.120370
2 0.886458 0.568519 0.047917 0.070370
6 0.387411 0.811840 0.222996 0.239238
1 0.416080 0.731754 0.144825 0.040741
6 0.386979 0.843519 0.198958 0.109259
0 0.618513 0.277001 0.210455 0.244146
1 0.616802 0.193894 0.137584 0.040741
4 0.620833 0.313889 0.183333 0.127778
7 0.684515 0.193609 0.053450 0.040327
6 0.612541 0.556403 0.219212 0.249800
1 0.593718 0.473420 0.160731 0.045828
2 0.613021 0.597222 0.196875 0.127778
6 0.122301 0.828929 0.211992 0.237228
1 0.082972 0.743780 0.112500 0.040741
7 0.124479 0.856481 0.088542 0.112963
2 0.126562 0.865741 0.034375 0.038889
0 0.613592 0.809276 0.226196 0.236396
1 0.635280 0.724746 0.112500 0.040741
5 0.614583 0.831481 0.093750 0.118519
7 0.686902 0.728992 0.054577 0.038791
6 0.125146 0.267592 0.222216 0.232296
1 0.125146 0.186234 0.165812 0.040741
3 0.121875 0.300000 0.193750 0.114815
7 0.199790 0.184897 0.047928 0.029868
6 0.124547 0.559592 0.214933 0.253867
1 0.116596 0.471253 0.139150 0.040741
6 0.122917 0.589815 0.183333 0.138889
7 0.188177 0.471188 0.062673 0.040024
