1 0.736625 0.068690 0.283507 0.070713
0 0.125549 0.831097 0.211962 0.242938
1 0.125549 0.745064 0.144042 0.041332
4 0.126562 0.855556 0.182292 0.133333
6 0.131737 0.265009 0.224727 0.235430
1 0.152371 0.189059 0.162625 0.046905
6 0.130729 0.300926 0.198958 0.105556
2 0.152083 0.299074 0.129167 0.061111
7 0.207779 0.180190 0.047644 0.028753
6 0.608369 0.256169 0.216877 0.254097
1 0.608369 0.165153 0.157797 0.040741
4 0.610417 0.284259 0.191667 0.146296
2 0.653125 0.304630 0.097917 0.079630
7 0.682866 0.166668 0.042882 0.038058
6 0.613174 0.814465 0.225923 0.241234
1 0.613174 0.732647 0.112500 0.046309
5 0.613542 0.849074 0.097917 0.098148
2 0.616146 0.857407 0.038542 0.051852
0 0.862802 0.252785 0.223498 0.245220
1 0.839740 0.169335 0.119744 0.040741
7 0.864583 0.285185 0.087500 0.111111
2 0.866146 0.283333 0.053125 0.051852
6 0.374796 0.265520 0.209490 0.243860
1 0.403793 0.177420 0.130661 0.040741
4 0.375521 0.289815 0.173958 0.138889
7 0.437188 0.174904 0.059707 0.025590
6 0.606733 0.537285 0.221403 0.237331
1 0.606733 0.458101 0.150747 0.040741
6 0.608854 0.569444 0.192708 0.124074
0 0.129213 0.552167 0.208689 0.250154
1 0.129213 0.465198 0.146890 0.042950
2 0.131250 0.592593 0.177083 0.129630
3 0.155729 0.618519 0.111458 0.070370
7 0.200713 0.458796 0.040689 0.026374
0 0.861776 0.846375 0.209787 0.247755
1 0.859601 0.756549 0.146062 0.041509
2 0.861979 0.874074 0.178125 0.125926
7 0.930407 0.761368 0.047523 0.040703
0 0.363218 0.849852 0.211824 0.252240
1 0.391724 0.758333 0.133979 0.041900
7 0.363021 0.880556 0.094792 0.120370
2 0.382812 0.875926 0.044792 0.059259
0 0.385334 0.556461 0.222359 0.233784
1 0.385334 0.479607 0.130240 0.040741
2 0.386979 0.598148 0.188542 0.114815
0 0.850517 0.538844 0.225603 0.229826
1 0.849617 0.463332 0.167125 0.043040
2 0.847917 0.569444 0.200000 0.105556
