1 0.500000 0.124547 0.640000 0.071397
0 0.850890 0.845769 0.209973 0.248151
1 0.818523 0.761788 0.124406 0.040741
2 0.848958 0.886111 0.179167 0.127778
6 0.854572 0.554156 0.220832 0.231867
1 0.854572 0.475804 0.120380 0.040741
1 0.855729 0.583333 0.086458 0.111111
2 0.850521 0.611111 0.053125 0.048148
0 0.619261 0.543587 0.224121 0.245532
1 0.661831 0.463588 0.118149 0.048355
6 0.620833 0.580556 0.197917 0.120370
2 0.593750 0.565741 0.122917 0.050000
0 0.376888 0.273310 0.215652 0.254394
1 0.376888 0.183124 0.112500 0.048088
6 0.373958 0.302778 0.185417 0.146296
7 0.451041 0.179028 0.042347 0.028791
0 0.131748 0.265811 0.216612 0.228943
1 0.126753 0.187441 0.165275 0.040741
3 0.132292 0.298148 0.183333 0.107407
2 0.178646 0.284259 0.082292 0.068519
0 0.126040 0.530158 0.216262 0.239775
1 0.126040 0.446571 0.125760 0.042235
2 0.127083 0.562963 0.189583 0.125926
7 0.200336 0.439949 0.042669 0.022321
6 0.381982 0.561231 0.225049 0.248139
1 0.350091 0.476105 0.140434 0.040741
2 0.383333 0.590741 0.197917 0.137037
6 0.418229 0.569444 0.051042 0.064815
7 0.449216 0.470034 0.065580 0.028709
6 0.604408 0.261704 0.214965 0.239786
1 0.634968 0.179340 0.133011 0.040741
1 0.601562 0.296296 0.090625 0.114815
6 0.620751 0.833011 0.220220 0.247273
1 0.620751 0.749704 0.121112 0.044156
2 0.618750 0.868519 0.189583 0.129630
2 0.618229 0.869444 0.121875 0.050000
0 0.851215 0.246654 0.219794 0.227298
1 0.838441 0.170593 0.129299 0.040741
8 0.850000 0.275926 0.081250 0.103704
6 0.833333 0.288889 0.008333 0.033333
7 0.916483 0.169965 0.064256 0.036882
0 0.145543 0.819637 0.224944 0.228743
1 0.145543 0.742139 0.114305 0.044902
2 0.144792 0.846296 0.200000 0.111111
0 0.383985 0.836235 0.214463 0.248578
1 0.365781 0.753542 0.157221 0.048664
2 0.382292 0.869444 0.185417 0.135185
4 0.413021 0.848148 0.117708 0.048148
