1 0.500000 0.067300 0.520000 0.075341
6 0.372132 0.807858 0.215294 0.227761
1 0.372132 0.732017 0.112500 0.043798
7 0.368229 0.842593 0.084375 0.107407
6 0.353646 0.858333 0.013542 0.050000
6 0.865359 0.257356 0.216990 0.253776
1 0.903132 0.171311 0.120611 0.049556
2 0.866146 0.288889 0.182292 0.129630
7 0.824479 0.319444 0.023958 0.031481
6 0.133111 0.835839 0.211525 0.230619
1 0.171169 0.757133 0.114576 0.041989
7 0.134375 0.866667 0.072917 0.092593
6 0.386775 0.527488 0.217178 0.235449
1 0.371641 0.447240 0.166076 0.040741
2 0.389062 0.556481 0.190625 0.120370
7 0.460204 0.445994 0.045321 0.035424
0 0.860794 0.815960 0.213994 0.238724
1 0.820464 0.737177 0.112500 0.040741
3 0.860938 0.849074 0.190625 0.127778
6 0.857812 0.853704 0.046875 0.059259
7 0.929733 0.732048 0.051115 0.033862
0 0.860991 0.537732 0.215589 0.253898
1 0.860991 0.452767 0.138109 0.044135
4 0.862500 0.577778 0.185417 0.125926
5 0.918229 0.540741 0.030208 0.029630
6 0.605186 0.529936 0.216265 0.231248
1 0.619648 0.449264 0.166508 0.040741
8 0.604688 0.559259 0.084375 0.107407
4 0.617708 0.532407 0.041667 0.038889
0 0.613047 0.824306 0.226234 0.252649
1 0.653654 0.737535 0.124187 0.040741
2 0.611458 0.855556 0.195833 0.133333
0 0.605310 0.250942 0.213187 0.241554
1 0.596156 0.169572 0.156784 0.040741
6 0.604167 0.281481 0.185417 0.118519
7 0.673885 0.166307 0.051036 0.035247
0 0.138423 0.542308 0.222617 0.237728
1 0.138423 0.462068 0.112500 0.045198
1 0.138542 0.579630 0.087500 0.111111
2 0.127083 0.564815 0.058333 0.070370
6 0.129235 0.277715 0.222264 0.245770
1 0.129235 0.194533 0.147837 0.045813
7 0.132812 0.313889 0.101042 0.127778
7 0.203324 0.186486 0.049087 0.026273
0 0.383453 0.256034 0.212855 0.240204
1 0.383453 0.172982 0.147400 0.042889
4 0.385937 0.288889 0.186458 0.137037
7 0.455449 0.174577 0.043863 0.040253
