1 0.801656 0.069222 0.371705 0.071778
6 0.375354 0.839311 0.214228 0.233423
1 0.381533 0.759477 0.112500 0.040741
2 0.373437 0.869444 0.182292 0.120370
7 0.328646 0.844444 0.023958 0.029630
6 0.139611 0.808659 0.217572 0.228733
1 0.139611 0.734724 0.140203 0.044084
2 0.140104 0.843519 0.184375 0.116667
0 0.389900 0.562133 0.226497 0.239329
1 0.368364 0.476283 0.162593 0.040741
4 0.391667 0.593519 0.195833 0.124074
2 0.353646 0.623148 0.111458 0.046296
7 0.459857 0.478703 0.061582 0.035431
6 0.620681 0.830715 0.222513 0.238059
1 0.589033 0.751871 0.138383 0.040741
7 0.623958 0.863889 0.083333 0.105556
6 0.120792 0.559792 0.210624 0.254597
1 0.106604 0.471705 0.112500 0.043064
6 0.121875 0.592593 0.185417 0.140741
2 0.104167 0.564815 0.122917 0.070370
7 0.194958 0.464875 0.037291 0.027726
6 0.617219 0.542140 0.211303 0.253832
1 0.617219 0.455507 0.160415 0.047160
2 0.616146 0.582407 0.188542 0.135185
6 0.118619 0.247701 0.209250 0.227610
1 0.118619 0.173664 0.119030 0.040741
3 0.117188 0.280556 0.176042 0.109259
4 0.150521 0.266667 0.082292 0.066667
6 0.861434 0.553903 0.207958 0.229173
1 0.839429 0.472835 0.119359 0.040741
8 0.860417 0.585185 0.093750 0.118519
6 0.875521 0.553704 0.032292 0.040741
6 0.614125 0.285683 0.218754 0.251073
1 0.647832 0.193823 0.130506 0.040741
6 0.613021 0.316667 0.188542 0.125926
1 0.580208 0.359259 0.022917 0.029630
7 0.690707 0.196121 0.040588 0.034912
6 0.847138 0.252617 0.213550 0.244118
1 0.855482 0.165940 0.165293 0.040741
2 0.850521 0.287037 0.186458 0.137037
7 0.916848 0.165764 0.049129 0.033376
6 0.362765 0.281830 0.207845 0.247948
1 0.400021 0.201327 0.112500 0.049244
6 0.362500 0.318519 0.185417 0.125926
6 0.864629 0.829080 0.209687 0.226750
1 0.864629 0.750297 0.142772 0.040741
5 0.864583 0.861111 0.087500 0.111111
2 0.853646 0.880556 0.042708 0.046296
