1 0.500000 0.071998 0.520000 0.084737
0 0.607139 0.281313 0.222226 0.241737
1 0.569274 0.201039 0.125266 0.042329
6 0.605208 0.317593 0.189583 0.116667
2 0.643229 0.318519 0.101042 0.066667
7 0.685713 0.192737 0.040077 0.027548
6 0.377781 0.264142 0.209644 0.227379
1 0.377781 0.188126 0.112500 0.040741
2 0.376563 0.295370 0.180208 0.112963
2 0.325521 0.305556 0.073958 0.048148
6 0.135010 0.546030 0.225895 0.241228
1 0.088730 0.465417 0.112500 0.040741
2 0.133854 0.584259 0.198958 0.120370
2 0.159896 0.567593 0.130208 0.061111
0 0.606367 0.539417 0.218011 0.226275
1 0.620664 0.462443 0.168585 0.040741
2 0.606771 0.566667 0.186458 0.114815
2 0.575000 0.581481 0.100000 0.066667
6 0.610794 0.821060 0.222260 0.244051
1 0.610794 0.735209 0.149918 0.040741
5 0.611979 0.851852 0.055208 0.111111
4 0.617708 0.830556 0.035417 0.038889
6 0.361955 0.541536 0.212417 0.232760
1 0.401497 0.461796 0.112500 0.042622
2 0.358854 0.572222 0.182292 0.111111
0 0.865015 0.816863 0.223775 0.242759
1 0.840008 0.735148 0.152928 0.043455
7 0.866667 0.848148 0.095833 0.122222
6 0.118766 0.834875 0.208085 0.241006
1 0.118766 0.757063 0.156560 0.045634
8 0.118229 0.875926 0.090625 0.114815
7 0.185876 0.751961 0.048864 0.038140
0 0.126643 0.267126 0.221423 0.252445
1 0.126643 0.174648 0.148931 0.041148
2 0.130208 0.296296 0.191667 0.129630
6 0.108333 0.287963 0.054167 0.068519
6 0.864335 0.260893 0.219034 0.229222
1 0.843554 0.182770 0.139053 0.040741
2 0.865625 0.291667 0.195833 0.124074
7 0.830729 0.254630 0.023958 0.031481
7 0.938564 0.176790 0.045576 0.023979
0 0.847799 0.557864 0.213741 0.243978
1 0.847799 0.474150 0.123908 0.044795
2 0.845833 0.595370 0.179167 0.124074
6 0.387977 0.817383 0.224557 0.239344
1 0.404378 0.739062 0.170921 0.044400
2 0.385937 0.852778 0.196875 0.127778
5 0.327083 0.882407 0.025000 0.031481
