1 0.500000 0.116606 0.640000 0.062143
6 0.144219 0.833446 0.213659 0.250358
1 0.149485 0.747637 0.152335 0.040741
7 0.142187 0.864815 0.096875 0.122222
6 0.841836 0.262517 0.208613 0.240848
1 0.823608 0.180007 0.151324 0.040741
4 0.842187 0.296296 0.173958 0.111111
2 0.842187 0.292593 0.069792 0.055556
7 0.901342 0.179585 0.064600 0.037947
6 0.367277 0.816804 0.224354 0.241125
1 0.367277 0.732385 0.145976 0.040741
5 0.369271 0.853704 0.090625 0.114815
7 0.356250 0.827778 0.022917 0.029630
0 0.625221 0.540443 0.217892 0.232245
1 0.651680 0.462275 0.144142 0.044576
2 0.628646 0.567593 0.188542 0.112963
0 0.621978 0.845500 0.218129 0.251364
1 0.621978 0.755177 0.112500 0.040741
7 0.623958 0.879630 0.095833 0.122222
2 0.627604 0.868519 0.057292 0.066667
6 0.146460 0.258627 0.218332 0.252397
1 0.129393 0.168909 0.147008 0.042288
3 0.146875 0.294444 0.181250 0.133333
4 0.168750 0.333333 0.112500 0.048148
6 0.372459 0.551550 0.218401 0.245745
1 0.350670 0.469353 0.153990 0.046919
2 0.370833 0.587037 0.185417 0.125926
7 0.448930 0.462887 0.040458 0.031381
6 0.612998 0.268558 0.216673 0.226596
1 0.612998 0.190600 0.118247 0.040741
2 0.613542 0.304630 0.181250 0.116667
2 0.573958 0.297222 0.081250 0.061111
7 0.690888 0.191202 0.035893 0.034848
6 0.870524 0.816008 0.221054 0.233856
1 0.885524 0.739033 0.170220 0.040741
2 0.871875 0.851852 0.191667 0.118519
4 0.867708 0.852778 0.102083 0.057407
7 0.937297 0.735873 0.062507 0.036549
6 0.383639 0.259919 0.212862 0.244210
1 0.383639 0.176334 0.132440 0.044102
2 0.384375 0.299074 0.187500 0.127778
2 0.439063 0.315741 0.073958 0.068519
7 0.444361 0.167788 0.066417 0.022912
6 0.861706 0.553113 0.211591 0.249076
1 0.871703 0.468586 0.124295 0.044888
3 0.860938 0.587963 0.178125 0.138889
7 0.925273 0.463881 0.059458 0.033575
6 0.118402 0.545266 0.208334 0.251519
1 0.089444 0.455129 0.118833 0.040894
6 0.117708 0.583333 0.181250 0.137037
2 0.088542 0.559259 0.116667 0.081481
