1 0.500000 0.078436 0.380000 0.067836
6 0.382708 0.829141 0.223804 0.242753
1 0.382708 0.746511 0.173566 0.046222
2 0.383854 0.865741 0.188542 0.109259
6 0.139014 0.530178 0.213384 0.233093
1 0.166475 0.446983 0.137629 0.040741
7 0.141146 0.559259 0.096875 0.122222
0 0.378190 0.538625 0.215790 0.245314
1 0.340004 0.452035 0.118586 0.043690
2 0.380729 0.566667 0.186458 0.137037
6 0.131301 0.273345 0.225315 0.245931
1 0.123417 0.189895 0.112500 0.041825
3 0.130208 0.304630 0.195833 0.138889
5 0.173958 0.335185 0.037500 0.048148
6 0.623951 0.835005 0.215407 0.247604
1 0.623951 0.747757 0.112500 0.040741
7 0.619792 0.864815 0.108333 0.137037
2 0.607292 0.884259 0.058333 0.057407
6 0.849732 0.257873 0.213754 0.235973
1 0.867115 0.176640 0.158155 0.040741
5 0.849479 0.292593 0.078125 0.100000
4 0.844792 0.310185 0.039583 0.038889
0 0.622576 0.263736 0.214425 0.239532
1 0.601340 0.181659 0.151119 0.040741
6 0.618750 0.296296 0.185417 0.133333
5 0.672396 0.332407 0.015625 0.031481
0 0.625868 0.563597 0.216260 0.247244
1 0.649785 0.478405 0.121984 0.047423
2 0.628125 0.593519 0.183333 0.131481
0 0.855976 0.843680 0.212951 0.243928
1 0.865064 0.759704 0.121374 0.047003
7 0.853125 0.879630 0.087500 0.111111
7 0.923608 0.751629 0.052685 0.022791
0 0.120822 0.818858 0.211332 0.226282
1 0.120822 0.744380 0.143034 0.043443
7 0.118229 0.848148 0.084375 0.107407
0 0.365648 0.276919 0.217762 0.232231
1 0.373993 0.195636 0.167758 0.040741
7 0.364583 0.309259 0.085417 0.107407
6 0.848068 0.528247 0.221711 0.231902
1 0.803879 0.450843 0.112500 0.040741
7 0.847917 0.556481 0.083333 0.105556
