1 0.500000 0.059173 0.380000 0.066469
6 0.871363 0.841440 0.225941 0.253845
1 0.871363 0.750911 0.112500 0.040741
6 0.875000 0.867593 0.195833 0.146296
7 0.940317 0.745809 0.063034 0.025547
6 0.861753 0.274956 0.211863 0.241986
1 0.861753 0.192078 0.116549 0.040741
3 0.859375 0.312037 0.181250 0.120370
3 0.895312 0.337963 0.103125 0.050000
7 0.927666 0.184040 0.055039 0.023116
6 0.614137 0.558235 0.214926 0.233413
1 0.623161 0.479197 0.164829 0.043015
2 0.611979 0.586111 0.184375 0.120370
7 0.676169 0.476265 0.065863 0.032437
6 0.141266 0.845018 0.225953 0.246833
1 0.173102 0.763742 0.136581 0.043822
2 0.144792 0.876852 0.195833 0.131481
7 0.217021 0.753300 0.049443 0.026360
6 0.122039 0.539521 0.210019 0.240817
1 0.125515 0.456725 0.153877 0.040741
5 0.125000 0.573148 0.091667 0.116667
7 0.133333 0.601852 0.020833 0.025926
6 0.388141 0.546644 0.220605 0.226025
1 0.365199 0.469037 0.153889 0.040741
2 0.388542 0.569444 0.195833 0.112963
6 0.363542 0.589815 0.010417 0.038889
7 0.465700 0.467740 0.040487 0.031179
6 0.382874 0.252268 0.211144 0.247722
1 0.394204 0.164118 0.112500 0.040741
6 0.380208 0.281481 0.181250 0.129630
0 0.145189 0.274850 0.219636 0.243594
1 0.145189 0.191137 0.127077 0.040741
1 0.146875 0.300926 0.100000 0.127778
2 0.167708 0.311111 0.043750 0.066667
6 0.865323 0.563350 0.222096 0.251606
1 0.865323 0.477019 0.127227 0.047179
2 0.863542 0.599074 0.189583 0.127778
6 0.894792 0.587963 0.039583 0.050000
6 0.614367 0.827408 0.215029 0.230752
1 0.655214 0.745697 0.112500 0.040741
2 0.614583 0.859259 0.187500 0.129630
0 0.369618 0.828972 0.212425 0.228048
1 0.345847 0.751905 0.112500 0.041592
2 0.372917 0.862037 0.183333 0.101852
2 0.368750 0.850926 0.112500 0.042593
7 0.445310 0.748735 0.036041 0.030538
0 0.626470 0.255127 0.215104 0.234634
1 0.626470 0.171959 0.148085 0.040741
2 0.624479 0.287963 0.186458 0.112963
