1 0.500000 0.082347 0.380000 0.083870
0 0.864336 0.837949 0.218271 0.243372
1 0.877834 0.756847 0.112597 0.046875
2 0.863021 0.875000 0.188542 0.112963
4 0.889583 0.873148 0.118750 0.068519
6 0.623922 0.805143 0.222362 0.226034
1 0.623922 0.731317 0.151452 0.040741
6 0.619792 0.837963 0.191667 0.112963
2 0.646354 0.853704 0.111458 0.051852
0 0.372242 0.828773 0.220606 0.253111
1 0.372242 0.737262 0.128896 0.040741
2 0.373958 0.861111 0.193750 0.129630
2 0.320833 0.842593 0.077083 0.074074
7 0.439318 0.738794 0.061454 0.036117
0 0.861217 0.561920 0.219415 0.240000
1 0.861217 0.475553 0.164268 0.040741
2 0.858854 0.591667 0.188542 0.124074
6 0.624231 0.270048 0.214446 0.254720
1 0.624231 0.184667 0.153690 0.049548
2 0.622917 0.310185 0.183333 0.127778
6 0.143948 0.843918 0.223039 0.242797
1 0.143948 0.762641 0.126450 0.040741
8 0.143229 0.872222 0.084375 0.107407
6 0.127698 0.553723 0.213785 0.250228
1 0.128397 0.473420 0.139498 0.049772
2 0.128646 0.589815 0.188542 0.135185
6 0.868460 0.280274 0.218023 0.249740
1 0.865376 0.190361 0.129002 0.041354
3 0.870833 0.304630 0.187500 0.135185
1 0.826562 0.274074 0.026042 0.033333
6 0.371223 0.543689 0.215117 0.226854
1 0.348596 0.466551 0.149030 0.040741
2 0.372396 0.569444 0.186458 0.112963
0 0.381008 0.257313 0.220319 0.237763
1 0.422941 0.176605 0.115621 0.041653
2 0.380208 0.287963 0.189583 0.116667
1 0.333333 0.267593 0.020833 0.027778
7 0.454520 0.177224 0.048296 0.040550
6 0.613774 0.566027 0.225602 0.247553
1 0.567639 0.476120 0.112500 0.040741
4 0.614583 0.592593 0.193750 0.144444
5 0.569792 0.621296 0.039583 0.050000
6 0.145151 0.257909 0.226013 0.238670
1 0.142706 0.176148 0.156167 0.040741
2 0.142708 0.291667 0.193750 0.112963
