1 0.500000 0.068451 0.520000 0.077643
0 0.603951 0.263279 0.208674 0.234537
1 0.603951 0.182065 0.149704 0.041460
8 0.603125 0.292593 0.097917 0.125926
2 0.576562 0.276852 0.038542 0.061111
0 0.119213 0.534156 0.209546 0.243926
1 0.123613 0.449216 0.112500 0.041927
4 0.120833 0.562963 0.183333 0.122222
2 0.139583 0.545370 0.118750 0.057407
6 0.608592 0.539843 0.218777 0.235461
1 0.581560 0.458740 0.112500 0.040741
5 0.608333 0.568519 0.064583 0.129630
6 0.851126 0.846559 0.212232 0.254736
1 0.851126 0.759633 0.112500 0.041792
7 0.850000 0.886111 0.104167 0.131481
6 0.846354 0.895370 0.048958 0.061111
0 0.372576 0.817749 0.209195 0.253611
1 0.338667 0.732947 0.120543 0.045989
2 0.372917 0.851852 0.183333 0.118519
6 0.342708 0.834259 0.031250 0.038889
6 0.379122 0.275215 0.208562 0.228915
1 0.379122 0.198808 0.160793 0.040741
2 0.382292 0.312963 0.177083 0.114815
2 0.347396 0.308333 0.092708 0.057407
6 0.856954 0.282429 0.216860 0.246920
1 0.886110 0.199919 0.112500 0.043769
8 0.854688 0.312963 0.101042 0.129630
6 0.845806 0.550602 0.212398 0.228503
1 0.807052 0.476064 0.114057 0.040741
5 0.846354 0.582407 0.071875 0.090741
0 0.139919 0.821958 0.221075 0.238582
1 0.170346 0.743953 0.135350 0.043326
5 0.140104 0.856481 0.086458 0.109259
4 0.142708 0.866667 0.050000 0.040741
7 0.214294 0.738011 0.047324 0.033651
6 0.603746 0.815037 0.215275 0.244986
1 0.587829 0.732595 0.138711 0.043929
2 0.604167 0.852778 0.193750 0.127778
2 0.553125 0.850000 0.083333 0.070370
7 0.675314 0.726911 0.047140 0.031697
0 0.379878 0.563192 0.208950 0.244164
1 0.379878 0.481500 0.112500 0.047385
6 0.379688 0.604630 0.184375 0.124074
7 0.446770 0.473235 0.050167 0.027212
0 0.138812 0.267304 0.207973 0.228694
1 0.138812 0.194358 0.149289 0.042101
6 0.139063 0.305556 0.171875 0.103704
6 0.176563 0.315741 0.034375 0.042593
