1 0.500000 0.065898 0.520000 0.072537
6 0.609667 0.815829 0.220308 0.226429
1 0.591375 0.741217 0.162891 0.042944
6 0.613542 0.852778 0.191667 0.105556
6 0.367670 0.548583 0.221569 0.226448
1 0.402093 0.474288 0.131890 0.040741
3 0.366146 0.581481 0.194792 0.100000
6 0.616634 0.263728 0.221464 0.235233
1 0.612409 0.185673 0.117019 0.042452
1 0.613542 0.298148 0.095833 0.122222
6 0.602604 0.292593 0.048958 0.062963
0 0.374796 0.254509 0.217056 0.245814
1 0.338950 0.172541 0.124530 0.048532
8 0.372396 0.287037 0.096875 0.122222
2 0.382812 0.267593 0.055208 0.046296
7 0.450410 0.166709 0.040827 0.033178
6 0.618758 0.556271 0.225424 0.249726
1 0.621253 0.472307 0.138009 0.046300
5 0.620313 0.586111 0.101042 0.127778
6 0.358421 0.837077 0.208992 0.241919
1 0.358421 0.755246 0.147043 0.040741
6 0.361979 0.866667 0.178125 0.129630
6 0.392708 0.843519 0.033333 0.042593
6 0.870197 0.542377 0.219581 0.239386
1 0.868184 0.458099 0.164765 0.041769
2 0.870833 0.571296 0.189583 0.124074
7 0.867188 0.576852 0.023958 0.031481
0 0.854723 0.253032 0.208493 0.229219
1 0.854723 0.175961 0.125923 0.042453
5 0.854167 0.285185 0.114583 0.114815
6 0.831250 0.273148 0.047917 0.061111
7 0.914999 0.174153 0.062940 0.034424
6 0.138927 0.825363 0.220394 0.237479
1 0.138927 0.742044 0.116583 0.040741
6 0.140104 0.860185 0.196875 0.124074
5 0.182292 0.824074 0.025000 0.033333
7 0.211451 0.740359 0.050346 0.030433
0 0.865644 0.809652 0.214587 0.229911
1 0.873579 0.728084 0.146289 0.040741
1 0.861979 0.843519 0.161458 0.012963
7 0.942972 0.733090 0.034930 0.039752
0 0.122921 0.261803 0.213922 0.248074
1 0.122921 0.174824 0.112500 0.046813
2 0.125521 0.298148 0.186458 0.122222
5 0.084896 0.264815 0.023958 0.029630
0 0.142523 0.535556 0.213317 0.251204
1 0.142523 0.449942 0.112500 0.046282
2 0.142708 0.567593 0.177083 0.138889
7 0.109896 0.598148 0.026042 0.033333
