1 0.500000 0.133599 0.640000 0.074702
0 0.847513 0.815437 0.216194 0.240323
1 0.844202 0.729429 0.128769 0.040741
2 0.849479 0.844444 0.188542 0.133333
7 0.917224 0.731740 0.051773 0.035894
6 0.139922 0.549706 0.226478 0.231559
1 0.138986 0.467548 0.138964 0.040741
5 0.141146 0.580556 0.057292 0.116667
6 0.365155 0.554363 0.210148 0.250204
1 0.403562 0.466209 0.112500 0.040741
2 0.361458 0.584259 0.181250 0.150000
6 0.851025 0.552640 0.211490 0.246682
1 0.830122 0.466198 0.148851 0.041629
4 0.848958 0.584259 0.179167 0.142593
6 0.612071 0.281306 0.212626 0.254308
1 0.651717 0.191234 0.112500 0.046494
2 0.610938 0.312963 0.184375 0.125926
2 0.652083 0.309259 0.093750 0.077778
0 0.385778 0.267658 0.218355 0.248985
1 0.385778 0.182831 0.115605 0.041461
6 0.385937 0.303704 0.196875 0.137037
6 0.125720 0.268806 0.223144 0.247347
1 0.125720 0.188283 0.139921 0.047705
7 0.122396 0.309259 0.084375 0.107407
6 0.620762 0.842788 0.212598 0.240078
1 0.620762 0.760650 0.115553 0.040741
2 0.621875 0.876852 0.183333 0.120370
7 0.683621 0.758915 0.061881 0.035295
6 0.358449 0.834799 0.208684 0.226727
1 0.358449 0.755465 0.130122 0.040741
2 0.359375 0.869444 0.179167 0.116667
1 0.330208 0.887963 0.020833 0.027778
0 0.130409 0.832677 0.220952 0.250612
1 0.091490 0.748779 0.122281 0.043384
6 0.130729 0.870370 0.186458 0.133333
2 0.080729 0.840741 0.071875 0.059259
0 0.850933 0.260416 0.208859 0.236035
1 0.821474 0.182762 0.129108 0.040741
1 0.853125 0.294444 0.081250 0.103704
5 0.869271 0.277778 0.028125 0.037037
6 0.603307 0.534501 0.208394 0.226214
1 0.603307 0.457010 0.132716 0.042465
4 0.602083 0.568519 0.172917 0.103704
2 0.556250 0.559259 0.075000 0.037037
