1 0.500000 0.064843 0.520000 0.070428
6 0.376045 0.840055 0.208274 0.249289
1 0.363212 0.753568 0.161775 0.040741
6 0.378125 0.871296 0.179167 0.150000
6 0.609217 0.828789 0.208968 0.247379
1 0.609217 0.745880 0.112500 0.049358
7 0.609375 0.867593 0.089583 0.112963
2 0.610417 0.858333 0.037500 0.046296
6 0.869745 0.247545 0.219181 0.236157
1 0.912669 0.169768 0.112500 0.044838
3 0.869792 0.280556 0.183333 0.116667
2 0.835938 0.255556 0.094792 0.044444
6 0.372135 0.247535 0.214555 0.236868
1 0.388721 0.168008 0.160549 0.045133
6 0.374479 0.284259 0.184375 0.112963
0 0.131505 0.529052 0.210650 0.235580
1 0.138492 0.448698 0.156034 0.041829
2 0.129167 0.561111 0.183333 0.129630
5 0.186979 0.597222 0.028125 0.035185
6 0.129633 0.261885 0.212840 0.238811
1 0.129633 0.179235 0.156352 0.040741
4 0.130729 0.300000 0.182292 0.122222
0 0.119682 0.835047 0.213071 0.232364
1 0.119682 0.758093 0.149300 0.040741
2 0.119271 0.863889 0.186458 0.116667
8 0.163021 0.842593 0.023958 0.029630
7 0.189908 0.757092 0.047620 0.039417
0 0.619257 0.252675 0.220420 0.246545
1 0.641091 0.165990 0.149147 0.040741
7 0.621875 0.279630 0.095833 0.122222
7 0.682308 0.163617 0.069317 0.031391
0 0.369347 0.537401 0.224470 0.226122
1 0.369347 0.466735 0.129543 0.044660
6 0.368229 0.579630 0.196875 0.103704
2 0.401562 0.559259 0.105208 0.044444
6 0.616045 0.529252 0.223059 0.226490
1 0.616045 0.453916 0.148610 0.040741
7 0.614062 0.559259 0.090625 0.114815
2 0.610938 0.551852 0.055208 0.062963
6 0.855366 0.568089 0.217596 0.253441
1 0.855366 0.479778 0.132645 0.047382
5 0.856250 0.597222 0.104167 0.131481
1 0.829167 0.553704 0.027083 0.033333
7 0.924898 0.473365 0.053531 0.026956
6 0.856285 0.825266 0.212039 0.241842
1 0.862768 0.738738 0.119496 0.040741
3 0.852083 0.858333 0.183333 0.120370
2 0.877083 0.850926 0.118750 0.053704
