1 0.500000 0.067593 0.380000 0.066455
6 0.360217 0.531059 0.208211 0.230767
1 0.347474 0.454561 0.161891 0.042569
2 0.360417 0.563889 0.181250 0.116667
2 0.313542 0.596296 0.083333 0.040741
6 0.142853 0.257583 0.217141 0.236898
1 0.142853 0.173897 0.120088 0.040741
6 0.140625 0.292593 0.185417 0.129630
2 0.171354 0.307407 0.105208 0.066667
6 0.126007 0.812896 0.209433 0.225967
1 0.119665 0.733308 0.112500 0.040741
6 0.124479 0.843519 0.184375 0.105556
6 0.606588 0.528840 0.223041 0.235390
1 0.606588 0.445080 0.143422 0.040741
2 0.606250 0.562037 0.191667 0.127778
6 0.363214 0.830173 0.208421 0.241951
1 0.334771 0.749485 0.130702 0.040741
4 0.364583 0.866667 0.175000 0.129630
5 0.369792 0.862963 0.029167 0.037037
0 0.618124 0.841542 0.213476 0.241216
1 0.618124 0.760252 0.166118 0.040741
6 0.618229 0.875000 0.186458 0.131481
7 0.689221 0.754946 0.046282 0.030987
0 0.143645 0.543247 0.214856 0.232181
1 0.153119 0.466774 0.118416 0.040741
2 0.141667 0.578704 0.185417 0.112963
8 0.181250 0.559259 0.022917 0.029630
7 0.213073 0.462449 0.050998 0.033548
0 0.610723 0.269832 0.217289 0.250611
1 0.610723 0.186953 0.136801 0.044418
8 0.609375 0.308333 0.085417 0.109259
2 0.601042 0.293519 0.050000 0.061111
7 0.682770 0.182194 0.048196 0.038297
6 0.848803 0.831059 0.211587 0.227528
1 0.848803 0.757709 0.164117 0.040741
2 0.847396 0.862963 0.188542 0.100000
7 0.914083 0.755638 0.056026 0.039649
0 0.372665 0.266886 0.219711 0.230076
1 0.372434 0.192086 0.132967 0.043842
4 0.372917 0.296296 0.183333 0.118519
0 0.867158 0.555579 0.215525 0.246897
1 0.849230 0.469757 0.133137 0.045228
2 0.865625 0.592593 0.187500 0.133333
7 0.943036 0.465619 0.038770 0.029942
6 0.844715 0.246941 0.209564 0.233016
1 0.844715 0.166225 0.122106 0.040741
4 0.844792 0.282407 0.187500 0.116667
2 0.842708 0.287037 0.093750 0.066667
