1 0.500000 0.071413 0.380000 0.060549
6 0.126547 0.555544 0.219522 0.239722
1 0.098552 0.473471 0.142700 0.047436
3 0.125521 0.589815 0.192708 0.109259
6 0.365453 0.267880 0.209395 0.253282
1 0.365453 0.181528 0.112500 0.043785
2 0.364583 0.302778 0.183333 0.127778
7 0.424319 0.173102 0.066664 0.026689
0 0.611549 0.275028 0.216947 0.238963
1 0.601774 0.196001 0.122713 0.044095
8 0.611979 0.306481 0.086458 0.109259
5 0.636979 0.333333 0.026042 0.033333
6 0.381969 0.538220 0.210354 0.232468
1 0.381969 0.456367 0.116118 0.042615
2 0.380729 0.567593 0.176042 0.112963
2 0.347396 0.578704 0.086458 0.068519
6 0.135753 0.838014 0.222358 0.247032
1 0.104985 0.749032 0.139988 0.041855
5 0.133854 0.873148 0.105208 0.135185
4 0.155729 0.863889 0.046875 0.079630
6 0.387036 0.813779 0.223051 0.245688
1 0.364324 0.729022 0.156794 0.042973
6 0.387500 0.842593 0.197917 0.140741
0 0.847762 0.831818 0.218974 0.245990
1 0.847762 0.746998 0.119979 0.040741
3 0.845313 0.861111 0.192708 0.144444
7 0.841146 0.851852 0.026042 0.033333
0 0.127958 0.274520 0.226336 0.250560
1 0.097366 0.187234 0.112870 0.040741
1 0.127604 0.312037 0.180208 0.012963
7 0.199904 0.187501 0.057443 0.039486
0 0.860661 0.530117 0.215650 0.230831
1 0.831006 0.454206 0.135506 0.040741
2 0.858333 0.564815 0.187500 0.107407
6 0.616556 0.557487 0.224372 0.245928
1 0.616556 0.476183 0.118890 0.047284
2 0.616667 0.598148 0.189583 0.114815
6 0.610938 0.595370 0.048958 0.061111
0 0.630453 0.808137 0.221800 0.233141
1 0.630453 0.728210 0.140607 0.040741
8 0.631771 0.846296 0.090625 0.114815
4 0.639062 0.856481 0.051042 0.072222
0 0.856119 0.262532 0.224325 0.236116
1 0.871979 0.184304 0.171773 0.040741
2 0.856250 0.295370 0.197917 0.116667
