1 0.500000 0.072279 0.520000 0.085300
6 0.368033 0.265689 0.214120 0.254097
1 0.329223 0.177020 0.115665 0.040741
2 0.370312 0.299074 0.184375 0.146296
4 0.330729 0.313889 0.090625 0.083333
7 0.437317 0.171380 0.050554 0.028442
0 0.137173 0.833077 0.223071 0.254421
1 0.142460 0.745617 0.112500 0.040741
2 0.136458 0.863889 0.195833 0.138889
6 0.623908 0.286982 0.213801 0.252040
1 0.662636 0.202195 0.115512 0.043943
2 0.622917 0.325000 0.189583 0.131481
6 0.628379 0.554633 0.220558 0.231278
1 0.603093 0.478309 0.147798 0.043439
4 0.629687 0.589815 0.194792 0.112963
6 0.591667 0.562037 0.033333 0.042593
7 0.699438 0.472581 0.053439 0.030136
0 0.848222 0.560624 0.212210 0.240512
1 0.848222 0.477227 0.112500 0.043012
8 0.848958 0.587963 0.100000 0.127778
7 0.913260 0.476579 0.057134 0.035386
6 0.132105 0.564667 0.222715 0.251733
1 0.120495 0.483023 0.142143 0.048075
2 0.130729 0.602778 0.194792 0.120370
7 0.078125 0.636111 0.022917 0.027778
7 0.196356 0.474854 0.069214 0.035070
6 0.116842 0.280421 0.208356 0.245658
1 0.116842 0.196412 0.137312 0.040741
2 0.114583 0.311111 0.175000 0.122222
6 0.150000 0.330556 0.039583 0.050000
7 0.186647 0.191282 0.043746 0.030342
0 0.375275 0.821749 0.214219 0.251795
1 0.388258 0.734799 0.130715 0.047966
2 0.375521 0.854630 0.188542 0.124074
2 0.413021 0.868519 0.105208 0.062963
0 0.863387 0.279150 0.214244 0.244211
1 0.888652 0.198483 0.138448 0.042246
2 0.863021 0.317593 0.188542 0.124074
6 0.622644 0.829015 0.211068 0.244445
1 0.651688 0.743473 0.132147 0.047034
2 0.623437 0.861111 0.184375 0.122222
6 0.666146 0.837963 0.034375 0.042593
0 0.365556 0.552946 0.216034 0.242972
1 0.365556 0.472993 0.118332 0.042354
2 0.367708 0.588889 0.187500 0.111111
6 0.864068 0.828077 0.224804 0.255000
1 0.832323 0.739955 0.140480 0.040741
2 0.866146 0.856481 0.194792 0.135185
