1 0.500000 0.143796 0.640000 0.066923
6 0.608034 0.555985 0.226090 0.233285
1 0.636486 0.473115 0.129525 0.040741
2 0.605729 0.590741 0.196875 0.114815
6 0.651563 0.607407 0.032292 0.040741
6 0.137715 0.827902 0.209172 0.232505
1 0.169540 0.746503 0.122067 0.040741
6 0.140625 0.858333 0.181250 0.135185
7 0.202596 0.749430 0.054410 0.038524
0 0.864554 0.843914 0.213129 0.252193
1 0.864554 0.756454 0.158693 0.040741
6 0.865625 0.875000 0.179167 0.150000
6 0.866555 0.253762 0.220380 0.227978
1 0.831959 0.178914 0.130355 0.040741
2 0.867708 0.288889 0.193750 0.111111
7 0.942087 0.172616 0.044317 0.028648
6 0.854720 0.540932 0.213068 0.249116
1 0.814853 0.455315 0.112500 0.040741
4 0.856250 0.575000 0.183333 0.120370
2 0.886458 0.599074 0.100000 0.064815
0 0.147081 0.536907 0.221704 0.229582
1 0.112273 0.463714 0.131255 0.043896
2 0.145833 0.574074 0.193750 0.100000
0 0.610025 0.819090 0.215972 0.226420
1 0.610025 0.741423 0.168409 0.040741
2 0.610938 0.848148 0.192708 0.118519
7 0.683689 0.736076 0.043645 0.023354
0 0.387106 0.255157 0.223493 0.246560
1 0.387106 0.171156 0.167551 0.040741
6 0.386979 0.289815 0.188542 0.138889
6 0.386093 0.560278 0.225411 0.255509
1 0.386093 0.474289 0.138150 0.050801
6 0.384896 0.600926 0.196875 0.124074
3 0.419792 0.630556 0.100000 0.057407
6 0.623530 0.267957 0.225886 0.254575
1 0.623530 0.178566 0.151709 0.046520
7 0.625000 0.293519 0.106250 0.135185
6 0.614583 0.322222 0.035417 0.044444
6 0.384901 0.824216 0.225851 0.230100
1 0.377210 0.743826 0.162849 0.042081
2 0.383854 0.850000 0.196875 0.118519
6 0.335417 0.873148 0.047917 0.061111
7 0.463706 0.745564 0.043242 0.035759
6 0.128726 0.283647 0.220527 0.249966
1 0.109589 0.199057 0.112500 0.044599
7 0.126562 0.319444 0.080208 0.101852
