1 0.209669 0.077178 0.369338 0.087690
6 0.845722 0.271353 0.211661 0.254217
1 0.806558 0.187934 0.112500 0.050609
5 0.845833 0.309259 0.110417 0.111111
0 0.606852 0.557182 0.210220 0.238640
1 0.606852 0.478555 0.143874 0.040741
2 0.608333 0.595370 0.183333 0.116667
7 0.678170 0.468291 0.042583 0.023821
0 0.851885 0.824559 0.226106 0.234536
1 0.898271 0.745615 0.112500 0.041889
7 0.852604 0.857407 0.076042 0.096296
2 0.848437 0.865741 0.042708 0.042593
6 0.601843 0.280540 0.208043 0.255033
1 0.588964 0.197051 0.155016 0.047472
4 0.602604 0.320370 0.180208 0.133333
6 0.575000 0.350926 0.041667 0.053704
6 0.382350 0.245615 0.208020 0.229902
1 0.382350 0.171361 0.112500 0.040741
2 0.381771 0.278704 0.176042 0.116667
2 0.384896 0.269444 0.080208 0.068519
6 0.131051 0.560077 0.222341 0.239273
1 0.131051 0.475288 0.112500 0.040741
2 0.130729 0.590741 0.186458 0.133333
2 0.127083 0.587963 0.077083 0.079630
7 0.196252 0.473111 0.066939 0.028305
6 0.365398 0.838469 0.216515 0.242905
1 0.327097 0.756709 0.112500 0.040741
6 0.366146 0.875926 0.184375 0.125926
6 0.615092 0.844050 0.211312 0.253509
1 0.615092 0.755221 0.138737 0.049625
2 0.614583 0.873148 0.185417 0.135185
7 0.658333 0.900926 0.025000 0.031481
6 0.855296 0.542439 0.223110 0.233110
1 0.895052 0.466619 0.122765 0.042497
2 0.854167 0.574074 0.193750 0.111111
0 0.376030 0.533396 0.218607 0.235699
1 0.377787 0.452654 0.151792 0.046865
2 0.377083 0.561111 0.191667 0.118519
7 0.450606 0.453753 0.044454 0.039376
0 0.126549 0.253691 0.221053 0.234654
1 0.109919 0.176892 0.126333 0.040741
2 0.128125 0.294444 0.195833 0.114815
6 0.138864 0.819920 0.226163 0.233412
1 0.104839 0.743656 0.137280 0.040741
1 0.140104 0.848148 0.192708 0.014815
6 0.179167 0.857407 0.020833 0.025926
