1 0.500000 0.057318 0.380000 0.066605
0 0.867403 0.544280 0.213992 0.238564
1 0.867403 0.462463 0.121741 0.041632
7 0.866667 0.570370 0.095833 0.122222
3 0.883333 0.549074 0.054167 0.061111
7 0.941979 0.463600 0.039841 0.040166
6 0.861051 0.824815 0.211168 0.226421
1 0.861051 0.745266 0.148562 0.040741
5 0.857812 0.857407 0.078125 0.100000
7 0.928603 0.745136 0.051064 0.030026
0 0.134824 0.821305 0.223147 0.233952
1 0.134824 0.745877 0.151576 0.044520
2 0.135417 0.851852 0.189583 0.114815
0 0.379712 0.270985 0.208414 0.253713
1 0.379712 0.182612 0.112500 0.049479
2 0.380729 0.309259 0.180208 0.133333
7 0.332813 0.353704 0.026042 0.033333
7 0.453431 0.176545 0.035976 0.027797
6 0.611890 0.265455 0.208569 0.244750
1 0.592040 0.181793 0.112500 0.048642
4 0.609375 0.302778 0.181250 0.131481
7 0.671799 0.180077 0.063751 0.036958
0 0.131858 0.250679 0.210907 0.229900
1 0.131858 0.175443 0.112500 0.040741
2 0.132812 0.284259 0.186458 0.124074
0 0.859035 0.254993 0.210404 0.228465
1 0.825025 0.181575 0.112500 0.041992
2 0.855729 0.288889 0.182292 0.100000
5 0.812500 0.267593 0.025000 0.031481
7 0.920224 0.175290 0.063027 0.032022
6 0.370315 0.814961 0.219127 0.229754
1 0.370315 0.737192 0.127073 0.040741
2 0.370312 0.850000 0.182292 0.107407
7 0.434284 0.729915 0.066189 0.022626
0 0.362779 0.530800 0.208003 0.239661
1 0.356471 0.453344 0.147447 0.045676
2 0.364063 0.572222 0.182292 0.114815
6 0.605636 0.557888 0.216736 0.232430
1 0.601820 0.479590 0.166137 0.040741
7 0.606250 0.586111 0.077083 0.098148
6 0.134980 0.543568 0.211928 0.243129
1 0.134980 0.463419 0.117947 0.045830
2 0.136458 0.581481 0.185417 0.114815
6 0.173437 0.571296 0.036458 0.046296
6 0.608512 0.843641 0.224713 0.247257
1 0.582604 0.756813 0.152063 0.040741
2 0.608333 0.874074 0.195833 0.140741
6 0.563542 0.895370 0.045833 0.057407
