1 0.749025 0.067309 0.290968 0.067951
6 0.388638 0.541219 0.226389 0.244401
1 0.372959 0.459082 0.153367 0.040741
7 0.389583 0.574074 0.087500 0.111111
0 0.855158 0.831329 0.222878 0.227831
1 0.896023 0.754048 0.112500 0.040741
2 0.857292 0.862037 0.193750 0.101852
6 0.611028 0.824482 0.208552 0.236961
1 0.600721 0.745669 0.161131 0.043501
1 0.610417 0.855556 0.081250 0.103704
6 0.138262 0.543048 0.222636 0.243612
1 0.138262 0.456208 0.116705 0.040741
1 0.140104 0.575926 0.090625 0.114815
0 0.382931 0.259777 0.219429 0.231063
1 0.382931 0.183192 0.143107 0.045426
5 0.385937 0.291667 0.096875 0.124074
6 0.138898 0.824588 0.210286 0.230512
1 0.171534 0.749310 0.113859 0.040741
6 0.136979 0.858333 0.184375 0.105556
2 0.178646 0.874074 0.073958 0.059259
0 0.622318 0.555892 0.218554 0.227903
1 0.608782 0.476510 0.140918 0.041267
4 0.622917 0.579630 0.193750 0.118519
0 0.604567 0.272791 0.208381 0.236031
1 0.637985 0.189672 0.120711 0.040741
2 0.607812 0.304630 0.178125 0.109259
6 0.606250 0.306481 0.035417 0.046296
6 0.869525 0.278379 0.224066 0.249018
1 0.886816 0.193816 0.137653 0.040780
6 0.869792 0.313889 0.189583 0.138889
3 0.899479 0.338889 0.119792 0.081481
0 0.854745 0.555333 0.214820 0.231218
1 0.854745 0.473641 0.143269 0.040741
2 0.852604 0.587037 0.182292 0.114815
6 0.825521 0.608333 0.028125 0.035185
7 0.928932 0.473361 0.041446 0.030236
6 0.124295 0.252422 0.211157 0.226134
1 0.124295 0.175149 0.146985 0.040741
2 0.122917 0.280556 0.177083 0.124074
7 0.198953 0.175932 0.036841 0.036116
6 0.386105 0.839809 0.220925 0.249511
1 0.355261 0.755143 0.112500 0.040741
5 0.387500 0.875000 0.091667 0.116667
2 0.402604 0.872222 0.051042 0.059259
