1 0.500000 0.071649 0.520000 0.084038
6 0.848535 0.263180 0.222135 0.247873
1 0.874387 0.176568 0.149597 0.042723
6 0.850000 0.294444 0.195833 0.125926
0 0.626860 0.285128 0.218302 0.253947
1 0.626860 0.195921 0.155237 0.048046
6 0.627083 0.324074 0.195833 0.125926
6 0.368742 0.540616 0.212663 0.242720
1 0.368742 0.458819 0.138234 0.042834
2 0.371875 0.577778 0.183333 0.118519
5 0.423958 0.602778 0.027083 0.035185
0 0.140076 0.847708 0.220895 0.250456
1 0.140076 0.764919 0.158872 0.045999
5 0.140625 0.881481 0.102083 0.129630
0 0.358014 0.244146 0.208334 0.229476
1 0.358014 0.164912 0.141850 0.042295
4 0.358854 0.275000 0.176042 0.101852
6 0.610585 0.535469 0.215642 0.228208
1 0.610585 0.459263 0.151379 0.040741
4 0.609375 0.563889 0.181250 0.109259
7 0.677536 0.451490 0.056740 0.023214
0 0.863902 0.554327 0.215915 0.248437
1 0.863902 0.473390 0.140187 0.045881
6 0.864062 0.588889 0.186458 0.118519
2 0.889583 0.571296 0.108333 0.068519
6 0.131272 0.557873 0.208271 0.232641
1 0.168740 0.475680 0.112500 0.040741
7 0.131250 0.587037 0.087500 0.111111
6 0.843796 0.813328 0.208293 0.239998
1 0.843796 0.734646 0.112500 0.046088
2 0.845833 0.852778 0.179167 0.124074
7 0.799479 0.826852 0.023958 0.031481
7 0.909388 0.724087 0.052110 0.024479
6 0.616224 0.809697 0.221043 0.231402
1 0.616224 0.727908 0.112500 0.040741
2 0.617708 0.839815 0.191667 0.131481
5 0.677604 0.812037 0.028125 0.035185
7 0.684085 0.729748 0.060322 0.034466
0 0.382937 0.827980 0.213625 0.234262
1 0.382937 0.748421 0.135966 0.040741
5 0.384375 0.865741 0.083333 0.105556
0 0.142900 0.261667 0.215209 0.233836
1 0.126446 0.185367 0.161467 0.040741
4 0.143750 0.293519 0.189583 0.127778
2 0.102083 0.329630 0.089583 0.044444
