1 0.500000 0.059525 0.380000 0.084905
6 0.383636 0.547095 0.213756 0.250100
1 0.383636 0.457827 0.112500 0.044868
3 0.384896 0.579630 0.184375 0.122222
2 0.426563 0.550000 0.094792 0.048148
7 0.449287 0.456644 0.057453 0.032161
6 0.616756 0.528598 0.224045 0.230670
1 0.616756 0.447355 0.123529 0.040741
1 0.615104 0.560185 0.078125 0.098148
6 0.129795 0.846313 0.217500 0.252252
1 0.091647 0.753563 0.120371 0.040741
6 0.130729 0.878704 0.186458 0.142593
5 0.090104 0.857407 0.040625 0.051852
7 0.196096 0.752901 0.059896 0.028390
0 0.857313 0.270885 0.214028 0.253077
1 0.857313 0.183925 0.126377 0.045575
6 0.859896 0.303704 0.182292 0.137037
6 0.611759 0.254496 0.208814 0.242621
1 0.611759 0.172413 0.132236 0.040741
4 0.612500 0.287963 0.175000 0.124074
0 0.848905 0.808245 0.221236 0.233626
1 0.848905 0.725759 0.140632 0.040741
7 0.849479 0.833333 0.098958 0.125926
7 0.829167 0.801852 0.022917 0.029630
6 0.621001 0.819467 0.214592 0.255242
1 0.643732 0.728059 0.121719 0.044913
2 0.618229 0.853704 0.186458 0.125926
6 0.653646 0.882407 0.044792 0.057407
6 0.866004 0.552910 0.218673 0.248670
1 0.866004 0.467868 0.151543 0.043971
2 0.865104 0.592593 0.194792 0.129630
6 0.912500 0.611111 0.037500 0.048148
7 0.935447 0.463846 0.054788 0.033504
6 0.134540 0.543931 0.220866 0.235428
1 0.109639 0.461969 0.150230 0.040741
2 0.131771 0.568519 0.194792 0.122222
2 0.130208 0.567593 0.079167 0.068519
6 0.379937 0.838314 0.211199 0.243290
1 0.379937 0.753175 0.119715 0.040741
6 0.380208 0.874074 0.187500 0.118519
0 0.381446 0.268671 0.216287 0.246530
1 0.361213 0.186121 0.154988 0.043508
7 0.382812 0.306481 0.090625 0.116667
7 0.393229 0.332407 0.021875 0.027778
6 0.137502 0.274091 0.212086 0.250692
1 0.139946 0.191038 0.155109 0.047811
2 0.138542 0.306481 0.189583 0.135185
