1 0.679810 0.075426 0.299747 0.084186
6 0.373692 0.529563 0.210339 0.229355
1 0.389921 0.448898 0.120907 0.040741
2 0.374479 0.561111 0.184375 0.111111
2 0.350000 0.552778 0.118750 0.061111
0 0.852730 0.838655 0.211207 0.230620
1 0.838061 0.759368 0.157403 0.040741
7 0.853646 0.863889 0.092708 0.116667
7 0.928354 0.761484 0.034959 0.039241
6 0.379532 0.264926 0.212626 0.237355
1 0.379532 0.188131 0.143266 0.046650
7 0.378646 0.298148 0.084375 0.107407
2 0.366667 0.298148 0.043750 0.066667
6 0.123943 0.819654 0.210231 0.233727
1 0.162392 0.742324 0.112500 0.040741
5 0.126562 0.846296 0.090625 0.114815
2 0.133333 0.866667 0.056250 0.055556
0 0.632326 0.838731 0.225221 0.253450
1 0.632326 0.751436 0.152273 0.048049
1 0.630729 0.867593 0.176042 0.012963
0 0.368136 0.812668 0.210821 0.231918
1 0.339639 0.738489 0.132994 0.045148
2 0.366667 0.853704 0.177083 0.107407
0 0.859994 0.554394 0.215502 0.249836
1 0.859994 0.469057 0.112500 0.040741
5 0.856771 0.583333 0.063542 0.129630
8 0.864062 0.557407 0.026042 0.033333
7 0.934494 0.464903 0.041502 0.033816
0 0.865046 0.251475 0.221096 0.234130
1 0.865046 0.175026 0.130096 0.040741
8 0.867708 0.282407 0.085417 0.109259
6 0.606769 0.528584 0.217048 0.226481
1 0.592984 0.456847 0.124694 0.043596
2 0.605208 0.562963 0.189583 0.100000
0 0.142158 0.562990 0.218364 0.255270
1 0.142158 0.473654 0.144880 0.048832
6 0.143229 0.597222 0.188542 0.142593
0 0.141861 0.279452 0.212984 0.254864
1 0.150726 0.193685 0.160807 0.046768
5 0.142187 0.311111 0.086458 0.111111
8 0.157812 0.294444 0.019792 0.025926
0 0.610566 0.269911 0.219649 0.226672
1 0.610566 0.194883 0.147606 0.040741
2 0.610938 0.306481 0.196875 0.112963
2 0.570312 0.312037 0.107292 0.064815
7 0.684952 0.195187 0.045877 0.040186
