1 0.500000 0.074402 0.520000 0.089544
0 0.867950 0.840896 0.216066 0.250331
1 0.867950 0.751235 0.115308 0.043549
7 0.867708 0.871296 0.104167 0.131481
0 0.614888 0.833619 0.217936 0.232571
1 0.611429 0.754177 0.147178 0.043485
2 0.616146 0.865741 0.186458 0.109259
5 0.610938 0.859259 0.026042 0.033333
7 0.692303 0.751232 0.038106 0.030759
0 0.382937 0.809607 0.215867 0.227449
1 0.382937 0.733122 0.160378 0.040741
2 0.384375 0.837963 0.181250 0.109259
0 0.867255 0.253471 0.216739 0.234765
1 0.867255 0.173660 0.112525 0.040741
4 0.867708 0.286111 0.191667 0.131481
6 0.910937 0.259259 0.034375 0.044444
7 0.940587 0.170707 0.045076 0.032200
6 0.383247 0.248340 0.214606 0.238153
1 0.383247 0.167637 0.165677 0.040741
8 0.382292 0.279630 0.093750 0.118519
2 0.368750 0.287963 0.047917 0.053704
0 0.862420 0.538839 0.211510 0.230029
1 0.846086 0.461480 0.112500 0.042033
7 0.863542 0.567593 0.085417 0.109259
6 0.851562 0.561111 0.038542 0.048148
7 0.936265 0.459354 0.038820 0.034022
6 0.605839 0.256160 0.215910 0.250099
1 0.598066 0.171127 0.144050 0.040741
2 0.606250 0.288889 0.183333 0.133333
8 0.576042 0.245370 0.025000 0.031481
0 0.140680 0.561400 0.224309 0.245244
1 0.161522 0.478914 0.161792 0.040741
2 0.140104 0.588889 0.201042 0.125926
7 0.212269 0.471440 0.056131 0.028288
0 0.137508 0.256946 0.212684 0.227440
1 0.137634 0.178136 0.155927 0.040741
2 0.134375 0.288889 0.185417 0.111111
0 0.127895 0.834247 0.210197 0.232606
1 0.147695 0.757350 0.112500 0.040741
5 0.128646 0.864815 0.084375 0.107407
2 0.128125 0.874074 0.054167 0.040741
7 0.189531 0.749889 0.061924 0.026854
0 0.627703 0.548007 0.225026 0.251906
1 0.656969 0.457505 0.112500 0.040741
4 0.625521 0.584259 0.196875 0.138889
6 0.389367 0.540244 0.224845 0.237631
1 0.419600 0.456948 0.121845 0.040741
2 0.388021 0.575000 0.198958 0.124074
2 0.429167 0.555556 0.104167 0.059259
