1 0.500000 0.143269 0.640000 0.059822
6 0.391292 0.283183 0.226372 0.250468
1 0.420180 0.196470 0.134085 0.040741
5 0.392708 0.315741 0.091667 0.116667
7 0.469593 0.192941 0.044770 0.032949
0 0.616073 0.538740 0.213093 0.231127
1 0.630955 0.460268 0.162494 0.040741
2 0.613021 0.566667 0.182292 0.125926
6 0.569271 0.558333 0.042708 0.053704
0 0.846089 0.529500 0.219462 0.226788
1 0.825764 0.456979 0.157980 0.042645
2 0.844792 0.562963 0.191667 0.114815
6 0.129141 0.831099 0.210753 0.239776
1 0.129141 0.753082 0.117609 0.046418
6 0.128646 0.870370 0.184375 0.122222
8 0.177083 0.839815 0.025000 0.031481
6 0.613154 0.822269 0.219914 0.226884
1 0.576807 0.746231 0.126386 0.040741
6 0.615625 0.848148 0.187500 0.118519
0 0.137327 0.529115 0.220899 0.227183
1 0.137327 0.451202 0.139710 0.040741
2 0.140104 0.559259 0.194792 0.125926
8 0.178646 0.534259 0.021875 0.027778
0 0.375092 0.552051 0.210772 0.254436
1 0.375092 0.459573 0.163095 0.042840
5 0.375000 0.580556 0.100000 0.127778
8 0.392708 0.604630 0.025000 0.031481
6 0.625269 0.246001 0.212667 0.226811
1 0.599188 0.166975 0.131016 0.040741
5 0.625521 0.272222 0.084375 0.107407
7 0.685217 0.165592 0.067771 0.028957
6 0.863850 0.829620 0.215318 0.249145
1 0.848987 0.742438 0.148828 0.040741
4 0.863542 0.856481 0.181250 0.142593
6 0.376409 0.844308 0.226271 0.246963
1 0.343567 0.757021 0.139754 0.040741
5 0.373437 0.867593 0.094792 0.120370
0 0.849253 0.268168 0.213721 0.244488
1 0.849253 0.188616 0.156279 0.047365
1 0.850000 0.306481 0.164583 0.012963
7 0.915829 0.178298 0.055569 0.027711
6 0.136553 0.243907 0.215295 0.227042
1 0.136553 0.170631 0.164724 0.040741
4 0.139583 0.277778 0.185417 0.118519
