1 0.699498 0.074526 0.301273 0.082385
6 0.859635 0.531020 0.225592 0.239058
1 0.885904 0.446136 0.152220 0.040741
6 0.858333 0.564815 0.195833 0.122222
0 0.864107 0.845066 0.219271 0.247132
1 0.893729 0.756297 0.139194 0.040741
2 0.864583 0.875926 0.191667 0.144444
0 0.622738 0.816744 0.220529 0.244681
1 0.579140 0.730674 0.112500 0.045758
1 0.623958 0.852778 0.089583 0.112963
6 0.377366 0.254144 0.209559 0.235165
1 0.377366 0.176968 0.112500 0.040741
6 0.379167 0.287037 0.181250 0.125926
0 0.135989 0.254453 0.222841 0.234110
1 0.135989 0.176436 0.132419 0.045345
2 0.136979 0.283333 0.192708 0.111111
6 0.122099 0.806320 0.216560 0.229563
1 0.122099 0.729952 0.129483 0.043760
7 0.123438 0.840741 0.076042 0.096296
2 0.120313 0.837963 0.051042 0.053704
0 0.629702 0.255799 0.223919 0.226691
1 0.656654 0.179406 0.112500 0.040741
1 0.630208 0.284259 0.075000 0.094444
0 0.383055 0.820348 0.215555 0.246226
1 0.363213 0.733729 0.133643 0.042714
5 0.384896 0.848148 0.090625 0.114815
7 0.457369 0.730818 0.041928 0.030129
6 0.860709 0.266040 0.215544 0.235569
1 0.870276 0.183418 0.153569 0.040741
1 0.859375 0.297222 0.179167 0.012963
0 0.130670 0.535300 0.214241 0.233512
1 0.130670 0.457429 0.129281 0.040741
2 0.131771 0.574074 0.182292 0.114815
7 0.203656 0.448225 0.043269 0.022326
0 0.623114 0.550396 0.213792 0.251145
1 0.661511 0.462266 0.116165 0.043143
2 0.626042 0.586111 0.185417 0.127778
7 0.695132 0.456365 0.044756 0.026046
0 0.380173 0.548145 0.218798 0.235926
1 0.380173 0.465553 0.144140 0.042344
6 0.383333 0.582407 0.189583 0.116667
