1 0.500000 0.063499 0.380000 0.082706
6 0.617360 0.818358 0.208673 0.243468
1 0.617360 0.736760 0.137734 0.040741
6 0.617188 0.850000 0.176042 0.118519
0 0.379657 0.832623 0.209406 0.231840
1 0.379657 0.756670 0.131051 0.044016
2 0.377604 0.867593 0.182292 0.109259
5 0.429167 0.883333 0.014583 0.029630
6 0.125297 0.828634 0.213869 0.247755
1 0.094183 0.745279 0.130807 0.040741
6 0.125521 0.864815 0.188542 0.133333
6 0.119697 0.277881 0.212806 0.241156
1 0.127975 0.191346 0.112500 0.040741
2 0.118229 0.305556 0.180208 0.137037
6 0.861467 0.828309 0.208451 0.230145
1 0.881456 0.750258 0.147639 0.043692
8 0.858333 0.855556 0.087500 0.111111
6 0.376862 0.256024 0.211279 0.232078
1 0.399894 0.179228 0.144381 0.041490
7 0.377083 0.285185 0.081250 0.103704
7 0.437267 0.172260 0.065470 0.027513
0 0.618316 0.274811 0.224437 0.250319
1 0.605151 0.191678 0.159057 0.044400
2 0.615625 0.308333 0.193750 0.135185
0 0.370284 0.556590 0.215112 0.246046
1 0.370284 0.473973 0.125340 0.040741
5 0.370312 0.588889 0.084375 0.107407
1 0.363021 0.608333 0.019792 0.024074
7 0.441575 0.466851 0.047529 0.029532
0 0.608703 0.563872 0.213211 0.248229
1 0.593937 0.480028 0.162845 0.040741
6 0.607292 0.599074 0.185417 0.138889
2 0.636979 0.625926 0.111458 0.055556
6 0.141503 0.537543 0.214109 0.239438
1 0.141503 0.453134 0.153225 0.040741
8 0.142187 0.565741 0.088542 0.112963
0 0.858765 0.538648 0.212906 0.246518
1 0.880877 0.455391 0.147850 0.040741
2 0.861458 0.576852 0.185417 0.124074
6 0.880208 0.567593 0.039583 0.050000
6 0.866098 0.281816 0.218013 0.248160
1 0.866098 0.196954 0.113187 0.044780
6 0.865104 0.317593 0.192708 0.124074
