1 0.500000 0.124349 0.640000 0.076898
6 0.378209 0.535816 0.217687 0.232624
1 0.358164 0.454477 0.156763 0.040741
2 0.379688 0.560185 0.186458 0.124074
6 0.121084 0.279913 0.214678 0.253209
1 0.150241 0.190443 0.135530 0.040741
8 0.123438 0.311111 0.115625 0.148148
7 0.101042 0.344444 0.029167 0.037037
7 0.193213 0.184523 0.045421 0.025392
0 0.851883 0.255413 0.209569 0.248660
1 0.868724 0.174361 0.140542 0.049473
2 0.848958 0.286111 0.181250 0.127778
2 0.900000 0.307407 0.072917 0.074074
6 0.382541 0.825435 0.221218 0.246371
1 0.382541 0.738665 0.124589 0.040741
6 0.382812 0.853704 0.194792 0.129630
0 0.614699 0.535228 0.210777 0.228682
1 0.614699 0.460329 0.112500 0.040741
2 0.616146 0.567593 0.184375 0.101852
7 0.674089 0.459628 0.066996 0.040444
6 0.863759 0.544405 0.215022 0.231840
1 0.863759 0.467653 0.119493 0.043715
2 0.864583 0.576852 0.185417 0.109259
7 0.927093 0.459907 0.063354 0.025807
6 0.611150 0.276067 0.212104 0.241489
1 0.638079 0.194050 0.112500 0.040741
1 0.609896 0.310185 0.173958 0.012963
6 0.858765 0.818915 0.211118 0.252550
1 0.858765 0.734060 0.146361 0.044138
2 0.859896 0.851852 0.186458 0.133333
2 0.905208 0.886111 0.079167 0.050000
6 0.121590 0.847438 0.208755 0.253165
1 0.118845 0.757873 0.123647 0.047632
2 0.121354 0.878704 0.182292 0.124074
2 0.155208 0.862963 0.089583 0.077778
7 0.187996 0.752693 0.050943 0.026639
6 0.363511 0.257714 0.218602 0.233272
1 0.405273 0.175064 0.112500 0.040741
2 0.362500 0.295370 0.195833 0.120370
0 0.612713 0.838319 0.209553 0.252090
1 0.597107 0.754222 0.157508 0.043676
6 0.614583 0.875926 0.179167 0.125926
6 0.138939 0.547578 0.224623 0.245021
1 0.138939 0.464275 0.164313 0.043540
2 0.140104 0.587037 0.194792 0.122222
