1 0.223442 0.074492 0.396884 0.082317
6 0.849159 0.554552 0.224112 0.248991
1 0.849159 0.468595 0.136586 0.044035
2 0.850000 0.584259 0.195833 0.127778
6 0.369863 0.833331 0.214076 0.226080
1 0.369863 0.756720 0.113555 0.040741
7 0.370833 0.862963 0.087500 0.111111
2 0.389062 0.872222 0.036458 0.051852
0 0.608836 0.536507 0.222158 0.235958
1 0.595872 0.456024 0.112500 0.044427
2 0.606771 0.565741 0.188542 0.127778
6 0.847546 0.826280 0.220032 0.244494
1 0.813185 0.741051 0.130477 0.041251
2 0.843229 0.856481 0.190625 0.124074
7 0.924353 0.737493 0.041418 0.029883
0 0.136334 0.527644 0.222273 0.236767
1 0.113462 0.445529 0.140842 0.040741
2 0.133854 0.552778 0.194792 0.127778
7 0.200861 0.448070 0.068221 0.040582
0 0.868523 0.276675 0.218103 0.237688
1 0.894622 0.192619 0.145070 0.040741
7 0.870833 0.301852 0.087500 0.111111
6 0.602586 0.253906 0.208174 0.239044
1 0.602586 0.172727 0.112500 0.043784
5 0.603646 0.282407 0.088542 0.112963
7 0.670002 0.164561 0.048342 0.023316
0 0.136036 0.268251 0.224340 0.234228
1 0.097388 0.187615 0.126211 0.040741
3 0.133333 0.297222 0.195833 0.120370
0 0.123565 0.842863 0.214841 0.250198
1 0.142130 0.751848 0.125663 0.040741
8 0.121875 0.874074 0.093750 0.118519
7 0.110417 0.837037 0.020833 0.025926
7 0.197913 0.753363 0.041145 0.034161
6 0.370151 0.554118 0.209047 0.231494
1 0.376128 0.480187 0.132335 0.043424
7 0.370312 0.591667 0.071875 0.090741
7 0.430385 0.476911 0.063578 0.040044
6 0.368415 0.268691 0.225570 0.231855
1 0.332919 0.193270 0.133746 0.040741
6 0.368229 0.304630 0.203125 0.120370
6 0.404687 0.328704 0.015625 0.057407
6 0.605829 0.812286 0.212308 0.231236
1 0.607847 0.732502 0.155886 0.041462
7 0.603125 0.846296 0.085417 0.107407
8 0.594271 0.821296 0.021875 0.027778
