1 0.500000 0.147358 0.640000 0.070357
6 0.858038 0.260717 0.209991 0.254659
1 0.839786 0.167156 0.139656 0.040741
3 0.861458 0.289815 0.179167 0.150000
6 0.856250 0.286111 0.060417 0.075926
7 0.917998 0.166476 0.065070 0.029139
6 0.606704 0.531737 0.208692 0.234789
1 0.632898 0.453601 0.135471 0.045053
7 0.605208 0.564815 0.089583 0.114815
7 0.580208 0.545370 0.020833 0.027778
7 0.673918 0.448526 0.049264 0.031329
6 0.141001 0.561848 0.210736 0.252043
1 0.141001 0.476257 0.142840 0.040741
3 0.140625 0.597222 0.187500 0.142593
6 0.380286 0.281266 0.214016 0.254771
1 0.380286 0.190780 0.149625 0.040741
7 0.380729 0.319444 0.094792 0.120370
7 0.454449 0.184645 0.040690 0.024494
6 0.609608 0.824004 0.220275 0.235983
1 0.609608 0.746403 0.135128 0.040741
2 0.610417 0.852778 0.185417 0.116667
6 0.385930 0.821433 0.214728 0.254805
1 0.385930 0.733546 0.118946 0.040741
2 0.388542 0.856481 0.187500 0.124074
2 0.353646 0.844444 0.092708 0.066667
7 0.461509 0.730322 0.038570 0.035547
6 0.360109 0.533110 0.212410 0.233785
1 0.322495 0.453957 0.112500 0.040826
7 0.359896 0.565741 0.080208 0.101852
7 0.420819 0.450359 0.065991 0.031246
6 0.846734 0.555907 0.219071 0.238033
1 0.837420 0.474570 0.165662 0.045820
2 0.848437 0.593519 0.188542 0.120370
6 0.817187 0.609259 0.032292 0.040741
6 0.120773 0.831008 0.208140 0.239858
1 0.127476 0.745090 0.153277 0.040741
7 0.122396 0.861111 0.103125 0.129630
6 0.109896 0.876852 0.042708 0.053704
0 0.127021 0.265490 0.214512 0.235818
1 0.127021 0.186591 0.112500 0.041395
2 0.130208 0.299074 0.183333 0.109259
7 0.198799 0.181798 0.045956 0.031398
6 0.852775 0.830798 0.209441 0.228254
1 0.869706 0.753759 0.154747 0.040741
1 0.852604 0.865741 0.086458 0.109259
7 0.912447 0.746536 0.065098 0.022692
6 0.609637 0.279587 0.219973 0.237067
1 0.584569 0.203434 0.112500 0.046397
1 0.610938 0.314815 0.078125 0.100000
