1 0.793761 0.069878 0.369034 0.073090
0 0.866827 0.838120 0.214260 0.232127
1 0.826363 0.760554 0.112500 0.040741
2 0.867708 0.871296 0.181250 0.124074
0 0.367978 0.835057 0.215163 0.252062
1 0.367978 0.749765 0.137954 0.050230
2 0.371875 0.869444 0.185417 0.124074
6 0.122444 0.540802 0.218225 0.249417
1 0.100149 0.456576 0.112500 0.047940
2 0.121875 0.571296 0.187500 0.131481
7 0.194881 0.452565 0.048351 0.035907
0 0.629671 0.836393 0.221092 0.253231
1 0.590209 0.746492 0.121335 0.040741
8 0.628646 0.870370 0.105208 0.133333
7 0.698917 0.741831 0.057600 0.027070
6 0.120218 0.247709 0.212549 0.231685
1 0.121914 0.170469 0.165140 0.040741
2 0.119792 0.280556 0.189583 0.124074
2 0.163542 0.263889 0.093750 0.053704
6 0.122275 0.834988 0.211478 0.247921
1 0.122275 0.745199 0.124046 0.040741
2 0.119792 0.867593 0.183333 0.127778
0 0.610248 0.555024 0.222770 0.244683
1 0.610248 0.470349 0.169464 0.040741
5 0.606771 0.591667 0.094792 0.120370
7 0.613542 0.552778 0.020833 0.027778
0 0.374639 0.539599 0.224948 0.237447
1 0.410233 0.459284 0.132926 0.041138
6 0.375000 0.573148 0.191667 0.131481
4 0.347396 0.591667 0.126042 0.061111
0 0.623792 0.260499 0.210300 0.234824
1 0.606533 0.178044 0.136695 0.040741
3 0.625521 0.292593 0.178125 0.118519
6 0.387098 0.260000 0.220118 0.253317
1 0.420074 0.171530 0.133333 0.041710
8 0.388021 0.288889 0.101042 0.129630
0 0.853639 0.255028 0.215481 0.229469
1 0.853639 0.181441 0.154486 0.043415
7 0.852083 0.294444 0.072917 0.092593
0 0.856741 0.542472 0.218985 0.230951
1 0.856741 0.466283 0.112500 0.041653
6 0.858333 0.575926 0.193750 0.100000
7 0.932156 0.457778 0.043155 0.024526
