1 0.206359 0.076760 0.362718 0.086853
6 0.851123 0.526773 0.208693 0.233211
1 0.851648 0.447032 0.161694 0.043895
2 0.852604 0.555556 0.178125 0.125926
0 0.130010 0.814435 0.219790 0.240134
1 0.130010 0.731165 0.112500 0.044097
1 0.130729 0.844444 0.090625 0.114815
6 0.151042 0.865741 0.031250 0.038889
7 0.201165 0.728613 0.052481 0.031452
0 0.376410 0.842522 0.221892 0.241289
1 0.408471 0.763843 0.136936 0.043278
3 0.376563 0.882407 0.192708 0.112963
0 0.365437 0.242443 0.222702 0.228174
1 0.320753 0.165568 0.112500 0.040741
6 0.364583 0.273148 0.187500 0.120370
2 0.408854 0.300926 0.082292 0.057407
7 0.440283 0.158502 0.048011 0.023254
6 0.842220 0.247338 0.208500 0.234581
1 0.842220 0.165486 0.112500 0.044264
5 0.844271 0.277778 0.101042 0.129630
0 0.622634 0.557925 0.210556 0.242984
1 0.622634 0.473682 0.142504 0.040741
7 0.621354 0.586111 0.088542 0.112963
5 0.633854 0.603704 0.028125 0.037037
6 0.869163 0.837640 0.224847 0.244230
1 0.867038 0.756212 0.158847 0.043353
2 0.870833 0.870370 0.200000 0.125926
2 0.866667 0.870370 0.125000 0.077778
6 0.629003 0.265011 0.218623 0.248422
1 0.612750 0.180974 0.155482 0.044550
2 0.631771 0.291667 0.190625 0.127778
0 0.612322 0.842463 0.220448 0.237005
1 0.626950 0.763268 0.170359 0.040741
6 0.614583 0.868519 0.191667 0.122222
2 0.664583 0.850926 0.077083 0.057407
0 0.137683 0.545187 0.211714 0.241211
1 0.137683 0.466468 0.112500 0.044716
2 0.136979 0.582407 0.188542 0.124074
0 0.141299 0.256794 0.224857 0.253148
1 0.141299 0.168396 0.112500 0.042026
2 0.140625 0.291667 0.200000 0.142593
2 0.175521 0.324074 0.109375 0.062963
6 0.369040 0.561014 0.226369 0.244700
1 0.369040 0.477130 0.112500 0.048468
2 0.372396 0.601852 0.196875 0.125926
5 0.315625 0.627778 0.027083 0.033333
7 0.437519 0.476285 0.064410 0.038206
