1 0.500000 0.077543 0.380000 0.076146
6 0.365477 0.267833 0.222063 0.226186
1 0.365477 0.189431 0.162714 0.040741
2 0.365104 0.300000 0.194792 0.103704
6 0.363236 0.539497 0.209103 0.242882
1 0.363236 0.458579 0.148918 0.046946
2 0.361458 0.580556 0.179167 0.116667
6 0.866787 0.249085 0.218326 0.239364
1 0.866787 0.165577 0.164114 0.040741
2 0.864583 0.281481 0.185417 0.114815
7 0.934894 0.167920 0.057110 0.039997
6 0.133947 0.274413 0.220573 0.253694
1 0.107727 0.183997 0.147299 0.040741
2 0.133854 0.311111 0.198958 0.140741
6 0.615104 0.273601 0.221290 0.233085
1 0.615104 0.190940 0.112500 0.040741
5 0.616667 0.305556 0.100000 0.100000
7 0.685420 0.194830 0.055656 0.038507
6 0.607733 0.555566 0.214841 0.253412
1 0.607733 0.469508 0.112500 0.050157
2 0.608854 0.587963 0.190625 0.138889
6 0.609131 0.830588 0.210848 0.250147
1 0.609131 0.742620 0.123362 0.040741
3 0.607812 0.863889 0.180208 0.127778
2 0.602604 0.858333 0.094792 0.061111
7 0.682203 0.739374 0.039703 0.030683
6 0.143599 0.536431 0.214728 0.231586
1 0.179177 0.458334 0.122740 0.040741
6 0.140625 0.566667 0.183333 0.107407
0 0.846880 0.811748 0.216018 0.238673
1 0.888222 0.731409 0.112500 0.046757
6 0.846354 0.842593 0.186458 0.129630
6 0.131174 0.809710 0.222715 0.236273
1 0.127143 0.728928 0.129039 0.040741
4 0.133854 0.843519 0.196875 0.116667
0 0.380605 0.826580 0.220695 0.227211
1 0.374601 0.748940 0.145667 0.045433
5 0.378646 0.863889 0.073958 0.094444
7 0.446762 0.745194 0.063381 0.027402
6 0.853004 0.539727 0.214067 0.238194
1 0.893371 0.454812 0.112500 0.040741
2 0.848958 0.569444 0.185417 0.112963
