1 0.244180 0.068288 0.438359 0.069910
0 0.621067 0.537642 0.223881 0.238625
1 0.624715 0.459544 0.145486 0.046250
8 0.623437 0.569444 0.092708 0.116667
7 0.700533 0.450143 0.039948 0.026589
6 0.128997 0.254496 0.224409 0.235569
1 0.128997 0.173235 0.143238 0.040741
1 0.125521 0.282407 0.080208 0.101852
5 0.113542 0.254630 0.027083 0.035185
0 0.854371 0.254408 0.216127 0.242030
1 0.831239 0.174453 0.149030 0.045964
6 0.854688 0.284259 0.190625 0.124074
0 0.619426 0.834914 0.223773 0.240783
1 0.619426 0.752339 0.138245 0.040741
6 0.617188 0.862037 0.198958 0.120370
2 0.656771 0.849074 0.103125 0.072222
6 0.128550 0.813835 0.208035 0.246001
1 0.128550 0.725991 0.156733 0.040741
2 0.128646 0.846296 0.173958 0.144444
7 0.198282 0.727759 0.043572 0.036811
6 0.860096 0.542273 0.223876 0.240449
1 0.901804 0.462636 0.119626 0.040741
2 0.859896 0.572222 0.190625 0.129630
6 0.384966 0.275368 0.221234 0.245491
1 0.384966 0.189923 0.122826 0.048447
1 0.386458 0.308333 0.091667 0.116667
4 0.390104 0.323148 0.057292 0.072222
6 0.871070 0.836443 0.223859 0.241342
1 0.871070 0.754511 0.149174 0.047931
2 0.870833 0.870370 0.191667 0.125926
2 0.874479 0.879630 0.092708 0.074074
0 0.128094 0.529065 0.217662 0.228405
1 0.128094 0.449226 0.133961 0.042665
2 0.130208 0.553704 0.187500 0.118519
0 0.375365 0.837242 0.219802 0.244364
1 0.375365 0.753756 0.112500 0.044106
2 0.373437 0.877778 0.192708 0.122222
6 0.611677 0.275838 0.215443 0.234583
1 0.611677 0.198616 0.125906 0.040741
2 0.613021 0.308333 0.184375 0.105556
0 0.361966 0.537920 0.208544 0.235644
1 0.334491 0.457178 0.132761 0.040741
2 0.363021 0.576852 0.176042 0.116667
4 0.400521 0.597222 0.092708 0.068519
