1 0.500000 0.141043 0.640000 0.069459
6 0.141905 0.816544 0.211738 0.247336
1 0.141905 0.735399 0.112500 0.046901
2 0.142187 0.852778 0.188542 0.116667
2 0.098437 0.864815 0.080208 0.062963
7 0.204353 0.725018 0.061842 0.027245
6 0.603737 0.251579 0.208280 0.235660
1 0.603737 0.170986 0.160136 0.044728
2 0.604167 0.282407 0.185417 0.127778
6 0.557292 0.283333 0.020833 0.077778
7 0.678008 0.168522 0.034738 0.032510
0 0.362286 0.550626 0.207856 0.253858
1 0.393467 0.463613 0.124661 0.047696
5 0.363021 0.590741 0.067708 0.137037
5 0.371875 0.625926 0.020833 0.025926
7 0.436895 0.455988 0.033639 0.027544
0 0.367987 0.843449 0.216000 0.247809
1 0.341895 0.757498 0.142982 0.044899
5 0.368229 0.877778 0.111458 0.111111
8 0.355729 0.893519 0.021875 0.027778
6 0.132660 0.548974 0.217928 0.244303
1 0.091021 0.464543 0.112500 0.040741
2 0.133333 0.586111 0.187500 0.124074
2 0.162500 0.618519 0.100000 0.048148
6 0.623470 0.836835 0.216967 0.235836
1 0.596068 0.754663 0.120902 0.040741
8 0.626042 0.873148 0.089583 0.112963
6 0.386833 0.249315 0.226480 0.234045
1 0.417096 0.169120 0.131607 0.041729
2 0.387500 0.276852 0.200000 0.120370
7 0.385937 0.270370 0.023958 0.029630
0 0.864151 0.541286 0.208808 0.228868
1 0.857201 0.462421 0.112500 0.040741
2 0.866146 0.566667 0.180208 0.118519
6 0.839583 0.574074 0.056250 0.070370
0 0.867300 0.261027 0.214800 0.238022
1 0.902878 0.178189 0.122812 0.043376
6 0.864062 0.289815 0.186458 0.116667
0 0.865457 0.822833 0.219061 0.230689
1 0.908321 0.746987 0.112500 0.040741
7 0.867188 0.855556 0.078125 0.100000
0 0.125740 0.284012 0.222682 0.250921
1 0.150419 0.195674 0.149276 0.046602
6 0.124479 0.313889 0.196875 0.131481
6 0.123958 0.315741 0.060417 0.075926
6 0.612883 0.550725 0.211713 0.232375
1 0.638068 0.477288 0.140510 0.046427
6 0.611458 0.580556 0.187500 0.112963
7 0.577083 0.601852 0.022917 0.029630
