1 0.500000 0.126235 0.640000 0.074321
0 0.603904 0.843922 0.218060 0.243160
1 0.603904 0.760817 0.162868 0.040741
2 0.605729 0.871296 0.192708 0.131481
1 0.555729 0.900926 0.023958 0.031481
6 0.606021 0.528383 0.211567 0.234367
1 0.586342 0.450917 0.151376 0.040741
2 0.603125 0.557407 0.183333 0.122222
3 0.655729 0.583333 0.069792 0.055556
7 0.667068 0.448363 0.064472 0.037291
0 0.374159 0.537074 0.222407 0.233261
1 0.418696 0.462099 0.112500 0.045021
6 0.370312 0.572222 0.192708 0.100000
5 0.311458 0.588889 0.031250 0.040741
6 0.365573 0.839670 0.207944 0.247952
1 0.380948 0.756654 0.150056 0.042285
4 0.365625 0.875926 0.175000 0.129630
7 0.430752 0.749131 0.052588 0.029837
0 0.139446 0.825085 0.225440 0.247320
1 0.166221 0.736133 0.151056 0.042798
1 0.139583 0.851852 0.095833 0.122222
2 0.120313 0.852778 0.051042 0.075926
6 0.383303 0.274612 0.213415 0.234564
1 0.383303 0.192339 0.142922 0.041650
2 0.386979 0.303704 0.184375 0.125926
7 0.392708 0.299074 0.025000 0.031481
6 0.127357 0.537866 0.221751 0.231384
1 0.123840 0.461086 0.164098 0.040741
5 0.126562 0.565741 0.082292 0.105556
6 0.130729 0.577778 0.040625 0.051852
0 0.617506 0.267943 0.216148 0.247474
1 0.617506 0.183135 0.131852 0.042517
5 0.619792 0.303704 0.087500 0.111111
2 0.625000 0.321296 0.058333 0.053704
6 0.861822 0.567766 0.219833 0.253954
1 0.819853 0.475437 0.115061 0.040828
5 0.861979 0.599074 0.088542 0.112963
6 0.843715 0.277768 0.210937 0.242256
1 0.882517 0.195499 0.112500 0.044968
7 0.844271 0.310185 0.101042 0.127778
2 0.862500 0.294444 0.058333 0.077778
6 0.862354 0.831332 0.208527 0.237023
1 0.862354 0.754889 0.114497 0.043988
4 0.864062 0.862963 0.178125 0.122222
6 0.130425 0.261034 0.215222 0.233667
1 0.089554 0.181276 0.112645 0.040741
5 0.132292 0.292593 0.056250 0.114815
