1 0.500000 0.066610 0.520000 0.073961
6 0.856198 0.549882 0.218415 0.247597
1 0.856198 0.461883 0.160629 0.040741
6 0.857812 0.585185 0.184375 0.125926
7 0.934903 0.464854 0.036005 0.040504
6 0.852157 0.266119 0.211242 0.234381
1 0.827369 0.189630 0.112500 0.040741
2 0.853125 0.300926 0.175000 0.109259
0 0.381701 0.537401 0.218130 0.232431
1 0.398142 0.461717 0.164415 0.040741
6 0.382812 0.570370 0.188542 0.118519
0 0.864859 0.830792 0.209292 0.235703
1 0.864859 0.752609 0.123229 0.043741
7 0.862500 0.862963 0.081250 0.103704
6 0.867188 0.842593 0.038542 0.048148
0 0.123516 0.549765 0.212438 0.248195
1 0.123516 0.462729 0.145412 0.047464
5 0.122917 0.583333 0.102083 0.129630
6 0.128174 0.815204 0.219902 0.235279
1 0.109796 0.733351 0.156484 0.042781
2 0.127604 0.842593 0.194792 0.114815
7 0.193283 0.729168 0.064684 0.026171
6 0.612146 0.270489 0.212826 0.252330
1 0.614932 0.184086 0.129834 0.046456
2 0.611979 0.300926 0.186458 0.131481
6 0.611559 0.543487 0.213204 0.254988
1 0.611559 0.452708 0.154234 0.042861
2 0.612500 0.572222 0.179167 0.140741
0 0.377461 0.834191 0.219260 0.233057
1 0.377461 0.757197 0.136372 0.040741
2 0.375000 0.863889 0.187500 0.116667
7 0.445372 0.751545 0.058438 0.030727
0 0.629196 0.844992 0.220965 0.251707
1 0.585380 0.761270 0.112500 0.045442
4 0.630729 0.883333 0.194792 0.122222
6 0.386566 0.281067 0.221788 0.252949
1 0.347551 0.190864 0.122923 0.040741
2 0.385417 0.319444 0.193750 0.138889
6 0.124990 0.267541 0.218468 0.239738
1 0.124990 0.185497 0.154110 0.040741
3 0.124479 0.305556 0.188542 0.118519
1 0.120833 0.298148 0.091667 0.007407
7 0.199836 0.180622 0.043775 0.028862
