1 0.219145 0.072576 0.388290 0.078485
6 0.608088 0.261270 0.215478 0.227776
1 0.608088 0.181780 0.132287 0.040741
8 0.610417 0.289815 0.079167 0.101852
6 0.381861 0.820087 0.216462 0.249443
1 0.340296 0.733619 0.112500 0.047513
6 0.382292 0.852778 0.185417 0.127778
7 0.447124 0.726994 0.060934 0.026219
0 0.129910 0.827473 0.225489 0.249075
1 0.129910 0.740409 0.112500 0.040741
4 0.128125 0.860185 0.191667 0.131481
2 0.158333 0.825926 0.120833 0.048148
0 0.384128 0.525072 0.224740 0.226709
1 0.367032 0.451644 0.169716 0.040741
4 0.382292 0.562963 0.191667 0.107407
2 0.415625 0.579630 0.100000 0.048148
7 0.450187 0.448973 0.067622 0.037475
0 0.606544 0.836271 0.208888 0.248745
1 0.589524 0.756155 0.154015 0.047950
5 0.606771 0.867593 0.059375 0.120370
3 0.609896 0.879630 0.038542 0.074074
7 0.679434 0.748076 0.038107 0.035318
0 0.856762 0.266044 0.225286 0.253403
1 0.856762 0.175025 0.165555 0.040741
2 0.854688 0.297222 0.198958 0.146296
0 0.127721 0.524229 0.226095 0.228788
1 0.127721 0.448648 0.146427 0.040741
3 0.130729 0.550926 0.198958 0.116667
0 0.860727 0.826908 0.225953 0.228344
1 0.860727 0.747107 0.165161 0.040741
4 0.863021 0.856481 0.198958 0.116667
7 0.941451 0.747211 0.039505 0.031913
0 0.611640 0.543892 0.214159 0.242017
1 0.652052 0.461647 0.112500 0.040741
2 0.608854 0.575000 0.184375 0.112963
7 0.683294 0.455995 0.045850 0.029185
0 0.385442 0.265584 0.217219 0.250213
1 0.385442 0.176173 0.137577 0.040741
1 0.383854 0.298148 0.090625 0.114815
2 0.398958 0.269444 0.045833 0.042593
0 0.867316 0.558271 0.224957 0.237138
1 0.882727 0.475719 0.173302 0.043254
5 0.866146 0.587037 0.084375 0.107407
8 0.845833 0.553704 0.020833 0.025926
0 0.142609 0.281774 0.219618 0.242855
1 0.142609 0.199934 0.141627 0.040741
2 0.144271 0.312037 0.190625 0.135185
7 0.208381 0.198432 0.063074 0.039135
