1 0.500000 0.072669 0.520000 0.086078
0 0.619079 0.560672 0.218722 0.255431
1 0.622707 0.471626 0.130923 0.040741
6 0.618750 0.595370 0.189583 0.146296
0 0.379247 0.252410 0.220769 0.246450
1 0.411394 0.164873 0.135641 0.040741
2 0.378646 0.286111 0.196875 0.124074
0 0.863641 0.271258 0.211479 0.237862
1 0.902714 0.195808 0.112500 0.046983
8 0.862500 0.313889 0.085417 0.109259
7 0.933417 0.189296 0.046928 0.036902
0 0.134294 0.262015 0.208451 0.246944
1 0.151218 0.176572 0.153770 0.043904
2 0.134896 0.300926 0.184375 0.127778
7 0.199653 0.170535 0.052734 0.026945
0 0.133772 0.847922 0.208118 0.254804
1 0.153049 0.758840 0.112500 0.048405
2 0.133854 0.880556 0.180208 0.127778
6 0.869053 0.837121 0.221504 0.235817
1 0.869053 0.755471 0.131051 0.043737
7 0.869792 0.872222 0.087500 0.111111
6 0.131304 0.537041 0.209819 0.252420
1 0.131304 0.450624 0.112500 0.049202
2 0.134375 0.574074 0.179167 0.129630
0 0.627212 0.244729 0.225524 0.230317
1 0.627212 0.166240 0.116847 0.042221
4 0.627083 0.280556 0.191667 0.120370
2 0.578646 0.293519 0.082292 0.042593
6 0.602197 0.836993 0.214686 0.252096
1 0.628379 0.746332 0.112500 0.040741
8 0.602604 0.864815 0.111458 0.140741
2 0.587500 0.899074 0.064583 0.061111
7 0.666498 0.746006 0.061083 0.033084
0 0.368680 0.819962 0.210785 0.235818
1 0.363712 0.741698 0.152812 0.040741
2 0.366146 0.848148 0.182292 0.125926
6 0.861276 0.539674 0.208026 0.234107
1 0.830455 0.456134 0.121033 0.040741
3 0.861458 0.566667 0.183333 0.122222
2 0.832812 0.548148 0.098958 0.066667
7 0.925408 0.460639 0.054763 0.039001
0 0.376751 0.537075 0.207875 0.225990
1 0.376751 0.462453 0.112500 0.040741
6 0.379167 0.567593 0.177083 0.124074
2 0.397917 0.550000 0.114583 0.048148
