1 0.500000 0.072651 0.520000 0.086042
0 0.851500 0.258476 0.216478 0.225954
1 0.851500 0.179133 0.119956 0.040741
6 0.850000 0.288889 0.191667 0.122222
6 0.603246 0.263179 0.213217 0.253211
1 0.624115 0.175261 0.150645 0.043875
2 0.603125 0.301852 0.185417 0.129630
7 0.666941 0.174860 0.060827 0.039536
6 0.379762 0.847243 0.217324 0.251454
1 0.346410 0.763586 0.122634 0.043555
6 0.381250 0.879630 0.193750 0.140741
7 0.453363 0.758479 0.045122 0.036889
0 0.363669 0.259751 0.219442 0.250895
1 0.320615 0.175951 0.112500 0.047212
8 0.363542 0.295370 0.079167 0.101852
8 0.369271 0.325926 0.019792 0.025926
7 0.436609 0.167037 0.048562 0.028431
0 0.141663 0.264175 0.223461 0.239801
1 0.133503 0.182689 0.122664 0.040741
2 0.144271 0.292593 0.196875 0.122222
5 0.204687 0.311111 0.032292 0.040741
6 0.852367 0.835147 0.211690 0.230945
1 0.852367 0.757811 0.131648 0.040876
2 0.852604 0.867593 0.178125 0.116667
0 0.614872 0.551354 0.224215 0.245969
1 0.614872 0.467571 0.164356 0.046591
5 0.615104 0.588889 0.086458 0.111111
7 0.680977 0.465661 0.067006 0.037545
6 0.372489 0.525770 0.222267 0.226049
1 0.349417 0.451201 0.154800 0.040741
2 0.371875 0.558333 0.197917 0.116667
7 0.452806 0.448732 0.036633 0.034937
0 0.126331 0.829084 0.220409 0.227847
1 0.160101 0.753639 0.112500 0.040741
4 0.126042 0.857407 0.185417 0.111111
7 0.161979 0.891667 0.019792 0.024074
7 0.204184 0.747407 0.039703 0.027456
0 0.135515 0.537876 0.218028 0.241239
1 0.135515 0.455141 0.165512 0.040741
2 0.133333 0.569444 0.187500 0.127778
0 0.625113 0.843460 0.223811 0.247772
1 0.641418 0.756092 0.170369 0.040741
5 0.624479 0.876852 0.117708 0.116667
2 0.603125 0.889815 0.056250 0.050000
6 0.864771 0.540158 0.220386 0.238995
1 0.864771 0.455916 0.161748 0.040741
2 0.863542 0.563889 0.191667 0.127778
