1 0.500000 0.071318 0.520000 0.083377
6 0.853764 0.562026 0.210681 0.252659
1 0.838165 0.475221 0.158650 0.049814
2 0.856250 0.592593 0.181250 0.137037
2 0.888021 0.562037 0.109375 0.053704
7 0.917308 0.471995 0.058593 0.035561
0 0.367677 0.274043 0.212825 0.243179
1 0.367677 0.188049 0.132137 0.040741
1 0.366667 0.304630 0.106250 0.135185
2 0.364583 0.302778 0.054167 0.053704
7 0.428489 0.183224 0.066201 0.024504
6 0.126458 0.276387 0.226499 0.249006
1 0.126458 0.190032 0.116350 0.047272
2 0.126562 0.312037 0.196875 0.116667
6 0.130648 0.828740 0.225698 0.248503
1 0.128624 0.744196 0.112500 0.045784
7 0.133854 0.867593 0.088542 0.112963
2 0.151562 0.870370 0.038542 0.070370
0 0.621188 0.269252 0.215769 0.253245
1 0.621188 0.179138 0.112500 0.040881
1 0.623958 0.298148 0.189583 0.014815
7 0.697948 0.180528 0.037249 0.038760
6 0.383098 0.812178 0.216624 0.230271
1 0.399403 0.733346 0.115203 0.040741
6 0.381771 0.837963 0.190625 0.120370
7 0.451080 0.731954 0.055661 0.032787
6 0.623322 0.826334 0.207832 0.255230
1 0.623322 0.735779 0.112500 0.043467
7 0.621875 0.856481 0.106250 0.135185
6 0.381856 0.529000 0.211169 0.237492
1 0.363425 0.450766 0.112500 0.046525
7 0.384896 0.562963 0.101042 0.129630
6 0.123741 0.559054 0.217148 0.252320
1 0.123741 0.472786 0.123666 0.049415
1 0.125521 0.591667 0.094792 0.120370
2 0.123958 0.600000 0.052083 0.044444
0 0.866465 0.275555 0.225844 0.245920
1 0.820210 0.196638 0.112500 0.048060
4 0.868229 0.314815 0.198958 0.125926
0 0.623294 0.556711 0.223852 0.248742
1 0.623294 0.473417 0.169905 0.047513
2 0.622396 0.594444 0.192708 0.122222
7 0.699875 0.464294 0.045691 0.026870
6 0.861076 0.821687 0.211694 0.249163
1 0.861076 0.732425 0.150888 0.041323
2 0.860417 0.848148 0.187500 0.133333
1 0.807813 0.877778 0.026042 0.033333
