1 0.723931 0.068637 0.350522 0.070607
0 0.869268 0.540744 0.221402 0.253941
1 0.826452 0.449364 0.114937 0.040741
6 0.869271 0.575926 0.192708 0.133333
2 0.835938 0.555556 0.117708 0.062963
0 0.125336 0.818207 0.215966 0.239955
1 0.125336 0.738153 0.114297 0.040741
4 0.123438 0.855556 0.186458 0.122222
6 0.372065 0.819368 0.221607 0.239621
1 0.385725 0.736335 0.164671 0.040741
2 0.374479 0.850926 0.192708 0.120370
2 0.334896 0.864815 0.103125 0.070370
0 0.859221 0.254508 0.221775 0.226845
1 0.859221 0.178118 0.170570 0.040741
2 0.861979 0.284259 0.190625 0.105556
6 0.375132 0.565326 0.208465 0.249580
1 0.387840 0.479448 0.112500 0.040741
5 0.377604 0.594444 0.092708 0.118519
6 0.356771 0.609259 0.038542 0.048148
0 0.383024 0.252493 0.224621 0.238630
1 0.383024 0.172997 0.112500 0.040741
6 0.382292 0.285185 0.197917 0.133333
7 0.447635 0.168745 0.070398 0.034098
6 0.618551 0.553759 0.215114 0.243378
1 0.600655 0.470377 0.158488 0.040741
2 0.621875 0.589815 0.185417 0.120370
0 0.140042 0.542067 0.213805 0.234590
1 0.099806 0.459854 0.112500 0.040741
7 0.141146 0.573148 0.094792 0.120370
7 0.210370 0.458497 0.048149 0.030412
0 0.125599 0.270293 0.217837 0.233274
1 0.157712 0.193189 0.125036 0.041085
5 0.126562 0.305556 0.084375 0.107407
0 0.858229 0.846144 0.216641 0.252851
1 0.839784 0.760208 0.158917 0.048476
4 0.859375 0.883333 0.187500 0.118519
0 0.605500 0.809450 0.215865 0.235871
1 0.581894 0.730902 0.131223 0.044130
7 0.608854 0.850000 0.078125 0.100000
0 0.604073 0.258089 0.211121 0.226224
1 0.569737 0.185286 0.121615 0.041411
3 0.603646 0.290741 0.173958 0.103704
2 0.568750 0.293519 0.083333 0.061111
