1 0.500000 0.075691 0.520000 0.092123
6 0.864475 0.275226 0.209890 0.253994
1 0.867114 0.191028 0.142344 0.047794
2 0.867188 0.312037 0.180208 0.124074
0 0.126154 0.561239 0.215837 0.241979
1 0.126154 0.477705 0.152962 0.040741
1 0.124479 0.591667 0.094792 0.120370
6 0.865784 0.549368 0.224183 0.235912
1 0.821981 0.472508 0.115744 0.042506
2 0.861979 0.581481 0.194792 0.122222
7 0.934001 0.465107 0.062748 0.030355
0 0.628812 0.550918 0.219999 0.236245
1 0.607944 0.470960 0.122537 0.040741
6 0.627083 0.583333 0.189583 0.107407
7 0.656250 0.557407 0.020833 0.025926
6 0.380917 0.828995 0.216256 0.242516
1 0.365415 0.746248 0.149217 0.047724
2 0.380729 0.870370 0.182292 0.118519
6 0.423438 0.901852 0.034375 0.044444
7 0.454534 0.744861 0.044022 0.037211
0 0.604845 0.831655 0.211525 0.245324
1 0.604845 0.748949 0.115395 0.047984
8 0.601562 0.862037 0.103125 0.131481
6 0.847805 0.840042 0.210189 0.241829
1 0.868762 0.761967 0.147441 0.046781
3 0.846875 0.873148 0.185417 0.124074
7 0.909745 0.755121 0.061310 0.034950
6 0.137429 0.250465 0.218626 0.237037
1 0.115128 0.165732 0.153192 0.040741
2 0.136979 0.276852 0.192708 0.124074
7 0.211550 0.164962 0.045384 0.028993
0 0.132633 0.840735 0.224416 0.253798
1 0.132633 0.753903 0.136093 0.040741
4 0.135937 0.873148 0.194792 0.142593
6 0.142187 0.864815 0.061458 0.077778
6 0.374002 0.559114 0.223983 0.234420
1 0.341270 0.479695 0.133783 0.045514
5 0.374479 0.594444 0.053125 0.107407
0 0.388111 0.272525 0.223135 0.247134
1 0.369463 0.185242 0.165007 0.040741
5 0.386458 0.304630 0.106250 0.135185
0 0.607341 0.244984 0.218885 0.232752
1 0.570523 0.163935 0.124416 0.042099
4 0.605208 0.277778 0.187500 0.125926
