1 0.500000 0.136074 0.640000 0.058086
0 0.860747 0.836731 0.209684 0.229799
1 0.860747 0.755219 0.135210 0.040741
5 0.861458 0.866667 0.079167 0.100000
2 0.858333 0.874074 0.050000 0.040741
6 0.372505 0.567744 0.218512 0.255448
1 0.372505 0.476223 0.153150 0.040741
8 0.372396 0.603704 0.111458 0.140741
2 0.360938 0.577778 0.065625 0.070370
6 0.381298 0.846864 0.209862 0.250188
1 0.410799 0.757482 0.130028 0.040741
6 0.380729 0.875000 0.182292 0.135185
0 0.850656 0.260408 0.210427 0.234255
1 0.850656 0.177366 0.115335 0.040760
7 0.849479 0.287037 0.084375 0.107407
6 0.141914 0.837792 0.210419 0.233808
1 0.136645 0.764062 0.131658 0.046438
7 0.139583 0.871296 0.081250 0.101852
7 0.133333 0.847222 0.018750 0.024074
7 0.213107 0.756707 0.043033 0.034600
0 0.625864 0.528877 0.214790 0.237124
1 0.625864 0.447748 0.114281 0.040741
6 0.627083 0.556481 0.189583 0.127778
6 0.613473 0.258116 0.207870 0.249858
1 0.613473 0.176921 0.116466 0.048412
8 0.611979 0.296296 0.082292 0.103704
2 0.608854 0.289815 0.032292 0.057407
0 0.126513 0.528377 0.222647 0.233942
1 0.126841 0.451066 0.138763 0.043102
2 0.125521 0.554630 0.190625 0.116667
6 0.868079 0.555563 0.224296 0.230301
1 0.868079 0.477437 0.142499 0.040741
2 0.869792 0.587963 0.193750 0.120370
4 0.829167 0.579630 0.093750 0.070370
6 0.140370 0.268232 0.223406 0.246585
1 0.140370 0.181268 0.156017 0.040868
2 0.141667 0.295370 0.197917 0.142593
2 0.142187 0.303704 0.111458 0.081481
6 0.615052 0.843204 0.211106 0.247290
1 0.615052 0.761752 0.112500 0.045716
8 0.616146 0.878704 0.096875 0.124074
7 0.634375 0.853704 0.022917 0.029630
6 0.385065 0.276532 0.214533 0.240214
1 0.345949 0.195252 0.112500 0.041915
2 0.383854 0.307407 0.186458 0.118519
2 0.428646 0.287037 0.073958 0.059259
