1 0.500000 0.071680 0.520000 0.084100
0 0.378593 0.258852 0.214117 0.242592
1 0.378593 0.172968 0.112500 0.041461
7 0.377604 0.288889 0.092708 0.118519
2 0.379167 0.286111 0.056250 0.046296
6 0.863062 0.257564 0.210495 0.236261
1 0.863062 0.180602 0.112500 0.042778
2 0.866146 0.292593 0.182292 0.114815
6 0.383555 0.823276 0.224385 0.236017
1 0.341048 0.742605 0.118538 0.043079
6 0.381771 0.855556 0.192708 0.125926
0 0.138843 0.807670 0.225657 0.231470
1 0.138843 0.732006 0.146588 0.043253
5 0.139063 0.844444 0.071875 0.092593
7 0.203504 0.728776 0.071335 0.036645
6 0.141989 0.536648 0.218275 0.226929
1 0.146114 0.456878 0.149199 0.040741
2 0.144792 0.566667 0.191667 0.114815
5 0.094271 0.595370 0.030208 0.038889
7 0.209114 0.455836 0.059025 0.028267
0 0.620990 0.280346 0.211549 0.249810
1 0.589690 0.198370 0.128116 0.046283
4 0.621354 0.316667 0.184375 0.137037
7 0.655729 0.289815 0.023958 0.031481
6 0.851831 0.833528 0.215472 0.231444
1 0.851831 0.753347 0.163667 0.040741
4 0.852083 0.865741 0.179167 0.116667
6 0.624570 0.544439 0.215151 0.237919
1 0.583661 0.466054 0.112500 0.040741
6 0.621354 0.574074 0.186458 0.122222
6 0.845937 0.541129 0.214521 0.242543
1 0.845937 0.456801 0.123754 0.040741
2 0.847917 0.572222 0.187500 0.140741
2 0.816667 0.606481 0.100000 0.057407
7 0.915587 0.453797 0.050220 0.030842
6 0.602164 0.818416 0.213011 0.230889
1 0.602164 0.739900 0.136780 0.040997
4 0.601562 0.850926 0.190625 0.101852
6 0.125879 0.262375 0.223423 0.247460
1 0.125879 0.180116 0.173114 0.047768
6 0.125521 0.300000 0.188542 0.122222
6 0.377361 0.550516 0.220061 0.248794
1 0.377361 0.459683 0.158011 0.040741
7 0.379688 0.583333 0.098958 0.125926
