1 0.716153 0.073057 0.354497 0.079446
6 0.142649 0.819913 0.214197 0.244125
1 0.142649 0.733732 0.133650 0.044693
5 0.142708 0.850000 0.095833 0.122222
2 0.121354 0.872222 0.036458 0.055556
6 0.851985 0.286930 0.224348 0.254064
1 0.851985 0.195716 0.130949 0.041289
8 0.850521 0.312963 0.105208 0.133333
7 0.932571 0.190251 0.038176 0.023669
0 0.364997 0.535405 0.221233 0.238649
1 0.352825 0.457885 0.127697 0.046254
2 0.361979 0.567593 0.192708 0.109259
2 0.401562 0.579630 0.084375 0.066667
0 0.607676 0.269559 0.217700 0.250897
1 0.649859 0.183846 0.112500 0.049067
2 0.608333 0.300000 0.183333 0.133333
2 0.627604 0.303704 0.115625 0.081481
0 0.134868 0.536505 0.219118 0.234498
1 0.117525 0.459313 0.112500 0.040741
7 0.133333 0.570370 0.095833 0.122222
0 0.623650 0.841541 0.215572 0.239862
1 0.641356 0.756780 0.159327 0.040741
2 0.624479 0.871296 0.190625 0.127778
0 0.625531 0.539565 0.219640 0.243329
1 0.636391 0.456037 0.167268 0.042626
5 0.623437 0.571296 0.090625 0.116667
0 0.862107 0.838534 0.208950 0.233322
1 0.862107 0.755543 0.146202 0.041176
1 0.861979 0.867593 0.088542 0.112963
0 0.121462 0.273572 0.217640 0.232721
1 0.121462 0.191838 0.112500 0.041748
5 0.123958 0.300926 0.085417 0.109259
0 0.377218 0.269106 0.209454 0.251277
1 0.377218 0.183798 0.112797 0.040741
2 0.377604 0.304630 0.173958 0.142593
7 0.449122 0.176475 0.040646 0.028979
0 0.364345 0.831734 0.208169 0.230635
1 0.339112 0.750221 0.136870 0.040741
2 0.367188 0.855556 0.180208 0.118519
6 0.842499 0.534717 0.211401 0.243994
1 0.842499 0.455674 0.159065 0.048177
1 0.839583 0.571296 0.083333 0.105556
