1 0.500000 0.136988 0.640000 0.070979
6 0.122328 0.829834 0.217361 0.241971
1 0.080408 0.745290 0.112687 0.040741
2 0.123438 0.854630 0.190625 0.131481
4 0.160938 0.836111 0.098958 0.083333
6 0.366843 0.819263 0.212085 0.231325
1 0.366843 0.745552 0.117898 0.044125
2 0.367708 0.852778 0.187500 0.112963
6 0.385937 0.877778 0.030208 0.037037
7 0.440335 0.740264 0.040100 0.036288
0 0.143828 0.275404 0.225803 0.237610
1 0.177551 0.192232 0.137524 0.040741
2 0.145313 0.304630 0.198958 0.120370
2 0.096354 0.319444 0.090625 0.053704
7 0.212912 0.187633 0.062635 0.025031
6 0.625966 0.814898 0.219183 0.235166
1 0.611959 0.736795 0.169334 0.040741
6 0.626563 0.848148 0.186458 0.122222
8 0.624479 0.840741 0.023958 0.029630
6 0.869619 0.546971 0.224518 0.235810
1 0.874294 0.466147 0.153234 0.046049
4 0.868229 0.581481 0.192708 0.118519
6 0.621507 0.258619 0.220564 0.254342
1 0.636582 0.173373 0.165251 0.046659
2 0.618229 0.293519 0.190625 0.124074
2 0.570312 0.275926 0.080208 0.059259
7 0.685610 0.169434 0.067358 0.038934
6 0.125508 0.563648 0.214560 0.247878
1 0.132659 0.483679 0.144022 0.048603
5 0.123958 0.598148 0.064583 0.129630
6 0.609632 0.551845 0.210893 0.230857
1 0.609632 0.470433 0.112500 0.040741
1 0.609896 0.582407 0.080208 0.101852
0 0.373701 0.248822 0.219817 0.235168
1 0.373701 0.168263 0.112500 0.040741
7 0.376563 0.281481 0.082292 0.103704
6 0.369271 0.299074 0.036458 0.046296
0 0.846575 0.270838 0.209255 0.232081
1 0.856611 0.192010 0.141096 0.040741
2 0.847396 0.305556 0.178125 0.122222
6 0.853955 0.825643 0.209044 0.241127
1 0.823011 0.742068 0.126322 0.047012
3 0.852604 0.853704 0.180208 0.118519
2 0.807813 0.866667 0.078125 0.055556
7 0.917017 0.741124 0.057921 0.035053
0 0.368797 0.523881 0.211070 0.226389
1 0.392445 0.451351 0.112500 0.040741
5 0.369271 0.552778 0.073958 0.094444
