1 0.500000 0.130907 0.640000 0.073508
6 0.123384 0.832545 0.209235 0.226557
1 0.123384 0.754870 0.140314 0.040741
6 0.123438 0.860185 0.178125 0.105556
6 0.606077 0.278810 0.214289 0.251292
1 0.606077 0.189225 0.112500 0.041291
4 0.606250 0.307407 0.187500 0.125926
0 0.366585 0.546915 0.225230 0.231362
1 0.412204 0.468293 0.113158 0.040741
6 0.367708 0.575000 0.197917 0.127778
2 0.398958 0.570370 0.131250 0.074074
7 0.435321 0.462032 0.062758 0.024561
6 0.857733 0.553405 0.226343 0.237182
1 0.815131 0.471774 0.120305 0.040741
2 0.855208 0.579630 0.200000 0.129630
2 0.829167 0.572222 0.129167 0.077778
0 0.141822 0.245710 0.223138 0.231295
1 0.130523 0.167045 0.143413 0.040741
4 0.141667 0.273148 0.197917 0.112963
6 0.865939 0.839075 0.219676 0.248952
1 0.903521 0.753236 0.123679 0.040741
5 0.867708 0.870370 0.095833 0.122222
2 0.880208 0.888889 0.056250 0.062963
7 0.929817 0.752414 0.066919 0.038593
0 0.850773 0.261302 0.214888 0.231347
1 0.879638 0.179475 0.130315 0.040741
2 0.851562 0.291667 0.184375 0.120370
4 0.846875 0.296296 0.097917 0.066667
7 0.923691 0.181538 0.044051 0.034782
0 0.619196 0.525019 0.218553 0.229567
1 0.638296 0.447643 0.151166 0.040741
2 0.622396 0.554630 0.188542 0.105556
6 0.379929 0.831936 0.214793 0.231496
1 0.367479 0.754545 0.164980 0.042965
5 0.377604 0.866667 0.051042 0.103704
6 0.383808 0.274649 0.220304 0.230921
1 0.378464 0.199473 0.170206 0.040741
2 0.382812 0.305556 0.194792 0.118519
6 0.617790 0.810658 0.218471 0.231887
1 0.600663 0.733117 0.163381 0.040741
1 0.620313 0.843519 0.180208 0.012963
7 0.692800 0.724907 0.043451 0.023349
0 0.119227 0.538477 0.211503 0.250561
1 0.112566 0.454413 0.135098 0.048717
8 0.120833 0.575000 0.083333 0.105556
