1 0.758482 0.069138 0.376461 0.071609
6 0.854472 0.264210 0.221608 0.243638
1 0.854472 0.184264 0.152779 0.047026
6 0.853125 0.300000 0.189583 0.114815
6 0.607916 0.548849 0.208695 0.228372
1 0.607916 0.475018 0.112500 0.041970
7 0.605208 0.583333 0.075000 0.096296
6 0.617708 0.584259 0.039583 0.050000
6 0.868584 0.830152 0.224804 0.227396
1 0.893961 0.753007 0.120892 0.041044
2 0.867188 0.868519 0.196875 0.111111
6 0.381873 0.555590 0.216493 0.236715
1 0.381873 0.470991 0.154417 0.040741
2 0.383854 0.585185 0.186458 0.114815
1 0.388542 0.575926 0.095833 0.007407
0 0.621125 0.835168 0.225385 0.247544
1 0.613452 0.751561 0.151791 0.040741
4 0.623437 0.874074 0.192708 0.129630
0 0.847826 0.557501 0.219108 0.232267
1 0.847826 0.483757 0.148485 0.044237
8 0.848437 0.592593 0.076042 0.096296
0 0.126574 0.280023 0.225935 0.245865
1 0.133374 0.195141 0.166864 0.040741
7 0.128646 0.312037 0.094792 0.120370
0 0.137732 0.807278 0.214451 0.227600
1 0.137732 0.731951 0.112500 0.040741
2 0.138021 0.840741 0.182292 0.114815
2 0.103646 0.871296 0.101042 0.042593
6 0.368724 0.248966 0.221088 0.240978
1 0.354637 0.166274 0.172081 0.040741
2 0.369792 0.285185 0.195833 0.125926
6 0.336979 0.320370 0.032292 0.040741
7 0.438765 0.166493 0.056007 0.038995
6 0.129869 0.539197 0.217353 0.230990
1 0.129869 0.457426 0.139087 0.040741
2 0.127083 0.562963 0.189583 0.118519
6 0.616932 0.264047 0.210648 0.239743
1 0.633003 0.182696 0.157674 0.040741
2 0.615104 0.303704 0.182292 0.122222
5 0.664583 0.318519 0.037500 0.037037
6 0.373290 0.813559 0.214414 0.233288
1 0.346165 0.734828 0.139330 0.041282
2 0.375521 0.848148 0.186458 0.118519
6 0.404687 0.842593 0.044792 0.055556
7 0.438252 0.726586 0.059491 0.022304
