1 0.800455 0.068758 0.372061 0.070850
6 0.136402 0.282565 0.211631 0.246250
1 0.166148 0.198432 0.131305 0.040741
2 0.137500 0.314815 0.187500 0.129630
2 0.141146 0.319444 0.119792 0.079630
7 0.205725 0.191665 0.047984 0.027414
6 0.605371 0.817829 0.213187 0.250301
1 0.605371 0.732695 0.124228 0.042455
1 0.605208 0.855556 0.093750 0.118519
0 0.863099 0.830486 0.221875 0.248864
1 0.846976 0.744197 0.112500 0.045951
7 0.861979 0.862963 0.105208 0.133333
0 0.131375 0.533245 0.215679 0.231470
1 0.141788 0.454063 0.160752 0.043122
4 0.131250 0.559259 0.193750 0.114815
0 0.859566 0.531460 0.215141 0.232647
1 0.881039 0.452949 0.151360 0.040741
2 0.857292 0.560185 0.189583 0.109259
2 0.898958 0.566667 0.095833 0.051852
0 0.615176 0.254599 0.223684 0.247392
1 0.630666 0.167583 0.156697 0.040741
2 0.615104 0.285185 0.196875 0.129630
7 0.680991 0.164133 0.067055 0.029425
6 0.376855 0.550873 0.219691 0.236938
1 0.347653 0.467074 0.140454 0.040741
2 0.374479 0.587963 0.190625 0.124074
4 0.350000 0.604630 0.122917 0.042593
7 0.450622 0.462097 0.047158 0.022349
6 0.139713 0.818610 0.214368 0.255006
1 0.138439 0.726431 0.136673 0.040741
5 0.137500 0.847222 0.104167 0.131481
2 0.124479 0.832407 0.059375 0.068519
6 0.373536 0.827086 0.213336 0.247185
1 0.373536 0.741168 0.112500 0.043810
2 0.376042 0.856481 0.181250 0.135185
4 0.417187 0.845370 0.086458 0.061111
6 0.383778 0.248875 0.225150 0.228934
1 0.407843 0.169387 0.132751 0.040741
6 0.384896 0.279630 0.190625 0.103704
2 0.382812 0.274074 0.103125 0.059259
6 0.601269 0.528147 0.211102 0.231210
1 0.609824 0.452887 0.159046 0.040741
6 0.602604 0.558333 0.186458 0.116667
6 0.864600 0.270598 0.213766 0.228636
1 0.864600 0.195053 0.112500 0.040741
5 0.863021 0.302778 0.086458 0.109259
5 0.888542 0.287963 0.025000 0.031481
7 0.938874 0.185915 0.040217 0.022233
