1 0.694926 0.070423 0.281210 0.074179
6 0.602421 0.824201 0.208230 0.233992
1 0.602421 0.748902 0.112500 0.046467
2 0.605208 0.865741 0.181250 0.109259
7 0.660937 0.842593 0.019792 0.025926
6 0.383149 0.837215 0.219589 0.235215
1 0.344986 0.755650 0.122430 0.040741
6 0.382292 0.867593 0.193750 0.120370
6 0.374388 0.277873 0.219646 0.251280
1 0.374388 0.190173 0.151191 0.040741
4 0.375521 0.305556 0.188542 0.133333
7 0.449050 0.184783 0.045323 0.028063
6 0.127784 0.260190 0.213754 0.242345
1 0.116124 0.178685 0.147285 0.044400
2 0.128125 0.294444 0.183333 0.114815
6 0.122924 0.809219 0.208911 0.232169
1 0.123366 0.730229 0.119069 0.040741
2 0.124479 0.847222 0.176042 0.116667
7 0.158333 0.870370 0.020833 0.025926
7 0.186774 0.723182 0.056212 0.023059
6 0.609661 0.256791 0.223365 0.233858
1 0.609661 0.174132 0.148086 0.040741
8 0.607292 0.293519 0.085417 0.109259
0 0.871413 0.819982 0.223401 0.233030
1 0.861912 0.743218 0.119534 0.042593
6 0.873958 0.857407 0.195833 0.111111
6 0.134565 0.533885 0.221026 0.244707
1 0.132371 0.449724 0.133849 0.040741
7 0.134896 0.566667 0.105208 0.133333
7 0.204816 0.447633 0.055522 0.035167
6 0.358893 0.557361 0.208703 0.230216
1 0.358893 0.478730 0.132976 0.042523
3 0.355208 0.583333 0.179167 0.118519
6 0.355208 0.582407 0.033333 0.042593
7 0.424578 0.472711 0.052334 0.023879
6 0.871790 0.254557 0.224216 0.226120
1 0.859470 0.178539 0.156623 0.040741
7 0.873958 0.288889 0.072917 0.092593
0 0.607662 0.559131 0.224477 0.238850
1 0.607662 0.480168 0.141606 0.042385
1 0.608333 0.594444 0.189583 0.014815
3 0.604167 0.601852 0.122917 0.025926
0 0.847921 0.542754 0.210293 0.230518
1 0.822538 0.464139 0.138693 0.040741
3 0.848437 0.573148 0.176042 0.112963
7 0.914912 0.464963 0.051310 0.037898
