1 0.500000 0.129030 0.640000 0.071161
0 0.135320 0.538113 0.210409 0.240562
1 0.135320 0.456095 0.156502 0.040741
3 0.134375 0.570370 0.177083 0.114815
2 0.111979 0.575000 0.111458 0.061111
0 0.131572 0.836092 0.211832 0.246110
1 0.131572 0.748134 0.122886 0.040741
3 0.132292 0.866667 0.183333 0.129630
7 0.207635 0.750352 0.034707 0.037593
6 0.364865 0.539610 0.210968 0.230216
1 0.353582 0.466163 0.136720 0.045923
5 0.364063 0.568519 0.051042 0.103704
0 0.603658 0.276678 0.211769 0.234543
1 0.613990 0.199622 0.147076 0.040741
6 0.604167 0.308333 0.185417 0.127778
2 0.638021 0.296296 0.094792 0.062963
0 0.611978 0.565676 0.210027 0.250702
1 0.618642 0.479834 0.163093 0.040741
6 0.614062 0.600926 0.182292 0.131481
5 0.616146 0.595370 0.038542 0.050000
0 0.142191 0.287310 0.210149 0.254724
1 0.142191 0.200315 0.112500 0.040741
2 0.141667 0.316667 0.179167 0.148148
6 0.371809 0.283612 0.215466 0.252622
1 0.364451 0.191202 0.112500 0.040741
2 0.369792 0.314815 0.185417 0.125926
6 0.372917 0.318519 0.052083 0.066667
7 0.444783 0.187925 0.044519 0.024211
6 0.858445 0.269262 0.211111 0.243020
1 0.858445 0.184794 0.126455 0.048060
2 0.856771 0.301852 0.186458 0.129630
2 0.852604 0.295370 0.084375 0.053704
0 0.381844 0.837224 0.218945 0.251187
1 0.381844 0.755677 0.141007 0.048576
2 0.379688 0.873148 0.186458 0.116667
2 0.424479 0.889815 0.076042 0.046296
0 0.628493 0.809818 0.223835 0.235331
1 0.628493 0.729207 0.118175 0.040741
2 0.629167 0.839815 0.197917 0.109259
6 0.849154 0.536907 0.220904 0.242109
1 0.840989 0.452955 0.146453 0.040741
2 0.852604 0.567593 0.192708 0.135185
5 0.901563 0.590741 0.030208 0.037037
6 0.853093 0.823090 0.217545 0.245725
1 0.853093 0.735407 0.130020 0.042336
1 0.851562 0.859259 0.101042 0.129630
