1 0.201818 0.065865 0.353636 0.065064
0 0.136807 0.255761 0.217674 0.249317
1 0.136807 0.165123 0.147373 0.040741
6 0.138021 0.290741 0.182292 0.137037
6 0.148686 0.833433 0.226472 0.229663
1 0.148686 0.755890 0.125083 0.044284
2 0.144271 0.864815 0.196875 0.111111
6 0.141056 0.528507 0.220404 0.228381
1 0.141056 0.448242 0.135509 0.040741
2 0.142187 0.560185 0.186458 0.112963
7 0.173958 0.544444 0.020833 0.025926
6 0.367945 0.823876 0.208067 0.246355
1 0.400718 0.736588 0.116754 0.040741
7 0.366667 0.856481 0.100000 0.127778
5 0.339062 0.831481 0.034375 0.044444
6 0.864098 0.552912 0.214652 0.233612
1 0.864098 0.471635 0.112500 0.040741
2 0.865104 0.579630 0.190625 0.129630
6 0.386117 0.271732 0.218040 0.229226
1 0.386322 0.192271 0.124659 0.040741
2 0.384896 0.305556 0.190625 0.111111
4 0.355208 0.313889 0.120833 0.068519
6 0.848548 0.834291 0.220831 0.231767
1 0.848548 0.760845 0.160416 0.045646
6 0.845313 0.872222 0.192708 0.107407
7 0.914779 0.751078 0.063369 0.028304
6 0.610620 0.556212 0.221117 0.231693
1 0.610620 0.480988 0.130291 0.040741
5 0.611458 0.585185 0.093750 0.118519
0 0.385483 0.545756 0.224828 0.233653
1 0.369782 0.463379 0.172593 0.042499
6 0.385417 0.576852 0.197917 0.112963
4 0.428646 0.565741 0.082292 0.050000
0 0.611141 0.266728 0.224005 0.241418
1 0.634650 0.189003 0.112500 0.045284
1 0.609375 0.301852 0.181250 0.014815
6 0.635938 0.295370 0.019792 0.024074
6 0.604582 0.816080 0.213516 0.249529
1 0.604582 0.726512 0.112500 0.041920
5 0.600521 0.844444 0.098958 0.125926
5 0.601562 0.850926 0.028125 0.035185
0 0.850944 0.264225 0.211055 0.236110
1 0.817783 0.182433 0.123899 0.040741
2 0.850000 0.293519 0.181250 0.124074
