1 0.788425 0.069918 0.365833 0.073170
6 0.128101 0.267719 0.214635 0.250494
1 0.128101 0.181423 0.145433 0.040741
2 0.130208 0.298148 0.185417 0.125926
0 0.616565 0.258246 0.225304 0.245624
1 0.616565 0.170861 0.167685 0.044209
6 0.614583 0.292593 0.191667 0.118519
2 0.575521 0.312037 0.088542 0.057407
7 0.688224 0.165587 0.056985 0.023267
0 0.369697 0.535147 0.217549 0.228642
1 0.338609 0.456203 0.134540 0.041629
2 0.370833 0.564815 0.183333 0.107407
6 0.380876 0.265673 0.209456 0.246162
1 0.380876 0.182354 0.135914 0.040741
2 0.381771 0.300000 0.176042 0.133333
2 0.341146 0.275000 0.078125 0.057407
7 0.452557 0.180482 0.041094 0.038742
0 0.127171 0.835912 0.210398 0.241031
1 0.127171 0.753507 0.112500 0.044297
2 0.126562 0.864815 0.186458 0.125926
6 0.614902 0.542656 0.209206 0.241867
1 0.614902 0.457304 0.145671 0.040741
2 0.614583 0.573148 0.183333 0.116667
7 0.678726 0.460349 0.056558 0.040215
6 0.868296 0.266214 0.221341 0.254440
1 0.906922 0.177668 0.112500 0.040741
2 0.867708 0.296296 0.197917 0.137037
0 0.870134 0.807645 0.220657 0.226628
1 0.870134 0.732136 0.155604 0.040741
8 0.868229 0.839815 0.090625 0.116667
2 0.852083 0.865741 0.039583 0.042593
0 0.857497 0.534959 0.224669 0.229250
1 0.857497 0.459321 0.174554 0.040741
2 0.855729 0.562037 0.194792 0.116667
6 0.899479 0.586111 0.042708 0.053704
7 0.932902 0.450254 0.048859 0.022804
6 0.376183 0.838827 0.216306 0.248005
1 0.351186 0.755355 0.145478 0.040741
1 0.376563 0.868519 0.098958 0.125926
6 0.380208 0.872222 0.037500 0.048148
0 0.133922 0.555783 0.223264 0.228794
1 0.095888 0.479845 0.112850 0.042777
4 0.134896 0.587037 0.201042 0.122222
6 0.603005 0.837946 0.214350 0.231109
1 0.620993 0.759332 0.145691 0.045142
2 0.604688 0.868519 0.188542 0.114815
1 0.636979 0.832407 0.021875 0.027778
