1 0.217287 0.065844 0.384575 0.065022
6 0.612475 0.541803 0.224546 0.241098
1 0.658081 0.460907 0.112500 0.040741
6 0.613021 0.574074 0.198958 0.118519
7 0.550521 0.550926 0.021875 0.027778
6 0.128470 0.266942 0.226448 0.244715
1 0.128470 0.183679 0.155834 0.045517
2 0.129688 0.297222 0.201042 0.120370
7 0.202453 0.176539 0.053482 0.026871
0 0.630843 0.283398 0.222549 0.251198
1 0.659969 0.196059 0.143464 0.044547
2 0.634375 0.319444 0.193750 0.135185
7 0.697233 0.193150 0.064768 0.033665
6 0.846646 0.542630 0.221022 0.248562
1 0.832729 0.456569 0.157004 0.047237
2 0.845313 0.570370 0.192708 0.129630
0 0.364802 0.823596 0.210912 0.234586
1 0.364487 0.740768 0.160276 0.040741
2 0.363021 0.854630 0.184375 0.131481
2 0.321875 0.843519 0.091667 0.061111
6 0.378831 0.553516 0.221897 0.233898
1 0.357835 0.471151 0.112500 0.040741
6 0.379688 0.587963 0.196875 0.116667
6 0.367367 0.275962 0.212582 0.246107
1 0.402400 0.191225 0.121683 0.044946
2 0.365625 0.311111 0.183333 0.122222
6 0.139375 0.814770 0.217330 0.242415
1 0.112989 0.731192 0.143724 0.047179
5 0.140625 0.852778 0.079167 0.101852
0 0.858032 0.814024 0.222143 0.245351
1 0.868037 0.726339 0.112500 0.040741
2 0.858333 0.842593 0.197917 0.129630
0 0.843972 0.270437 0.211350 0.230556
1 0.840998 0.189992 0.116529 0.042241
1 0.844271 0.295370 0.082292 0.105556
0 0.146361 0.537770 0.217743 0.240464
1 0.123560 0.452926 0.151308 0.040741
2 0.144271 0.569444 0.188542 0.127778
6 0.606284 0.842278 0.218133 0.252295
1 0.606284 0.756855 0.170031 0.045094
2 0.609375 0.881481 0.187500 0.137037
7 0.670772 0.750894 0.064157 0.032489
