1 0.500000 0.071515 0.520000 0.083770
6 0.372326 0.547820 0.221567 0.247084
1 0.380168 0.463602 0.112500 0.047194
6 0.370312 0.583333 0.188542 0.137037
2 0.413542 0.572222 0.079167 0.070370
6 0.611483 0.809796 0.211001 0.232577
1 0.611483 0.734273 0.112500 0.042984
2 0.613542 0.847222 0.181250 0.109259
2 0.577604 0.866667 0.105208 0.048148
7 0.678186 0.731416 0.052594 0.038780
0 0.360361 0.837149 0.208523 0.241682
1 0.322766 0.756679 0.112500 0.040741
2 0.359375 0.872222 0.179167 0.133333
0 0.375701 0.246702 0.213892 0.236062
1 0.380841 0.169029 0.112500 0.045046
2 0.373958 0.280556 0.181250 0.109259
0 0.847998 0.547509 0.218256 0.251423
1 0.805537 0.465876 0.112500 0.047630
6 0.847917 0.577778 0.185417 0.125926
0 0.606817 0.524401 0.208018 0.227189
1 0.606817 0.446213 0.157464 0.044715
2 0.607292 0.554630 0.185417 0.120370
6 0.606080 0.256180 0.222095 0.234268
1 0.578740 0.176324 0.146069 0.040741
5 0.605208 0.289815 0.102083 0.101852
0 0.850407 0.254284 0.219742 0.245475
1 0.843281 0.166078 0.112500 0.040741
2 0.848958 0.287037 0.193750 0.140741
0 0.130844 0.252997 0.208548 0.244292
1 0.130844 0.170853 0.125741 0.040741
2 0.128125 0.280556 0.181250 0.124074
4 0.166146 0.303704 0.086458 0.070370
0 0.858722 0.805843 0.217372 0.227932
1 0.882371 0.733263 0.149242 0.042495
5 0.856771 0.839815 0.071875 0.090741
0 0.142205 0.830862 0.210918 0.226925
1 0.112225 0.755831 0.112500 0.040741
2 0.143750 0.862963 0.185417 0.122222
0 0.137542 0.531900 0.216507 0.231544
1 0.137542 0.451475 0.112500 0.040741
8 0.139063 0.562963 0.082292 0.103704
