1 0.500000 0.122843 0.640000 0.063789
6 0.859684 0.269244 0.211865 0.230809
1 0.859684 0.188523 0.158804 0.040741
2 0.860417 0.303704 0.183333 0.122222
0 0.607070 0.826393 0.209705 0.246262
1 0.623608 0.741485 0.145714 0.045276
7 0.609375 0.859259 0.089583 0.114815
4 0.589583 0.850000 0.037500 0.062963
6 0.603187 0.552234 0.209268 0.236465
1 0.591875 0.475844 0.137207 0.045521
1 0.604167 0.587963 0.079167 0.101852
7 0.670082 0.466281 0.050480 0.027522
6 0.843247 0.540855 0.212710 0.230521
1 0.824088 0.465559 0.153559 0.042669
6 0.842708 0.573148 0.181250 0.101852
5 0.796875 0.555556 0.033333 0.033333
0 0.369949 0.554794 0.215718 0.248502
1 0.401278 0.467262 0.112500 0.040741
6 0.368750 0.591667 0.191667 0.131481
0 0.844407 0.833182 0.214131 0.248124
1 0.844407 0.747044 0.163910 0.040741
1 0.844271 0.859259 0.092708 0.118519
4 0.866146 0.881481 0.042708 0.051852
0 0.602311 0.273361 0.213127 0.234084
1 0.621637 0.192542 0.133860 0.046008
2 0.600000 0.309259 0.185417 0.111111
2 0.570833 0.312963 0.116667 0.070370
7 0.678180 0.194665 0.036388 0.039654
6 0.368969 0.838990 0.212294 0.244048
1 0.377895 0.753617 0.112500 0.040741
2 0.371354 0.870370 0.180208 0.129630
6 0.411979 0.869444 0.059375 0.075926
6 0.364460 0.250143 0.208554 0.240844
1 0.364460 0.166381 0.120068 0.040741
7 0.362500 0.280556 0.100000 0.127778
7 0.431717 0.163339 0.049040 0.030200
0 0.134393 0.533262 0.220923 0.244874
1 0.178188 0.448406 0.112500 0.041634
5 0.133333 0.559259 0.095833 0.122222
2 0.136458 0.560185 0.064583 0.061111
7 0.206460 0.447258 0.051788 0.035829
0 0.127986 0.265994 0.208109 0.245188
1 0.124386 0.182583 0.153479 0.040741
7 0.127604 0.303704 0.096875 0.122222
7 0.190289 0.173622 0.058503 0.023409
0 0.121815 0.842875 0.215427 0.239876
1 0.132216 0.757240 0.113305 0.040741
4 0.122396 0.876852 0.192708 0.120370
