1 0.500000 0.068648 0.520000 0.078037
6 0.137247 0.826287 0.213920 0.245671
1 0.137247 0.745617 0.124891 0.045147
2 0.137500 0.868519 0.183333 0.122222
7 0.214316 0.734660 0.034782 0.025382
6 0.625000 0.534968 0.222917 0.241941
1 0.625000 0.450412 0.167108 0.040741
4 0.625521 0.571296 0.194792 0.120370
0 0.605344 0.819160 0.213623 0.245652
1 0.605344 0.739307 0.138325 0.047859
2 0.607292 0.853704 0.187500 0.129630
2 0.605208 0.850926 0.093750 0.079630
6 0.134213 0.259958 0.218327 0.234658
1 0.120307 0.180429 0.136386 0.040741
4 0.135937 0.295370 0.184375 0.116667
5 0.085417 0.277778 0.029167 0.037037
7 0.209375 0.173792 0.043003 0.025288
0 0.140856 0.538935 0.208968 0.255155
1 0.115610 0.447111 0.137642 0.042309
5 0.143750 0.562963 0.133333 0.133333
6 0.376857 0.258590 0.212615 0.245052
1 0.376857 0.169804 0.160254 0.040741
2 0.377083 0.290741 0.187500 0.133333
5 0.330208 0.259259 0.029167 0.037037
7 0.452130 0.171493 0.037068 0.033821
6 0.849294 0.249140 0.223191 0.230465
1 0.832715 0.174222 0.112500 0.044092
8 0.846875 0.281481 0.079167 0.100000
7 0.920506 0.171935 0.055767 0.039018
6 0.376502 0.826614 0.211057 0.232341
1 0.354644 0.747970 0.146136 0.040741
6 0.374479 0.866667 0.186458 0.114815
6 0.865277 0.840122 0.214597 0.248524
1 0.865277 0.756522 0.133911 0.040741
3 0.866146 0.871296 0.188542 0.120370
2 0.835417 0.850000 0.108333 0.044444
0 0.607933 0.255380 0.218798 0.236078
1 0.639120 0.175031 0.112500 0.043768
6 0.606250 0.293519 0.187500 0.116667
7 0.676527 0.175302 0.056610 0.038886
6 0.850150 0.558720 0.215142 0.251349
1 0.850150 0.469801 0.135691 0.042969
4 0.846875 0.586111 0.187500 0.138889
3 0.800521 0.594444 0.084375 0.081481
7 0.920851 0.464348 0.048742 0.025569
0 0.375738 0.532556 0.220003 0.244576
1 0.375738 0.445453 0.137251 0.040741
5 0.375521 0.565741 0.096875 0.124074
