1 0.500000 0.128342 0.640000 0.076752
0 0.856500 0.274814 0.216428 0.254842
1 0.879317 0.182633 0.131863 0.040741
2 0.857292 0.301852 0.181250 0.140741
7 0.899479 0.258333 0.028125 0.035185
0 0.848130 0.551314 0.219856 0.240580
1 0.848130 0.468154 0.144963 0.045920
1 0.845833 0.581481 0.095833 0.122222
5 0.820312 0.548148 0.032292 0.040741
6 0.123710 0.830409 0.222359 0.231035
1 0.123710 0.750612 0.153185 0.040741
7 0.125521 0.859259 0.096875 0.122222
6 0.138542 0.887037 0.041667 0.051852
0 0.375287 0.555143 0.213730 0.231930
1 0.375287 0.481436 0.137234 0.044488
5 0.376042 0.588889 0.081250 0.103704
6 0.396875 0.579630 0.031250 0.040741
0 0.871386 0.844024 0.221784 0.242976
1 0.834338 0.758088 0.118779 0.040741
4 0.870833 0.874074 0.189583 0.137037
7 0.945727 0.759300 0.048104 0.036491
0 0.618887 0.269208 0.218505 0.244996
1 0.594943 0.183820 0.116803 0.040741
6 0.618229 0.300000 0.192708 0.125926
0 0.142115 0.538773 0.210509 0.235525
1 0.155548 0.456910 0.161045 0.040741
2 0.143229 0.571296 0.186458 0.109259
0 0.136615 0.256499 0.221131 0.255187
1 0.121457 0.165687 0.145289 0.040741
7 0.136979 0.291667 0.092708 0.116667
6 0.127083 0.308333 0.033333 0.042593
0 0.607871 0.818353 0.220746 0.238729
1 0.597294 0.736725 0.112500 0.040741
1 0.609896 0.850000 0.084375 0.107407
7 0.673053 0.737819 0.065381 0.040626
0 0.366517 0.250812 0.225415 0.231965
1 0.366517 0.169347 0.134059 0.041167
8 0.363542 0.285185 0.081250 0.103704
7 0.433783 0.167890 0.065883 0.029083
0 0.614501 0.541077 0.220116 0.233849
1 0.614501 0.462846 0.131362 0.040741
6 0.617188 0.573148 0.188542 0.112963
6 0.376360 0.813638 0.207816 0.232811
1 0.376360 0.734353 0.141569 0.040741
6 0.378646 0.849074 0.173958 0.120370
