1 0.714087 0.074636 0.324640 0.082605
6 0.866811 0.558677 0.212434 0.250044
1 0.868333 0.472536 0.142337 0.040741
5 0.865104 0.591667 0.094792 0.120370
6 0.871354 0.613889 0.038542 0.050000
7 0.932675 0.463334 0.055705 0.022322
6 0.623000 0.533053 0.223659 0.246045
1 0.595647 0.453606 0.138297 0.048114
6 0.625521 0.571296 0.192708 0.112963
2 0.645312 0.563889 0.130208 0.064815
0 0.369997 0.818537 0.226113 0.250198
1 0.346734 0.731891 0.158753 0.040741
4 0.371875 0.854630 0.197917 0.135185
2 0.367188 0.854630 0.092708 0.057407
0 0.863017 0.258337 0.211464 0.235666
1 0.879846 0.178571 0.156973 0.040741
8 0.863021 0.286111 0.088542 0.112963
7 0.851562 0.321296 0.021875 0.027778
7 0.928994 0.179171 0.054510 0.040297
6 0.611258 0.250202 0.218650 0.235197
1 0.569219 0.172554 0.113739 0.040741
2 0.609375 0.291667 0.187500 0.116667
2 0.629687 0.294444 0.123958 0.070370
6 0.136148 0.269508 0.221209 0.240471
1 0.136148 0.183162 0.165633 0.040741
7 0.132812 0.300000 0.092708 0.118519
0 0.130129 0.541089 0.209640 0.248132
1 0.130129 0.460898 0.145674 0.047731
5 0.132812 0.574074 0.126042 0.125926
0 0.368061 0.542198 0.211116 0.248762
1 0.368061 0.457564 0.123938 0.049007
2 0.365104 0.575926 0.180208 0.129630
1 0.421354 0.618519 0.026042 0.033333
0 0.119900 0.827232 0.210970 0.226212
1 0.119900 0.754922 0.161545 0.042076
5 0.121354 0.862963 0.063542 0.081481
2 0.128646 0.875926 0.030208 0.029630
6 0.388084 0.272505 0.223495 0.232895
1 0.388084 0.195350 0.112500 0.044494
2 0.388542 0.304630 0.195833 0.109259
5 0.443750 0.322222 0.029167 0.037037
0 0.610234 0.816879 0.209206 0.237745
1 0.610234 0.733677 0.112500 0.040741
5 0.610938 0.842593 0.057292 0.114815
2 0.611979 0.824074 0.038542 0.048148
6 0.852346 0.841495 0.217039 0.246598
1 0.852346 0.755196 0.116447 0.043751
8 0.852604 0.871296 0.094792 0.120370
