1 0.500000 0.071296 0.520000 0.083332
0 0.128207 0.260384 0.220863 0.254592
1 0.128207 0.172153 0.112500 0.044263
4 0.126042 0.296296 0.191667 0.133333
6 0.096354 0.271296 0.036458 0.046296
7 0.207176 0.167580 0.037924 0.031947
6 0.378227 0.257343 0.225692 0.242611
1 0.378227 0.173484 0.125540 0.040741
2 0.376563 0.286111 0.198958 0.124074
0 0.630399 0.531149 0.221453 0.230975
1 0.662609 0.450807 0.136201 0.041211
5 0.629687 0.565741 0.082292 0.105556
0 0.626973 0.252448 0.217444 0.243382
1 0.650078 0.164952 0.137343 0.042441
7 0.626563 0.280556 0.109375 0.138889
6 0.130099 0.826296 0.220016 0.247022
1 0.130099 0.739258 0.125038 0.043331
2 0.130208 0.862963 0.195833 0.133333
7 0.200183 0.740033 0.054848 0.037458
0 0.384806 0.551897 0.224605 0.240247
1 0.403860 0.471425 0.165665 0.041475
2 0.384375 0.580556 0.197917 0.116667
2 0.335938 0.587963 0.094792 0.053704
0 0.128031 0.543025 0.213045 0.249835
1 0.128031 0.456841 0.131986 0.043127
4 0.127083 0.581481 0.181250 0.125926
6 0.155208 0.602778 0.033333 0.042593
6 0.866596 0.553798 0.219030 0.240509
1 0.836329 0.473219 0.112500 0.040741
5 0.868750 0.581481 0.062500 0.125926
6 0.379260 0.831375 0.219965 0.247564
1 0.416960 0.749171 0.123731 0.044648
2 0.377604 0.871296 0.190625 0.120370
0 0.868525 0.258822 0.219230 0.228508
1 0.862279 0.181087 0.165594 0.040741
5 0.868229 0.289815 0.080208 0.101852
4 0.850521 0.291667 0.036458 0.053704
7 0.946523 0.174541 0.038233 0.022909
0 0.858327 0.827085 0.214342 0.247401
1 0.858327 0.739664 0.113886 0.040741
2 0.858333 0.859259 0.187500 0.129630
8 0.862500 0.868519 0.022917 0.029630
0 0.625734 0.828871 0.221621 0.245400
1 0.644279 0.747184 0.123012 0.042846
7 0.626563 0.868519 0.096875 0.122222
