1 0.500000 0.113883 0.640000 0.055734
6 0.612279 0.833590 0.226150 0.229231
1 0.612279 0.754769 0.164699 0.040741
2 0.611458 0.864815 0.191667 0.118519
7 0.684920 0.748981 0.055868 0.022976
0 0.608186 0.265093 0.212398 0.227935
1 0.608186 0.186960 0.133023 0.044968
2 0.607812 0.299074 0.180208 0.116667
6 0.846987 0.833915 0.216085 0.226125
1 0.826619 0.759256 0.154515 0.040741
2 0.846354 0.864815 0.190625 0.114815
6 0.856674 0.542801 0.219650 0.239127
1 0.856674 0.463375 0.159806 0.040741
5 0.858854 0.575000 0.080208 0.101852
2 0.851562 0.573148 0.044792 0.064815
6 0.144661 0.272216 0.220512 0.238444
1 0.144661 0.188053 0.160188 0.040741
5 0.145833 0.309259 0.095833 0.122222
1 0.163542 0.277778 0.022917 0.029630
0 0.378449 0.269146 0.208312 0.248806
1 0.410260 0.183909 0.112500 0.040741
4 0.378646 0.300926 0.184375 0.138889
2 0.409896 0.271296 0.103125 0.050000
6 0.130293 0.531245 0.221239 0.229386
1 0.130293 0.456654 0.161736 0.040741
2 0.130208 0.563889 0.187500 0.101852
7 0.204841 0.454894 0.047144 0.039647
6 0.126915 0.826712 0.225447 0.242531
1 0.114003 0.745078 0.173475 0.040741
4 0.125521 0.863889 0.190625 0.127778
6 0.628493 0.535258 0.225112 0.248088
1 0.628493 0.446620 0.112500 0.040920
5 0.631250 0.572222 0.097917 0.125926
6 0.844167 0.245299 0.214813 0.233614
1 0.818420 0.166903 0.112500 0.040741
2 0.845313 0.277778 0.186458 0.125926
0 0.372299 0.540421 0.210661 0.231727
1 0.372299 0.458626 0.112500 0.040741
2 0.372396 0.567593 0.173958 0.131481
2 0.369271 0.573148 0.115625 0.061111
6 0.384063 0.819363 0.210974 0.239901
1 0.384063 0.736424 0.123853 0.040741
1 0.385937 0.846296 0.090625 0.114815
7 0.456444 0.729129 0.041210 0.022396
