1 0.218190 0.077675 0.386381 0.088684
0 0.624676 0.258617 0.218238 0.244641
1 0.634631 0.176277 0.120464 0.047150
2 0.626563 0.290741 0.188542 0.133333
0 0.145029 0.255423 0.221732 0.227960
1 0.145029 0.178463 0.148810 0.043714
6 0.142708 0.282407 0.191667 0.109259
6 0.365132 0.824891 0.216876 0.241656
1 0.339284 0.741730 0.144346 0.040741
3 0.364583 0.858333 0.191667 0.131481
6 0.871009 0.837746 0.224761 0.227537
1 0.873020 0.762646 0.160174 0.040741
5 0.871875 0.869444 0.079167 0.101852
6 0.374369 0.534964 0.211491 0.246537
1 0.374369 0.449241 0.153129 0.040741
2 0.373958 0.562037 0.177083 0.127778
6 0.373881 0.255336 0.218694 0.240306
1 0.373881 0.174701 0.143509 0.041261
2 0.374479 0.284259 0.184375 0.127778
7 0.428125 0.312037 0.025000 0.031481
6 0.618272 0.556556 0.211406 0.244118
1 0.618272 0.469258 0.141356 0.040741
2 0.618229 0.587963 0.186458 0.131481
0 0.843813 0.534027 0.209421 0.238890
1 0.843813 0.452175 0.157291 0.041321
2 0.842708 0.562037 0.183333 0.127778
7 0.907490 0.448649 0.057066 0.031098
0 0.143855 0.842186 0.221603 0.242214
1 0.111980 0.755225 0.137020 0.040741
2 0.144792 0.873148 0.191667 0.124074
2 0.111458 0.898148 0.112500 0.066667
0 0.848825 0.265708 0.211524 0.229239
1 0.848825 0.186175 0.118753 0.040741
2 0.848958 0.296296 0.181250 0.107407
4 0.806771 0.305556 0.084375 0.044444
6 0.599919 0.817567 0.209746 0.228878
1 0.599919 0.739919 0.114181 0.040741
2 0.603646 0.846296 0.180208 0.114815
0 0.122682 0.555050 0.216465 0.233800
1 0.164248 0.476833 0.112500 0.041132
7 0.124479 0.584259 0.096875 0.124074
7 0.184163 0.469340 0.068503 0.025345
