1 0.500000 0.074086 0.520000 0.088912
0 0.864361 0.815680 0.215675 0.249753
1 0.864361 0.729495 0.161285 0.040741
2 0.865625 0.853704 0.187500 0.133333
2 0.823958 0.836111 0.089583 0.075926
7 0.935557 0.729080 0.048284 0.039515
0 0.855087 0.555013 0.208825 0.236652
1 0.880102 0.474105 0.137960 0.044773
2 0.854688 0.591667 0.184375 0.116667
3 0.806771 0.605556 0.073958 0.051852
6 0.129678 0.248858 0.217304 0.230831
1 0.150448 0.171618 0.144852 0.045157
2 0.128125 0.277778 0.187500 0.107407
8 0.094792 0.247222 0.020833 0.027778
6 0.380992 0.276195 0.214603 0.254895
1 0.414394 0.185581 0.126967 0.040741
5 0.381250 0.306481 0.116667 0.150000
8 0.352083 0.354630 0.027083 0.035185
7 0.443292 0.183063 0.065002 0.031595
0 0.618812 0.814396 0.211784 0.233106
1 0.638982 0.731957 0.150612 0.041909
6 0.619792 0.845370 0.181250 0.131481
0 0.608901 0.540650 0.209066 0.227067
1 0.623789 0.466991 0.113982 0.040741
2 0.609375 0.570370 0.181250 0.107407
7 0.674567 0.464486 0.052734 0.037704
6 0.132510 0.534735 0.212771 0.241237
1 0.155918 0.456844 0.145122 0.047275
7 0.133854 0.563889 0.088542 0.112963
0 0.864854 0.277371 0.225758 0.238297
1 0.864854 0.198921 0.175000 0.040741
5 0.866667 0.314815 0.075000 0.096296
6 0.369025 0.531736 0.209011 0.226854
1 0.361616 0.452602 0.131333 0.040741
3 0.372396 0.562037 0.182292 0.109259
6 0.625998 0.272601 0.220063 0.254970
1 0.625998 0.186428 0.115086 0.042103
2 0.627083 0.303704 0.191667 0.133333
6 0.376705 0.828652 0.218006 0.227840
1 0.376705 0.751152 0.124226 0.040741
6 0.375000 0.860185 0.191667 0.124074
2 0.405208 0.865741 0.116667 0.075926
0 0.133303 0.836596 0.217988 0.230720
1 0.137806 0.761861 0.139939 0.042366
2 0.133333 0.862963 0.193750 0.114815
2 0.112500 0.844444 0.131250 0.062963
