1 0.500000 0.064487 0.380000 0.073970
6 0.385077 0.543057 0.226364 0.251552
1 0.385077 0.455505 0.125474 0.049042
2 0.385937 0.578704 0.190625 0.116667
0 0.852015 0.816382 0.220595 0.242151
1 0.852015 0.728731 0.112500 0.040741
7 0.855208 0.841667 0.091667 0.116667
2 0.869271 0.852778 0.055208 0.053704
6 0.135880 0.542303 0.222642 0.229441
1 0.135988 0.463361 0.130281 0.043626
6 0.135937 0.575000 0.196875 0.109259
0 0.863871 0.546913 0.217375 0.233605
1 0.863871 0.465704 0.132667 0.040741
2 0.865104 0.578704 0.192708 0.120370
2 0.870833 0.587963 0.108333 0.050000
6 0.629229 0.828017 0.219121 0.254566
1 0.663175 0.737661 0.130395 0.041108
8 0.628125 0.856481 0.097917 0.124074
7 0.644792 0.822222 0.022917 0.029630
7 0.701783 0.736741 0.049011 0.034977
6 0.134636 0.838405 0.226442 0.230345
1 0.134636 0.762855 0.168969 0.040741
2 0.132292 0.875000 0.200000 0.109259
7 0.126562 0.882407 0.021875 0.027778
6 0.610251 0.566696 0.224743 0.252390
1 0.610251 0.478136 0.112500 0.040826
7 0.608854 0.598148 0.107292 0.137037
7 0.678315 0.477327 0.063615 0.036615
0 0.367655 0.831663 0.217207 0.232895
1 0.386640 0.752043 0.112500 0.040741
5 0.368750 0.865741 0.083333 0.105556
0 0.619955 0.263527 0.208726 0.241881
1 0.639352 0.177645 0.112500 0.044016
2 0.619271 0.300926 0.180208 0.124074
6 0.591146 0.274074 0.040625 0.051852
6 0.128632 0.267553 0.219870 0.226236
1 0.128632 0.188570 0.112500 0.040741
2 0.129688 0.298148 0.190625 0.100000
6 0.377570 0.271276 0.218370 0.238381
1 0.377570 0.189079 0.114375 0.040741
7 0.379167 0.298148 0.095833 0.122222
0 0.859692 0.281946 0.224280 0.252424
1 0.859692 0.194001 0.124006 0.042503
2 0.859896 0.318519 0.196875 0.133333
