1 0.500000 0.066622 0.520000 0.073986
0 0.136119 0.254357 0.214873 0.250489
1 0.125682 0.169625 0.163892 0.040741
4 0.139063 0.287037 0.184375 0.125926
2 0.100521 0.271296 0.096875 0.050000
7 0.210104 0.166335 0.041904 0.037407
6 0.606250 0.814211 0.211982 0.228089
1 0.640789 0.740001 0.116043 0.040741
5 0.605208 0.847222 0.093750 0.120370
7 0.673135 0.729844 0.053213 0.022317
0 0.861644 0.257643 0.213192 0.241910
1 0.863851 0.173152 0.151996 0.040741
2 0.862500 0.288889 0.179167 0.122222
1 0.838021 0.329630 0.094792 0.007407
0 0.118762 0.531801 0.211912 0.238415
1 0.142768 0.452660 0.133188 0.040741
5 0.118750 0.566667 0.085417 0.107407
6 0.131449 0.825217 0.220634 0.252446
1 0.131449 0.741031 0.123782 0.046041
2 0.131250 0.865741 0.187500 0.124074
2 0.099479 0.860185 0.098958 0.072222
6 0.868828 0.825562 0.217265 0.229033
1 0.868828 0.745525 0.112500 0.040741
6 0.865625 0.854630 0.189583 0.109259
5 0.913021 0.877778 0.026042 0.033333
0 0.605600 0.541651 0.208605 0.235296
1 0.571429 0.457582 0.119431 0.040741
6 0.603646 0.573148 0.180208 0.127778
7 0.658333 0.599074 0.025000 0.031481
0 0.861713 0.544228 0.212724 0.254096
1 0.858621 0.455231 0.149125 0.040741
2 0.863542 0.572222 0.179167 0.144444
1 0.861458 0.564815 0.029167 0.037037
6 0.383126 0.542709 0.210748 0.240282
1 0.420134 0.462156 0.115898 0.041118
7 0.380208 0.577778 0.079167 0.100000
6 0.397917 0.577778 0.035417 0.044444
6 0.382898 0.285705 0.213035 0.251462
1 0.382898 0.202257 0.112500 0.047277
6 0.382292 0.324074 0.187500 0.122222
6 0.627701 0.261739 0.224854 0.240209
1 0.673245 0.175147 0.112933 0.040741
3 0.627604 0.285185 0.194792 0.129630
0 0.369589 0.825637 0.224460 0.236983
1 0.341746 0.743075 0.133613 0.045211
2 0.371354 0.860185 0.192708 0.127778
2 0.372917 0.866667 0.122917 0.062963
