1 0.500000 0.132489 0.640000 0.060102
6 0.623292 0.260048 0.210809 0.234109
1 0.650347 0.182081 0.135867 0.042018
7 0.621354 0.294444 0.084375 0.107407
2 0.611979 0.279630 0.057292 0.051852
7 0.684089 0.179408 0.064216 0.035793
6 0.859745 0.820099 0.223022 0.226811
1 0.858539 0.743049 0.112500 0.040741
1 0.859896 0.854630 0.176042 0.012963
7 0.937783 0.743728 0.041947 0.037032
6 0.130818 0.844294 0.209299 0.246420
1 0.109888 0.758504 0.139370 0.040741
2 0.128646 0.874074 0.178125 0.137037
5 0.091667 0.895370 0.035417 0.046296
0 0.862803 0.533734 0.209281 0.243025
1 0.862803 0.452228 0.154712 0.043404
6 0.860938 0.568519 0.180208 0.122222
2 0.827083 0.566667 0.093750 0.074074
6 0.859965 0.279994 0.223519 0.244252
1 0.905058 0.191693 0.112500 0.040741
2 0.863021 0.307407 0.194792 0.129630
7 0.862500 0.305556 0.022917 0.029630
6 0.147619 0.273729 0.222356 0.253310
1 0.147619 0.186256 0.112500 0.046354
1 0.150000 0.300000 0.193750 0.014815
2 0.150000 0.301852 0.110417 0.025926
0 0.614930 0.552334 0.216255 0.243107
1 0.643540 0.469168 0.138202 0.042068
2 0.616146 0.577778 0.184375 0.125926
2 0.619271 0.577778 0.071875 0.055556
6 0.384218 0.253535 0.212559 0.246795
1 0.384218 0.168866 0.116262 0.043416
6 0.385937 0.287037 0.182292 0.118519
2 0.391146 0.283333 0.096875 0.051852
6 0.131954 0.549245 0.208429 0.230361
1 0.114456 0.467662 0.152600 0.040741
2 0.133333 0.577778 0.181250 0.133333
2 0.167708 0.600000 0.095833 0.048148
6 0.617437 0.827665 0.224320 0.247202
1 0.617437 0.744271 0.138701 0.043449
5 0.617708 0.856481 0.091667 0.116667
4 0.637500 0.877778 0.043750 0.051852
6 0.382170 0.836702 0.220344 0.248957
1 0.342408 0.751217 0.119988 0.048435
2 0.381771 0.867593 0.196875 0.135185
6 0.366371 0.540372 0.217090 0.230677
1 0.366371 0.460482 0.137017 0.041324
2 0.366146 0.568519 0.194792 0.129630
7 0.437193 0.454722 0.050446 0.022341
