1 0.500000 0.070502 0.520000 0.081745
0 0.857940 0.841590 0.219095 0.237389
1 0.896319 0.758266 0.121502 0.044714
3 0.855208 0.871296 0.191667 0.112963
0 0.387501 0.275617 0.223558 0.251272
1 0.393717 0.186560 0.128321 0.040741
4 0.386979 0.312963 0.192708 0.133333
5 0.390625 0.302778 0.022917 0.046296
6 0.380114 0.804715 0.210269 0.227217
1 0.380114 0.729322 0.144596 0.043526
2 0.380208 0.837963 0.177083 0.101852
7 0.441040 0.721194 0.063416 0.023137
0 0.864761 0.270181 0.223625 0.239355
1 0.841195 0.190912 0.126263 0.041935
2 0.865104 0.310185 0.196875 0.124074
0 0.141819 0.271077 0.217563 0.243260
1 0.145343 0.186719 0.163496 0.040741
5 0.144271 0.296296 0.098958 0.125926
6 0.121830 0.552090 0.215768 0.237211
1 0.148359 0.472140 0.117609 0.041076
7 0.122917 0.577778 0.093750 0.118519
6 0.845801 0.549577 0.210269 0.238423
1 0.839061 0.467209 0.148644 0.040741
2 0.849479 0.584259 0.180208 0.116667
6 0.141899 0.837842 0.219521 0.239303
1 0.141899 0.759811 0.138366 0.043353
6 0.143229 0.871296 0.184375 0.120370
6 0.115104 0.889815 0.036458 0.046296
6 0.375308 0.563292 0.212694 0.248629
1 0.371755 0.479252 0.160548 0.043036
7 0.371875 0.592593 0.095833 0.122222
2 0.391146 0.575000 0.042708 0.057407
7 0.450567 0.474832 0.037178 0.034672
0 0.614434 0.841216 0.212290 0.253318
1 0.640795 0.748392 0.112500 0.040741
2 0.613542 0.874074 0.185417 0.144444
2 0.608333 0.884259 0.093750 0.083333
0 0.608634 0.542590 0.209354 0.234813
1 0.608634 0.462387 0.158403 0.042627
5 0.607812 0.576852 0.057292 0.116667
0 0.625771 0.256605 0.225308 0.249335
1 0.671758 0.170505 0.112500 0.040741
2 0.626042 0.289815 0.193750 0.120370
7 0.707269 0.166092 0.037312 0.031272
