1 0.500000 0.056223 0.380000 0.080908
0 0.366181 0.265320 0.219769 0.253753
1 0.366181 0.173617 0.112500 0.041919
2 0.364583 0.294444 0.193750 0.137037
2 0.402604 0.313889 0.111458 0.050000
7 0.429012 0.171653 0.069108 0.029381
0 0.620826 0.552765 0.217174 0.240617
1 0.662746 0.471890 0.112500 0.041863
2 0.620833 0.587037 0.183333 0.125926
6 0.872667 0.261879 0.225012 0.255462
1 0.872667 0.172613 0.156900 0.042286
2 0.873958 0.296296 0.197917 0.137037
7 0.826562 0.322222 0.026042 0.033333
7 0.948397 0.172006 0.048553 0.038681
0 0.626841 0.279924 0.219006 0.246405
1 0.626841 0.191610 0.149745 0.042152
3 0.629687 0.312963 0.190625 0.137037
0 0.867459 0.833140 0.226314 0.251627
1 0.820968 0.745255 0.112500 0.045043
2 0.866146 0.871296 0.192708 0.135185
6 0.838021 0.841667 0.034375 0.042593
7 0.946933 0.740932 0.042366 0.030173
0 0.127613 0.540858 0.223962 0.248244
1 0.136328 0.460724 0.112500 0.047318
2 0.126562 0.573148 0.190625 0.124074
6 0.606689 0.835858 0.210515 0.243208
1 0.606689 0.753820 0.162395 0.040741
3 0.608333 0.867593 0.183333 0.142593
2 0.648438 0.847222 0.084375 0.050000
7 0.669750 0.744038 0.059393 0.022531
0 0.363469 0.540807 0.218508 0.231363
1 0.363469 0.461085 0.116586 0.040741
5 0.364583 0.570370 0.127083 0.125926
6 0.379688 0.560185 0.044792 0.057407
6 0.368602 0.832010 0.220963 0.231546
1 0.350049 0.754844 0.163023 0.040741
1 0.368229 0.867593 0.082292 0.105556
7 0.437360 0.746835 0.058448 0.024159
0 0.854024 0.542994 0.220534 0.237498
1 0.884732 0.461260 0.132721 0.040741
6 0.851042 0.569444 0.191667 0.120370
2 0.848958 0.576852 0.129167 0.046296
0 0.125104 0.828366 0.216422 0.255497
1 0.125104 0.742768 0.121345 0.045118
2 0.128125 0.870370 0.187500 0.129630
0 0.141126 0.268300 0.224711 0.249500
1 0.141126 0.184048 0.144505 0.048634
5 0.141146 0.301852 0.098958 0.125926
2 0.142187 0.302778 0.042708 0.050000
7 0.209442 0.179197 0.063080 0.034256
