1 0.500000 0.068068 0.520000 0.076877
6 0.617956 0.275231 0.217212 0.239216
1 0.617956 0.192404 0.112500 0.040741
2 0.618229 0.302778 0.190625 0.135185
7 0.619271 0.312963 0.026042 0.033333
0 0.124634 0.258965 0.219877 0.233721
1 0.135328 0.176967 0.168987 0.040741
4 0.122396 0.288889 0.186458 0.111111
0 0.868451 0.266174 0.221621 0.249820
1 0.870381 0.182570 0.140885 0.047128
7 0.869792 0.296296 0.095833 0.122222
6 0.365597 0.847423 0.208966 0.252311
1 0.365597 0.757617 0.142603 0.042181
2 0.367708 0.875926 0.181250 0.144444
2 0.414583 0.858333 0.077083 0.068519
6 0.866803 0.555607 0.219153 0.227847
1 0.866803 0.480720 0.152362 0.044718
7 0.864583 0.584259 0.079167 0.101852
0 0.124194 0.555100 0.220010 0.226904
1 0.124194 0.480937 0.160206 0.040741
2 0.121354 0.587037 0.188542 0.122222
2 0.150000 0.605556 0.120833 0.051852
6 0.630547 0.554912 0.223197 0.226178
1 0.630547 0.482214 0.112500 0.045116
2 0.627083 0.589815 0.193750 0.109259
4 0.651042 0.582407 0.127083 0.050000
0 0.606151 0.837242 0.212757 0.246766
1 0.599300 0.750050 0.148008 0.043591
3 0.605729 0.874074 0.178125 0.133333
7 0.680293 0.746331 0.039472 0.027907
6 0.364665 0.271543 0.221482 0.233911
1 0.364665 0.195002 0.149939 0.041397
2 0.366667 0.310185 0.191667 0.120370
7 0.415625 0.337037 0.022917 0.029630
6 0.130359 0.833817 0.218358 0.241679
1 0.130359 0.752425 0.112738 0.040741
8 0.132812 0.870370 0.082292 0.103704
4 0.125000 0.886111 0.037500 0.035185
0 0.379943 0.558158 0.224186 0.248338
1 0.379943 0.476615 0.122223 0.046428
6 0.379167 0.588889 0.189583 0.133333
2 0.407292 0.613889 0.116667 0.061111
6 0.850374 0.818562 0.221140 0.243855
1 0.850374 0.736280 0.145666 0.044354
5 0.847917 0.850000 0.062500 0.125926
4 0.847917 0.847222 0.039583 0.046296
