1 0.226270 0.073849 0.402541 0.081031
0 0.616698 0.809316 0.209369 0.237019
1 0.578680 0.727948 0.112500 0.044612
4 0.618229 0.846296 0.180208 0.114815
7 0.689337 0.721799 0.039091 0.024947
6 0.868565 0.821706 0.220078 0.248066
1 0.893885 0.733584 0.148604 0.040741
2 0.865104 0.854630 0.192708 0.124074
4 0.863542 0.845370 0.100000 0.061111
7 0.937896 0.728336 0.056415 0.024288
6 0.385024 0.273563 0.225201 0.232341
1 0.343418 0.192908 0.112500 0.040741
4 0.385417 0.305556 0.187500 0.129630
0 0.608722 0.550760 0.217690 0.247397
1 0.633887 0.465733 0.146527 0.040766
3 0.609896 0.580556 0.190625 0.131481
2 0.660417 0.571296 0.079167 0.061111
7 0.687172 0.462038 0.035790 0.032916
6 0.627844 0.261549 0.224227 0.228535
1 0.627844 0.185466 0.165865 0.043762
1 0.628646 0.294444 0.186458 0.014815
8 0.583854 0.299074 0.017708 0.024074
0 0.859517 0.539301 0.212334 0.241984
1 0.845280 0.458863 0.163026 0.040741
2 0.859375 0.571296 0.185417 0.127778
0 0.383714 0.840289 0.211439 0.240544
1 0.366320 0.759054 0.155817 0.043608
2 0.380208 0.870370 0.181250 0.125926
5 0.327604 0.850000 0.040625 0.040741
6 0.130485 0.559996 0.208598 0.246492
1 0.130485 0.477111 0.112500 0.045209
6 0.130729 0.590741 0.173958 0.118519
6 0.146851 0.814993 0.219653 0.229894
1 0.172156 0.733421 0.116219 0.040741
7 0.146875 0.843519 0.091667 0.116667
7 0.211633 0.731605 0.065090 0.026081
6 0.371528 0.555574 0.211271 0.241846
1 0.371528 0.476460 0.155893 0.045199
8 0.369792 0.590741 0.093750 0.118519
5 0.340104 0.564815 0.026042 0.033333
7 0.439196 0.465662 0.050935 0.024986
0 0.118285 0.255889 0.210525 0.246837
1 0.113825 0.171547 0.146276 0.041626
2 0.117188 0.287963 0.182292 0.124074
6 0.857820 0.254873 0.223995 0.233260
1 0.874386 0.173813 0.126973 0.040741
6 0.859896 0.281481 0.192708 0.118519
2 0.830729 0.270370 0.119792 0.051852
