1 0.740144 0.067727 0.316123 0.068787
6 0.369095 0.546733 0.223140 0.247535
1 0.337402 0.462077 0.114036 0.046764
2 0.368229 0.577778 0.190625 0.122222
8 0.406250 0.618519 0.022917 0.029630
7 0.448233 0.457458 0.039862 0.031949
6 0.861755 0.816104 0.224825 0.229389
1 0.837248 0.737289 0.154979 0.040741
7 0.864583 0.848148 0.081250 0.103704
6 0.362470 0.841574 0.213895 0.255087
1 0.362470 0.756069 0.112500 0.043690
2 0.361979 0.876852 0.180208 0.120370
7 0.328646 0.845370 0.023958 0.031481
6 0.866816 0.271373 0.213053 0.248909
1 0.866816 0.186909 0.156151 0.045922
2 0.867188 0.305556 0.180208 0.133333
6 0.607234 0.831244 0.207925 0.252975
1 0.607234 0.748170 0.112500 0.049064
7 0.610417 0.873148 0.091667 0.116667
0 0.128372 0.250445 0.216312 0.231415
1 0.123850 0.168315 0.112500 0.040741
2 0.126042 0.287037 0.189583 0.118519
6 0.618426 0.255167 0.220860 0.241298
1 0.649913 0.170889 0.120793 0.046294
2 0.622917 0.287963 0.191667 0.109259
2 0.590625 0.265741 0.112500 0.038889
7 0.690300 0.171097 0.052112 0.036122
6 0.623737 0.529954 0.214620 0.233828
1 0.641428 0.447256 0.158405 0.041954
2 0.620833 0.555556 0.185417 0.125926
7 0.684406 0.443297 0.068283 0.023477
6 0.849745 0.551332 0.224912 0.253677
1 0.884218 0.462823 0.135133 0.040741
5 0.851562 0.588889 0.119792 0.118519
6 0.378838 0.284410 0.224322 0.255097
1 0.378838 0.194209 0.151627 0.047661
5 0.379688 0.315741 0.103125 0.131481
7 0.450042 0.192367 0.056913 0.033973
0 0.123273 0.542520 0.220168 0.252073
1 0.137779 0.453235 0.170322 0.040741
1 0.123958 0.576852 0.179167 0.012963
0 0.131521 0.838922 0.218502 0.248150
1 0.131521 0.749891 0.139680 0.040741
2 0.128125 0.869444 0.189583 0.124074
6 0.086979 0.840741 0.032292 0.040741
