1 0.205310 0.069517 0.360620 0.072367
6 0.139752 0.268123 0.221226 0.239938
1 0.139752 0.187334 0.128622 0.043542
2 0.139583 0.303704 0.189583 0.107407
6 0.857671 0.257418 0.212329 0.241595
1 0.857671 0.173282 0.138674 0.040741
7 0.858854 0.287963 0.103125 0.131481
0 0.121258 0.816827 0.212901 0.247630
1 0.091762 0.732588 0.133075 0.040741
2 0.121354 0.844444 0.184375 0.129630
7 0.185725 0.727874 0.058969 0.032686
0 0.138626 0.543930 0.222943 0.234060
1 0.138626 0.465339 0.129957 0.040741
2 0.142187 0.573148 0.194792 0.109259
2 0.171875 0.584259 0.112500 0.046296
7 0.215673 0.462303 0.043848 0.033769
6 0.603997 0.830807 0.209026 0.246494
1 0.628087 0.745230 0.140012 0.045560
2 0.607292 0.868519 0.181250 0.125926
6 0.624929 0.554558 0.225431 0.226077
1 0.587552 0.477525 0.129845 0.040741
5 0.626042 0.587037 0.079167 0.100000
4 0.621354 0.584259 0.051042 0.050000
0 0.371959 0.829919 0.211746 0.226635
1 0.346673 0.756434 0.140342 0.040741
2 0.369271 0.863889 0.180208 0.109259
6 0.851521 0.813561 0.221210 0.245546
1 0.851521 0.733534 0.149221 0.046932
2 0.853125 0.850926 0.189583 0.112963
7 0.917649 0.724435 0.063954 0.030259
6 0.612221 0.269436 0.224621 0.226293
1 0.618464 0.193823 0.135724 0.040741
4 0.612500 0.302778 0.193750 0.105556
6 0.852743 0.536027 0.225402 0.231669
1 0.852743 0.456766 0.112500 0.045017
2 0.853646 0.569444 0.194792 0.120370
2 0.887500 0.594444 0.102083 0.048148
7 0.925762 0.453336 0.054364 0.029250
0 0.377711 0.261736 0.222147 0.242984
1 0.335698 0.178165 0.117288 0.043529
2 0.377083 0.286111 0.193750 0.127778
6 0.370979 0.555323 0.212717 0.238851
1 0.368840 0.470366 0.162550 0.040741
7 0.370833 0.585185 0.093750 0.118519
7 0.436294 0.471193 0.057086 0.033554
