1 0.225813 0.070213 0.401625 0.073759
6 0.849083 0.263280 0.216909 0.232764
1 0.849083 0.187336 0.112500 0.040741
2 0.850000 0.292593 0.181250 0.107407
2 0.890625 0.282407 0.077083 0.050000
6 0.372019 0.823922 0.209709 0.240447
1 0.333831 0.739834 0.112500 0.043208
5 0.372396 0.859259 0.092708 0.118519
2 0.368750 0.860185 0.062500 0.075926
7 0.439660 0.740798 0.049428 0.037163
0 0.860359 0.558402 0.226325 0.253389
1 0.889876 0.475808 0.146458 0.048577
7 0.858333 0.591667 0.089583 0.112963
7 0.942047 0.466628 0.037949 0.032804
0 0.125905 0.538628 0.220715 0.231817
1 0.100860 0.461684 0.149794 0.040741
2 0.127604 0.574074 0.188542 0.103704
5 0.126042 0.575000 0.025000 0.031481
7 0.189407 0.458030 0.068711 0.033583
0 0.134052 0.839968 0.218475 0.237969
1 0.102785 0.756255 0.135108 0.043815
2 0.132292 0.873148 0.185417 0.131481
7 0.167708 0.902778 0.025000 0.031481
0 0.626166 0.264415 0.214222 0.255182
1 0.626166 0.175856 0.138556 0.040741
2 0.625521 0.297222 0.182292 0.138889
0 0.371006 0.539464 0.221614 0.243279
1 0.378076 0.458892 0.124744 0.042659
1 0.368750 0.574074 0.093750 0.118519
6 0.611950 0.534086 0.217088 0.229906
1 0.611950 0.452720 0.112500 0.040741
7 0.610417 0.562963 0.087500 0.111111
7 0.679838 0.449179 0.056312 0.023055
0 0.609259 0.827111 0.222995 0.254885
1 0.609259 0.738945 0.166151 0.040741
5 0.611458 0.857407 0.087500 0.111111
5 0.612500 0.862037 0.027083 0.035185
6 0.129872 0.274746 0.222352 0.249533
1 0.134266 0.184019 0.134962 0.040741
1 0.129167 0.309259 0.102083 0.129630
6 0.865846 0.837134 0.220782 0.244287
1 0.876974 0.754526 0.169655 0.040741
2 0.866667 0.875000 0.189583 0.124074
0 0.384434 0.274846 0.225813 0.231374
1 0.353920 0.199716 0.143950 0.040741
2 0.384896 0.308333 0.190625 0.105556
