1 0.705659 0.068762 0.331656 0.070857
6 0.123490 0.555300 0.215357 0.227599
1 0.123490 0.482420 0.112500 0.042747
2 0.124479 0.589815 0.180208 0.116667
7 0.184477 0.473476 0.068383 0.026915
6 0.862127 0.822819 0.220194 0.227718
1 0.861904 0.748101 0.160716 0.040741
8 0.858333 0.848148 0.087500 0.111111
0 0.857037 0.548299 0.209268 0.249552
1 0.857037 0.458035 0.142735 0.040741
6 0.856771 0.582407 0.184375 0.131481
5 0.898958 0.610185 0.041667 0.042593
6 0.386847 0.258285 0.216921 0.247274
1 0.428641 0.174092 0.112500 0.040741
2 0.388542 0.288889 0.183333 0.137037
2 0.361458 0.281481 0.104167 0.070370
0 0.614873 0.814064 0.216318 0.228244
1 0.614873 0.739247 0.112881 0.040741
4 0.614062 0.846296 0.190625 0.103704
2 0.567187 0.871296 0.076042 0.046296
0 0.123732 0.254017 0.222325 0.228833
1 0.123732 0.179514 0.112500 0.040741
2 0.122917 0.280556 0.189583 0.109259
6 0.848759 0.261393 0.209955 0.236974
1 0.843782 0.180469 0.126895 0.040741
2 0.850000 0.297222 0.179167 0.116667
6 0.866667 0.292593 0.043750 0.055556
0 0.622342 0.279588 0.216271 0.239069
1 0.622342 0.202013 0.140744 0.045869
4 0.623437 0.315741 0.182292 0.127778
6 0.361638 0.537722 0.210090 0.249961
1 0.323260 0.450709 0.112500 0.045110
2 0.359896 0.569444 0.180208 0.135185
6 0.369270 0.834653 0.226490 0.254584
1 0.343144 0.741595 0.153407 0.040741
1 0.369792 0.861111 0.185417 0.014815
6 0.117991 0.834365 0.208100 0.230288
1 0.117991 0.756571 0.148155 0.040741
2 0.117188 0.872222 0.182292 0.118519
7 0.176474 0.756953 0.066133 0.038427
0 0.612052 0.554266 0.215135 0.234177
1 0.612052 0.476581 0.126056 0.040741
5 0.610938 0.590741 0.086458 0.111111
2 0.607292 0.585185 0.056250 0.055556
