1 0.742405 0.076609 0.377999 0.086550
6 0.124940 0.566058 0.211209 0.248263
1 0.086002 0.475995 0.112500 0.040990
7 0.122396 0.595370 0.096875 0.124074
6 0.111979 0.605556 0.015625 0.059259
0 0.613112 0.847312 0.208387 0.246955
1 0.613112 0.762764 0.131090 0.040741
2 0.611979 0.879630 0.178125 0.144444
6 0.571875 0.838889 0.035417 0.044444
0 0.855524 0.831741 0.215049 0.228500
1 0.855524 0.752343 0.112500 0.040741
2 0.852083 0.862037 0.185417 0.116667
5 0.812500 0.844444 0.014583 0.029630
6 0.622335 0.557214 0.225063 0.242923
1 0.614736 0.472293 0.142427 0.045522
1 0.622396 0.589815 0.088542 0.112963
6 0.368993 0.828483 0.219937 0.228014
1 0.368993 0.749963 0.148732 0.040741
2 0.368229 0.859259 0.188542 0.122222
5 0.326042 0.887963 0.027083 0.035185
0 0.125008 0.849130 0.209142 0.251082
1 0.162912 0.762797 0.112500 0.044170
2 0.125521 0.877778 0.176042 0.129630
4 0.161458 0.899074 0.085417 0.079630
7 0.187959 0.759754 0.058240 0.035292
6 0.373177 0.282413 0.224649 0.251487
1 0.353164 0.195227 0.163790 0.049823
6 0.371875 0.320370 0.200000 0.137037
7 0.421354 0.292593 0.026042 0.033333
0 0.622933 0.249788 0.212764 0.229799
1 0.622933 0.169655 0.164896 0.040741
5 0.624479 0.283333 0.078125 0.100000
7 0.693764 0.169080 0.046104 0.031345
6 0.853301 0.270042 0.226559 0.238522
1 0.891500 0.188343 0.129328 0.040741
7 0.851042 0.300000 0.095833 0.122222
0 0.859589 0.536525 0.215362 0.236334
1 0.846699 0.456060 0.112500 0.040741
5 0.861458 0.564815 0.095833 0.122222
7 0.921923 0.450208 0.065694 0.026663
6 0.144034 0.269998 0.215237 0.254768
1 0.144034 0.182225 0.112500 0.041671
5 0.143750 0.305556 0.127083 0.125926
0 0.367209 0.556789 0.212210 0.249289
1 0.399294 0.470878 0.112858 0.040741
7 0.365625 0.589815 0.091667 0.116667
2 0.373958 0.596296 0.047917 0.055556
