1 0.500000 0.065761 0.380000 0.071705
6 0.624111 0.551393 0.219279 0.238759
1 0.624111 0.468630 0.114757 0.043030
7 0.623437 0.583333 0.090625 0.114815
2 0.610938 0.611111 0.051042 0.048148
7 0.691137 0.468322 0.060228 0.035580
0 0.362719 0.262813 0.212478 0.253146
1 0.365076 0.171725 0.117088 0.041143
8 0.361979 0.290741 0.098958 0.125926
5 0.392708 0.260185 0.025000 0.031481
7 0.433444 0.172655 0.046029 0.035792
6 0.143562 0.570043 0.223061 0.255163
1 0.151743 0.480067 0.143647 0.047591
2 0.143750 0.601852 0.202083 0.133333
7 0.207537 0.479699 0.070111 0.037438
6 0.364043 0.831695 0.210229 0.230946
1 0.374578 0.756699 0.140595 0.045698
2 0.363021 0.867593 0.186458 0.116667
6 0.606078 0.835866 0.218345 0.226455
1 0.634126 0.758592 0.112500 0.040741
8 0.608854 0.866667 0.082292 0.103704
6 0.856124 0.549344 0.220197 0.233120
1 0.864040 0.468624 0.123183 0.040741
5 0.855729 0.582407 0.082292 0.105556
4 0.842708 0.575926 0.052083 0.048148
6 0.847340 0.260450 0.220153 0.237517
1 0.861210 0.179179 0.171579 0.041552
6 0.848437 0.293519 0.192708 0.120370
2 0.878125 0.291667 0.114583 0.068519
7 0.920032 0.177596 0.049769 0.034772
0 0.133978 0.836394 0.214854 0.241826
1 0.142172 0.753371 0.145222 0.040741
2 0.133333 0.862963 0.191667 0.122222
7 0.195295 0.752513 0.067220 0.037027
0 0.366086 0.544339 0.210094 0.236887
1 0.327705 0.462078 0.112500 0.040741
7 0.364583 0.575000 0.081250 0.101852
0 0.861095 0.813744 0.208936 0.242733
1 0.858343 0.728216 0.115369 0.040741
6 0.863542 0.839815 0.179167 0.131481
0 0.617958 0.276090 0.213190 0.238358
1 0.584039 0.195960 0.112500 0.041271
4 0.617708 0.307407 0.191667 0.122222
2 0.646875 0.332407 0.116667 0.042593
7 0.680636 0.195704 0.062833 0.040550
6 0.131720 0.266358 0.217150 0.230989
1 0.131720 0.191374 0.143181 0.045461
6 0.134375 0.304630 0.185417 0.105556
6 0.179688 0.314815 0.030208 0.037037
7 0.201152 0.185707 0.053285 0.032650
