1 0.235393 0.066452 0.420785 0.066238
6 0.862292 0.838152 0.213285 0.235794
1 0.862292 0.759084 0.140042 0.040741
5 0.864062 0.870370 0.096875 0.122222
6 0.128471 0.817982 0.221272 0.227754
1 0.107045 0.742724 0.151050 0.040741
2 0.128125 0.846296 0.197917 0.118519
0 0.137369 0.549102 0.225002 0.241413
1 0.137369 0.466476 0.112500 0.046503
7 0.138021 0.578704 0.088542 0.112963
5 0.122396 0.596296 0.030208 0.029630
0 0.619413 0.821786 0.211275 0.245825
1 0.608209 0.741036 0.112550 0.048167
2 0.617708 0.861111 0.179167 0.125926
4 0.635417 0.852778 0.118750 0.079630
0 0.853060 0.538329 0.216482 0.244290
1 0.832222 0.454877 0.150075 0.041795
7 0.850521 0.568519 0.092708 0.118519
7 0.929354 0.450538 0.038893 0.031673
0 0.367961 0.268870 0.216700 0.246136
1 0.350847 0.186980 0.155738 0.048361
5 0.365625 0.304630 0.091667 0.116667
1 0.380208 0.278704 0.022917 0.027778
7 0.436481 0.179888 0.054660 0.031135
6 0.608974 0.562335 0.214817 0.246216
1 0.610496 0.474584 0.141625 0.043106
6 0.605729 0.592593 0.186458 0.144444
2 0.645312 0.607407 0.086458 0.066667
7 0.675349 0.474984 0.057067 0.034476
6 0.858975 0.252927 0.224401 0.236756
1 0.858975 0.170801 0.112500 0.046227
2 0.859375 0.287037 0.187500 0.129630
4 0.829688 0.283333 0.121875 0.081481
6 0.140990 0.267596 0.209122 0.253012
1 0.140990 0.180052 0.132385 0.048197
2 0.138542 0.299074 0.177083 0.146296
2 0.107813 0.267593 0.086458 0.064815
0 0.361111 0.524078 0.209210 0.228097
1 0.361111 0.448709 0.117386 0.040741
2 0.359896 0.551852 0.173958 0.114815
7 0.435287 0.448337 0.035859 0.039578
0 0.610101 0.244383 0.208507 0.229394
1 0.601383 0.166931 0.161541 0.043801
2 0.607292 0.282407 0.177083 0.112963
7 0.680015 0.160870 0.043680 0.025333
0 0.365258 0.839499 0.208913 0.251749
1 0.362175 0.752426 0.148740 0.048252
5 0.366667 0.877778 0.114583 0.114815
2 0.365625 0.887963 0.064583 0.068519
