1 0.712230 0.070792 0.330636 0.074917
0 0.865501 0.835139 0.209721 0.245055
1 0.862395 0.750296 0.123610 0.048654
2 0.864062 0.873148 0.184375 0.127778
7 0.926457 0.748040 0.062809 0.033821
6 0.625837 0.271179 0.225942 0.228831
1 0.625837 0.195670 0.133090 0.040741
2 0.628125 0.304630 0.193750 0.101852
0 0.605667 0.820709 0.208101 0.249520
1 0.605895 0.738519 0.133831 0.048871
2 0.604688 0.851852 0.182292 0.125926
0 0.133512 0.257908 0.224548 0.255236
1 0.133512 0.167387 0.139100 0.040741
5 0.132292 0.289815 0.106250 0.135185
7 0.121354 0.253704 0.026042 0.033333
6 0.366574 0.274906 0.224159 0.229555
1 0.355717 0.194151 0.124238 0.040741
7 0.366146 0.300926 0.088542 0.112963
2 0.382292 0.291667 0.047917 0.064815
0 0.128159 0.523693 0.221137 0.228265
1 0.128159 0.444199 0.140549 0.040741
2 0.128125 0.551852 0.197917 0.125926
2 0.081771 0.564815 0.101042 0.059259
6 0.373629 0.538487 0.208405 0.230883
1 0.365903 0.462668 0.112500 0.041324
6 0.377083 0.574074 0.179167 0.118519
6 0.850175 0.274721 0.222044 0.231742
1 0.885097 0.198963 0.131365 0.040741
2 0.851562 0.306481 0.192708 0.124074
7 0.889062 0.334259 0.021875 0.027778
6 0.865006 0.538951 0.223785 0.242729
1 0.882429 0.457077 0.152885 0.040741
8 0.865104 0.572222 0.092708 0.118519
7 0.945965 0.452940 0.036867 0.033670
6 0.627812 0.553093 0.218784 0.246930
1 0.598553 0.465909 0.139434 0.045028
2 0.627604 0.586111 0.182292 0.120370
0 0.122265 0.832489 0.214448 0.246222
1 0.099615 0.747327 0.128139 0.046003
6 0.120833 0.862037 0.181250 0.127778
6 0.157292 0.829630 0.035417 0.044444
6 0.380876 0.814836 0.215419 0.241283
1 0.380474 0.732768 0.114138 0.040741
2 0.383854 0.842593 0.188542 0.129630
