1 0.500000 0.075414 0.520000 0.091568
0 0.136233 0.845172 0.214591 0.246160
1 0.114792 0.764121 0.150876 0.047803
5 0.134375 0.886111 0.085417 0.109259
5 0.116667 0.872222 0.022917 0.029630
6 0.619554 0.285746 0.212728 0.253038
1 0.619554 0.194410 0.159702 0.043547
2 0.618229 0.317593 0.178125 0.135185
0 0.850964 0.815178 0.215651 0.238446
1 0.874311 0.736464 0.145265 0.042933
5 0.850521 0.844444 0.098958 0.125926
2 0.845833 0.843519 0.054167 0.053704
6 0.143300 0.554894 0.221623 0.228065
1 0.143300 0.480951 0.128974 0.041377
2 0.140625 0.587037 0.193750 0.111111
6 0.604876 0.553043 0.211489 0.253494
1 0.604876 0.468481 0.116036 0.044020
2 0.601562 0.591667 0.182292 0.135185
7 0.671649 0.463061 0.052943 0.036493
6 0.381447 0.836685 0.210132 0.254104
1 0.405457 0.745005 0.141279 0.040748
2 0.382292 0.865741 0.185417 0.138889
2 0.427083 0.835185 0.075000 0.055556
6 0.870797 0.545166 0.224462 0.247174
1 0.870797 0.459139 0.166110 0.040741
2 0.872396 0.573148 0.192708 0.127778
5 0.927083 0.611111 0.014583 0.029630
0 0.132083 0.278329 0.218515 0.254785
1 0.172702 0.186334 0.112500 0.040741
2 0.129167 0.306481 0.189583 0.146296
7 0.207574 0.185247 0.042534 0.031583
6 0.867059 0.259198 0.214091 0.229358
1 0.867059 0.183756 0.114081 0.044783
5 0.866667 0.291667 0.077083 0.098148
7 0.873437 0.305556 0.017708 0.022222
0 0.381784 0.524626 0.223751 0.227701
1 0.417653 0.445515 0.131179 0.040741
6 0.381771 0.557407 0.192708 0.125926
7 0.450584 0.441013 0.061150 0.023439
6 0.383351 0.256405 0.212400 0.233638
1 0.350403 0.178545 0.125672 0.040741
4 0.385417 0.290741 0.183333 0.118519
7 0.453086 0.171974 0.047929 0.027739
0 0.620084 0.838639 0.208224 0.252301
1 0.620084 0.751773 0.148985 0.040741
2 0.622917 0.872222 0.179167 0.129630
