1 0.500000 0.123031 0.640000 0.065183
6 0.862646 0.275616 0.210053 0.234523
1 0.862646 0.198682 0.124572 0.040741
2 0.864583 0.312963 0.179167 0.111111
6 0.852098 0.805973 0.218770 0.229768
1 0.809380 0.725071 0.112500 0.040741
6 0.852083 0.829630 0.187500 0.118519
8 0.849479 0.824074 0.023958 0.029630
6 0.135848 0.845980 0.218451 0.245431
1 0.122068 0.758250 0.170058 0.041902
7 0.135937 0.879630 0.088542 0.111111
7 0.204007 0.754018 0.057133 0.024470
0 0.136719 0.533648 0.223998 0.230472
1 0.142826 0.457395 0.166484 0.040741
2 0.134896 0.563889 0.192708 0.105556
0 0.125946 0.249557 0.219069 0.234238
1 0.097736 0.171569 0.141816 0.045951
2 0.125000 0.282407 0.185417 0.124074
6 0.860409 0.544737 0.208922 0.231342
1 0.866617 0.467132 0.129326 0.040741
2 0.859896 0.582407 0.173958 0.116667
5 0.820312 0.553704 0.026042 0.033333
7 0.924675 0.464696 0.055390 0.034223
0 0.618679 0.829944 0.214131 0.248387
1 0.596765 0.744953 0.112500 0.040741
6 0.617188 0.862963 0.184375 0.133333
0 0.604935 0.541586 0.218451 0.238756
1 0.604935 0.456931 0.112500 0.040741
2 0.604167 0.576852 0.193750 0.120370
0 0.382679 0.535613 0.223932 0.227271
1 0.382679 0.459362 0.133527 0.045297
5 0.385417 0.572222 0.079167 0.100000
7 0.459543 0.460044 0.045204 0.039097
0 0.373262 0.825616 0.218084 0.251949
1 0.384356 0.738487 0.163058 0.040741
6 0.373958 0.857407 0.187500 0.125926
2 0.341667 0.875000 0.102083 0.053704
0 0.611693 0.262180 0.222025 0.252587
1 0.611693 0.173912 0.116096 0.045083
6 0.610417 0.290741 0.193750 0.133333
0 0.388497 0.276811 0.225833 0.247934
1 0.342248 0.190286 0.112500 0.043637
2 0.392188 0.307407 0.196875 0.144444
8 0.395833 0.296296 0.029167 0.037037
