1 0.241105 0.067565 0.432210 0.068464
6 0.131745 0.839561 0.208180 0.239783
1 0.131745 0.756975 0.136789 0.041872
7 0.128125 0.868519 0.089583 0.114815
6 0.123958 0.848148 0.012500 0.048148
7 0.195646 0.756187 0.055380 0.035999
6 0.367362 0.824398 0.223951 0.232744
1 0.367362 0.741770 0.133571 0.040741
7 0.368750 0.857407 0.089583 0.114815
6 0.617649 0.833049 0.208357 0.226223
1 0.648192 0.756928 0.112500 0.041572
7 0.618750 0.865741 0.075000 0.094444
2 0.631250 0.875926 0.037500 0.037037
7 0.683907 0.753852 0.050841 0.030792
6 0.612827 0.557277 0.225977 0.253947
1 0.612827 0.466597 0.112500 0.042183
2 0.610417 0.593519 0.197917 0.138889
6 0.387181 0.267307 0.219824 0.251905
1 0.395695 0.180145 0.167324 0.043408
8 0.385417 0.292593 0.104167 0.133333
2 0.400521 0.270370 0.061458 0.059259
0 0.857827 0.538623 0.210983 0.226852
1 0.857827 0.460825 0.150688 0.040741
2 0.857812 0.567593 0.180208 0.116667
0 0.365730 0.546246 0.210253 0.245097
1 0.396353 0.460222 0.128174 0.046605
3 0.365104 0.577778 0.182292 0.122222
6 0.862520 0.819944 0.211441 0.249869
1 0.894217 0.737885 0.127213 0.048178
2 0.862500 0.858333 0.183333 0.124074
2 0.868229 0.866667 0.082292 0.059259
7 0.932239 0.729659 0.047003 0.032261
0 0.854365 0.256946 0.211911 0.239664
1 0.854365 0.171804 0.138481 0.042505
4 0.854688 0.288889 0.186458 0.122222
2 0.813021 0.274074 0.073958 0.070370
7 0.927205 0.169472 0.041232 0.027679
0 0.612145 0.258391 0.213513 0.254020
1 0.626391 0.165854 0.163123 0.040741
6 0.608854 0.291667 0.186458 0.135185
7 0.656250 0.315741 0.027083 0.035185
6 0.138493 0.551422 0.220292 0.248537
1 0.145069 0.465353 0.112500 0.040818
2 0.135937 0.585185 0.190625 0.140741
6 0.141536 0.277772 0.210386 0.237470
1 0.141536 0.194881 0.116141 0.044878
6 0.142708 0.305556 0.187500 0.129630
