1 0.698926 0.068594 0.317692 0.070521
0 0.858299 0.258059 0.221044 0.242666
1 0.858299 0.170199 0.112500 0.040741
8 0.857292 0.289815 0.083333 0.105556
7 0.923792 0.171331 0.065058 0.032173
0 0.378790 0.820990 0.208849 0.244521
1 0.377418 0.732260 0.112500 0.040741
5 0.377083 0.846296 0.102083 0.129630
7 0.353125 0.876852 0.025000 0.031481
6 0.614237 0.545290 0.221398 0.243036
1 0.603851 0.460812 0.147081 0.045588
2 0.613021 0.584259 0.194792 0.124074
0 0.138576 0.262654 0.216317 0.228988
1 0.138576 0.188193 0.123655 0.040741
2 0.134896 0.293519 0.188542 0.105556
0 0.126864 0.551315 0.218185 0.233019
1 0.151910 0.470459 0.147259 0.040741
6 0.126042 0.580556 0.187500 0.127778
7 0.196402 0.472452 0.054109 0.038256
6 0.857559 0.833735 0.215615 0.244646
1 0.868848 0.751967 0.133375 0.040741
2 0.856771 0.863889 0.184375 0.127778
5 0.816667 0.897222 0.035417 0.046296
7 0.922709 0.742676 0.060316 0.025491
0 0.362015 0.264806 0.213945 0.226802
1 0.321709 0.187605 0.112500 0.040741
5 0.358854 0.288889 0.107292 0.107407
2 0.332813 0.270370 0.044792 0.055556
6 0.619451 0.824052 0.212439 0.226129
1 0.591327 0.749057 0.112500 0.044801
2 0.619271 0.862963 0.190625 0.103704
6 0.646875 0.840741 0.029167 0.037037
6 0.615428 0.247430 0.224732 0.238833
1 0.615428 0.166420 0.163698 0.040741
2 0.616146 0.275926 0.196875 0.118519
5 0.552083 0.247222 0.018750 0.038889
0 0.135516 0.829134 0.211031 0.239391
1 0.135516 0.745745 0.114866 0.040903
7 0.134896 0.866667 0.092708 0.118519
7 0.198278 0.744990 0.060507 0.034064
6 0.849294 0.530747 0.209228 0.228743
1 0.835983 0.451416 0.161771 0.040741
6 0.848958 0.562037 0.183333 0.101852
7 0.913139 0.446237 0.056538 0.022685
0 0.387480 0.551156 0.220749 0.249482
1 0.387480 0.467553 0.131676 0.049232
7 0.388021 0.580556 0.092708 0.116667
