1 0.754165 0.076268 0.280730 0.085869
6 0.607712 0.531757 0.222337 0.243886
1 0.627732 0.449905 0.161462 0.040741
2 0.609896 0.561111 0.190625 0.122222
0 0.126818 0.814264 0.216407 0.226111
1 0.156300 0.736437 0.136609 0.040741
2 0.126562 0.849074 0.188542 0.116667
0 0.136333 0.554569 0.210235 0.234535
1 0.136333 0.473049 0.124981 0.040787
4 0.136458 0.587037 0.175000 0.118519
0 0.848260 0.538903 0.217319 0.252707
1 0.848260 0.449502 0.154619 0.040991
2 0.848437 0.568519 0.184375 0.129630
0 0.366717 0.837593 0.224407 0.234374
1 0.366717 0.754837 0.112500 0.040741
5 0.368229 0.863889 0.053125 0.105556
0 0.605424 0.816533 0.209106 0.248081
1 0.567538 0.726414 0.112500 0.040741
2 0.608854 0.846296 0.180208 0.125926
7 0.674395 0.723312 0.046164 0.024603
6 0.377313 0.273688 0.219915 0.226412
1 0.334022 0.200097 0.112500 0.040741
1 0.377604 0.309259 0.076042 0.096296
2 0.388021 0.316667 0.038542 0.033333
6 0.383711 0.545014 0.222448 0.247535
1 0.398861 0.459639 0.112500 0.045200
8 0.382812 0.574074 0.105208 0.133333
0 0.871386 0.823620 0.223161 0.236262
1 0.890308 0.744976 0.160386 0.040741
6 0.873958 0.851852 0.191667 0.118519
7 0.908333 0.833333 0.022917 0.029630
0 0.869762 0.258984 0.225663 0.226152
1 0.847963 0.185898 0.161231 0.040741
2 0.867188 0.287963 0.192708 0.109259
3 0.911458 0.279630 0.097917 0.044444
6 0.618368 0.256095 0.219255 0.245916
1 0.618368 0.171042 0.141100 0.041136
2 0.615625 0.292593 0.189583 0.122222
4 0.583854 0.297222 0.113542 0.064815
6 0.146797 0.286165 0.219914 0.252226
1 0.125243 0.200540 0.118606 0.044084
2 0.143750 0.324074 0.189583 0.122222
