1 0.500000 0.085831 0.380000 0.083108
6 0.138062 0.245941 0.224450 0.227890
1 0.136803 0.171948 0.112500 0.040741
2 0.140104 0.283333 0.194792 0.114815
7 0.213657 0.167223 0.048261 0.033416
0 0.366815 0.562646 0.211043 0.249322
1 0.366815 0.472428 0.112500 0.040741
2 0.368750 0.592593 0.181250 0.140741
8 0.332813 0.629630 0.028125 0.037037
6 0.615133 0.843361 0.212876 0.253731
1 0.654905 0.755127 0.112500 0.043883
8 0.615104 0.879630 0.105208 0.133333
6 0.137337 0.824841 0.215030 0.242280
1 0.119057 0.743672 0.157637 0.040741
2 0.137500 0.863889 0.187500 0.124074
6 0.384794 0.835080 0.218937 0.247767
1 0.345510 0.752388 0.119536 0.046743
4 0.385937 0.875926 0.194792 0.129630
7 0.458005 0.743371 0.047516 0.027311
6 0.841982 0.831080 0.208201 0.227499
1 0.856039 0.751637 0.125721 0.040741
2 0.841667 0.861111 0.183333 0.103704
6 0.866736 0.532989 0.218649 0.227749
1 0.829056 0.456625 0.112500 0.042491
2 0.867708 0.561111 0.189583 0.118519
2 0.888021 0.560185 0.123958 0.075926
6 0.617560 0.264983 0.212390 0.245247
1 0.617560 0.182439 0.135653 0.040741
5 0.618750 0.300926 0.093750 0.120370
7 0.688394 0.180539 0.045722 0.039323
6 0.138224 0.551028 0.208117 0.234014
1 0.138224 0.473952 0.122343 0.044715
2 0.138021 0.581481 0.180208 0.118519
0 0.608307 0.523314 0.212075 0.225949
1 0.572269 0.451996 0.112500 0.042949
3 0.610938 0.555556 0.186458 0.103704
5 0.654687 0.526852 0.013542 0.027778
7 0.670779 0.443019 0.062130 0.028321
0 0.382734 0.249373 0.210856 0.226353
1 0.382734 0.172788 0.140363 0.043343
2 0.384896 0.279630 0.180208 0.114815
7 0.442724 0.174960 0.065877 0.040489
6 0.854543 0.258962 0.217590 0.247108
1 0.833549 0.170632 0.154768 0.040741
5 0.853646 0.284259 0.096875 0.124074
