1 0.500000 0.078896 0.380000 0.084714
6 0.859434 0.256901 0.210507 0.244433
1 0.892952 0.172354 0.112500 0.040741
2 0.858333 0.285185 0.185417 0.140741
7 0.933266 0.165539 0.037843 0.024673
0 0.610951 0.538581 0.219951 0.242150
1 0.610951 0.451739 0.149451 0.040741
7 0.610417 0.567593 0.104167 0.131481
8 0.581250 0.606481 0.025000 0.031481
6 0.618296 0.817069 0.216362 0.251737
1 0.618296 0.727272 0.167731 0.043087
6 0.618229 0.846296 0.190625 0.129630
5 0.668229 0.818519 0.038542 0.048148
6 0.864669 0.538760 0.212060 0.252558
1 0.864669 0.450844 0.112500 0.040741
1 0.862500 0.571296 0.168750 0.012963
5 0.823958 0.600000 0.022917 0.022222
0 0.131939 0.820720 0.225791 0.233753
1 0.085710 0.743957 0.112500 0.046304
6 0.131771 0.855556 0.201042 0.100000
5 0.176563 0.846296 0.030208 0.037037
0 0.149113 0.544733 0.223778 0.241123
1 0.165743 0.458507 0.158610 0.040741
6 0.145833 0.575926 0.193750 0.122222
7 0.226823 0.456061 0.043358 0.026740
0 0.128813 0.270921 0.208347 0.246162
1 0.091307 0.183374 0.112500 0.043529
7 0.125521 0.299074 0.109375 0.138889
0 0.618327 0.258418 0.213410 0.230689
1 0.650914 0.178658 0.112500 0.045071
8 0.617708 0.294444 0.093750 0.118519
0 0.382118 0.256820 0.223841 0.233100
1 0.379227 0.177824 0.159431 0.041623
5 0.382292 0.283333 0.054167 0.111111
6 0.378273 0.557660 0.209145 0.234108
1 0.385487 0.482810 0.132593 0.046558
6 0.379167 0.590741 0.175000 0.107407
2 0.354687 0.602778 0.117708 0.068519
7 0.437693 0.475835 0.065305 0.033422
6 0.364945 0.820713 0.210252 0.255275
1 0.353836 0.730709 0.151079 0.047413
7 0.367708 0.860185 0.106250 0.135185
7 0.345833 0.836111 0.027083 0.035185
0 0.861613 0.847736 0.218722 0.247558
1 0.861613 0.765488 0.121620 0.047583
8 0.865625 0.883333 0.095833 0.122222
6 0.874479 0.862037 0.051042 0.064815
