1 0.500000 0.075222 0.520000 0.091184
0 0.862407 0.836318 0.211747 0.247684
1 0.862407 0.745931 0.118017 0.040741
2 0.862500 0.862037 0.177083 0.142593
6 0.603069 0.830464 0.209210 0.238942
1 0.573144 0.747701 0.128529 0.047140
7 0.601042 0.858333 0.085417 0.109259
3 0.599479 0.867593 0.046875 0.064815
6 0.388489 0.534298 0.225246 0.232009
1 0.388489 0.454779 0.139467 0.041259
2 0.385937 0.570370 0.196875 0.118519
7 0.422396 0.608333 0.023958 0.031481
6 0.861538 0.263125 0.217385 0.253432
1 0.876582 0.175104 0.139634 0.042599
6 0.859896 0.292593 0.190625 0.140741
0 0.621734 0.535600 0.213230 0.251020
1 0.621734 0.443856 0.130187 0.040741
3 0.623958 0.568519 0.187500 0.129630
6 0.598958 0.592593 0.052083 0.066667
0 0.378934 0.824538 0.208521 0.229949
1 0.378934 0.746934 0.119014 0.040741
8 0.381250 0.856481 0.091667 0.116667
0 0.140409 0.255336 0.220345 0.247209
1 0.150690 0.174015 0.134468 0.047134
3 0.144271 0.290741 0.190625 0.137037
6 0.128440 0.539658 0.220646 0.255222
1 0.128440 0.452176 0.152427 0.040741
8 0.130729 0.574074 0.105208 0.133333
7 0.204356 0.450022 0.043815 0.038913
0 0.131009 0.840944 0.208811 0.238045
1 0.100274 0.760452 0.126508 0.046614
2 0.127604 0.872222 0.180208 0.125926
2 0.167708 0.890741 0.085417 0.077778
7 0.193908 0.753785 0.058014 0.026690
0 0.870396 0.559365 0.219306 0.254635
1 0.833711 0.467915 0.125103 0.041716
2 0.872396 0.592593 0.188542 0.129630
0 0.615509 0.277987 0.219313 0.254552
1 0.585959 0.187475 0.139379 0.043598
4 0.616667 0.306481 0.189583 0.146296
2 0.611458 0.306481 0.118750 0.087037
6 0.381296 0.258155 0.210843 0.227062
1 0.381296 0.183171 0.153090 0.040741
2 0.380729 0.288889 0.186458 0.103704
7 0.454562 0.178619 0.039309 0.030953
