1 0.500000 0.124191 0.640000 0.073541
6 0.626477 0.813904 0.218523 0.245271
1 0.646699 0.733030 0.142166 0.047071
7 0.628646 0.848148 0.086458 0.111111
6 0.379246 0.264678 0.210942 0.252772
1 0.379246 0.182180 0.142949 0.049750
3 0.376563 0.299074 0.180208 0.138889
6 0.136947 0.542189 0.213560 0.254927
1 0.136947 0.450059 0.152251 0.040741
2 0.138542 0.575000 0.185417 0.142593
7 0.209220 0.446478 0.044014 0.026469
0 0.132772 0.834448 0.224262 0.236065
1 0.132772 0.755071 0.125206 0.045627
4 0.132812 0.867593 0.201042 0.109259
2 0.176563 0.840741 0.088542 0.044444
7 0.213162 0.753893 0.038482 0.037918
0 0.859149 0.535613 0.226095 0.231085
1 0.873420 0.460220 0.163530 0.040741
2 0.859375 0.569444 0.204167 0.120370
2 0.859896 0.575000 0.121875 0.064815
6 0.367043 0.540220 0.209338 0.243380
1 0.367043 0.459391 0.143114 0.046542
5 0.364583 0.573148 0.125000 0.124074
0 0.624117 0.260469 0.212984 0.250792
1 0.659928 0.178835 0.113665 0.049918
2 0.625521 0.299074 0.182292 0.116667
1 0.652604 0.333333 0.023958 0.029630
7 0.684636 0.166587 0.066947 0.025992
0 0.132551 0.262497 0.211577 0.226193
1 0.171673 0.183272 0.112500 0.040741
5 0.134896 0.294444 0.076042 0.096296
6 0.144271 0.303704 0.034375 0.044444
0 0.850988 0.255974 0.209086 0.234648
1 0.832815 0.180821 0.147606 0.046700
2 0.850000 0.288889 0.183333 0.107407
6 0.825000 0.271296 0.014583 0.057407
0 0.620293 0.531718 0.208514 0.241575
1 0.592749 0.446977 0.132593 0.040741
8 0.618750 0.567593 0.091667 0.116667
7 0.682928 0.445799 0.058244 0.032700
6 0.366383 0.818858 0.221434 0.250564
1 0.366383 0.732227 0.162152 0.046504
6 0.363542 0.844444 0.195833 0.133333
2 0.392708 0.828704 0.122917 0.061111
0 0.861150 0.827399 0.221469 0.233320
1 0.881443 0.745317 0.157049 0.040741
5 0.861979 0.859259 0.084375 0.107407
