1 0.500000 0.119128 0.640000 0.066043
0 0.147621 0.833526 0.225740 0.253990
1 0.147621 0.748687 0.161975 0.048012
2 0.151562 0.866667 0.196875 0.133333
2 0.114062 0.847222 0.098958 0.079630
0 0.623883 0.558104 0.220639 0.253949
1 0.623883 0.472238 0.164420 0.049989
2 0.622396 0.590741 0.188542 0.137037
7 0.568750 0.626852 0.025000 0.031481
7 0.699278 0.463542 0.044849 0.027787
6 0.366235 0.833093 0.215227 0.245546
1 0.366235 0.750740 0.127822 0.042183
7 0.366146 0.866667 0.090625 0.114815
6 0.859608 0.836816 0.210801 0.228991
1 0.859608 0.757947 0.112500 0.040741
5 0.859375 0.871296 0.110417 0.109259
6 0.849128 0.544209 0.220646 0.244140
1 0.847500 0.458800 0.139179 0.042678
2 0.848437 0.572222 0.190625 0.137037
2 0.881250 0.584259 0.100000 0.079630
7 0.929044 0.451802 0.035815 0.022290
6 0.609139 0.836108 0.209826 0.250416
1 0.616505 0.748477 0.153930 0.041598
6 0.609896 0.866667 0.180208 0.125926
6 0.143870 0.268911 0.217696 0.231341
1 0.186051 0.192681 0.112500 0.040741
6 0.145313 0.303704 0.186458 0.111111
0 0.133186 0.535518 0.225932 0.241764
1 0.094192 0.455092 0.127112 0.040741
1 0.131250 0.567593 0.175000 0.012963
2 0.175521 0.598148 0.078125 0.025926
0 0.365446 0.530915 0.212079 0.235945
1 0.363366 0.454214 0.112500 0.041865
2 0.363021 0.563889 0.184375 0.116667
2 0.342187 0.581481 0.119792 0.059259
7 0.441577 0.448626 0.034816 0.034331
6 0.607298 0.266392 0.222590 0.254842
1 0.627229 0.176251 0.161896 0.047274
2 0.608854 0.299074 0.194792 0.138889
6 0.363074 0.271848 0.209222 0.252019
1 0.363074 0.184564 0.116947 0.040741
2 0.363021 0.303704 0.182292 0.125926
6 0.858563 0.255939 0.221626 0.241139
1 0.849006 0.176645 0.133082 0.042096
5 0.856771 0.285185 0.090625 0.114815
2 0.850521 0.287037 0.038542 0.059259
7 0.931715 0.166080 0.050322 0.024383
