1 0.200446 0.066426 0.350893 0.066184
6 0.141320 0.819486 0.214938 0.251040
1 0.117270 0.727801 0.132144 0.040741
5 0.141667 0.844444 0.095833 0.122222
2 0.152083 0.864815 0.047917 0.070370
6 0.620998 0.536669 0.213517 0.253491
1 0.620998 0.449857 0.151157 0.044404
2 0.618229 0.570370 0.182292 0.137037
7 0.683989 0.441447 0.062534 0.026010
0 0.868718 0.262470 0.223719 0.248933
1 0.868718 0.179265 0.124430 0.043257
2 0.869271 0.301852 0.190625 0.125926
4 0.919271 0.323148 0.073958 0.050000
6 0.614755 0.269396 0.223161 0.255449
1 0.614755 0.181823 0.130129 0.040741
4 0.614062 0.303704 0.188542 0.133333
6 0.362926 0.271716 0.210385 0.231494
1 0.362926 0.195125 0.154302 0.040741
2 0.360417 0.304630 0.183333 0.120370
6 0.854378 0.550334 0.222363 0.240179
1 0.854378 0.466248 0.143122 0.043742
7 0.853646 0.577778 0.101042 0.129630
7 0.918411 0.465683 0.069298 0.033839
0 0.370941 0.553104 0.214754 0.253543
1 0.370941 0.465512 0.116193 0.040741
7 0.368750 0.587963 0.093750 0.120370
2 0.385417 0.566667 0.056250 0.070370
6 0.609284 0.837859 0.224324 0.228035
1 0.595637 0.764446 0.157869 0.040741
6 0.608854 0.873148 0.192708 0.105556
0 0.137846 0.531445 0.216277 0.226342
1 0.137846 0.457098 0.118901 0.040741
6 0.136979 0.562037 0.184375 0.112963
2 0.177083 0.562963 0.083333 0.062963
0 0.853658 0.824762 0.209876 0.243348
1 0.835598 0.743146 0.146230 0.041068
7 0.853646 0.853704 0.090625 0.114815
0 0.386778 0.823963 0.220119 0.236809
1 0.386778 0.745175 0.112500 0.045602
8 0.386458 0.859259 0.089583 0.114815
2 0.373958 0.852778 0.050000 0.061111
6 0.133406 0.256947 0.223073 0.255202
1 0.133406 0.167230 0.170097 0.040741
6 0.133854 0.291667 0.192708 0.146296
2 0.166146 0.262963 0.115625 0.055556
