1 0.250719 0.069247 0.451437 0.071827
0 0.125943 0.836777 0.222426 0.248060
1 0.125943 0.756564 0.116851 0.047368
7 0.126042 0.868519 0.102083 0.129630
6 0.373550 0.550782 0.213907 0.234882
1 0.355577 0.472427 0.127792 0.044694
7 0.376042 0.583333 0.079167 0.100000
0 0.370802 0.267200 0.218866 0.234067
1 0.341422 0.185190 0.139272 0.040741
6 0.369792 0.304630 0.185417 0.116667
6 0.389583 0.325926 0.041667 0.051852
6 0.626932 0.827394 0.224125 0.229033
1 0.663337 0.749728 0.130480 0.042606
2 0.625521 0.863889 0.198958 0.105556
6 0.870236 0.263699 0.224315 0.255373
1 0.870236 0.176324 0.148564 0.042535
6 0.869792 0.299074 0.197917 0.131481
6 0.620006 0.533117 0.217358 0.229530
1 0.656181 0.457340 0.124177 0.040741
2 0.616667 0.563889 0.189583 0.120370
7 0.694383 0.449684 0.043605 0.025625
6 0.862128 0.547112 0.221635 0.240315
1 0.862128 0.461339 0.149154 0.040741
2 0.863021 0.573148 0.188542 0.127778
2 0.904687 0.587963 0.080208 0.079630
6 0.144574 0.550499 0.221086 0.243768
1 0.134470 0.464151 0.162629 0.043399
3 0.142708 0.584259 0.193750 0.124074
2 0.177083 0.568519 0.102083 0.070370
7 0.224318 0.465744 0.036599 0.037222
0 0.855293 0.814238 0.218737 0.246470
1 0.860866 0.734653 0.112500 0.047308
2 0.853646 0.850926 0.190625 0.120370
6 0.363871 0.815144 0.212009 0.231686
1 0.328841 0.739935 0.121116 0.040741
2 0.364063 0.845370 0.186458 0.112963
2 0.395313 0.816667 0.094792 0.040741
7 0.433553 0.730712 0.047643 0.025785
0 0.142780 0.268045 0.213314 0.248380
1 0.142780 0.181597 0.118119 0.046035
4 0.140625 0.298148 0.185417 0.137037
6 0.622611 0.265649 0.215352 0.250117
1 0.622611 0.176852 0.123838 0.045492
2 0.625000 0.300000 0.185417 0.125926
2 0.629687 0.288889 0.096875 0.062963
7 0.699236 0.175121 0.037102 0.032024
