1 0.223184 0.074842 0.396369 0.083018
6 0.142485 0.286010 0.221457 0.250041
1 0.121673 0.199142 0.157200 0.046483
7 0.143750 0.318519 0.089583 0.114815
2 0.157292 0.300000 0.045833 0.048148
0 0.373868 0.549757 0.220547 0.230297
1 0.379297 0.470775 0.165721 0.043572
2 0.376042 0.582407 0.189583 0.124074
2 0.410417 0.563889 0.104167 0.072222
0 0.607195 0.831907 0.213815 0.229890
1 0.607195 0.751226 0.112500 0.040741
2 0.604688 0.860185 0.188542 0.120370
0 0.617713 0.552671 0.221609 0.234686
1 0.646092 0.476018 0.144016 0.040741
2 0.617188 0.584259 0.188542 0.120370
8 0.585417 0.552778 0.020833 0.027778
7 0.683292 0.474008 0.065451 0.040323
0 0.132555 0.543416 0.223021 0.254936
1 0.122334 0.455068 0.130561 0.040741
2 0.135417 0.575926 0.191667 0.151852
0 0.862264 0.543016 0.211014 0.233403
1 0.862264 0.467078 0.122998 0.042764
1 0.861458 0.575926 0.093750 0.118519
0 0.860783 0.249926 0.212937 0.239294
1 0.860783 0.171564 0.163831 0.042054
2 0.861458 0.282407 0.185417 0.116667
1 0.913021 0.250926 0.021875 0.027778
7 0.936883 0.167810 0.035738 0.038024
6 0.373831 0.284982 0.224342 0.253747
1 0.335409 0.194702 0.126665 0.040741
5 0.372396 0.322222 0.101042 0.129630
0 0.615616 0.263474 0.215861 0.235092
1 0.629677 0.182492 0.149747 0.040741
6 0.616146 0.297222 0.180208 0.116667
2 0.658854 0.309259 0.080208 0.051852
0 0.139294 0.833557 0.214156 0.237358
1 0.139294 0.753766 0.123936 0.040741
2 0.135937 0.862963 0.186458 0.118519
6 0.864412 0.818555 0.222370 0.235822
1 0.864412 0.740384 0.112500 0.044683
2 0.863542 0.853704 0.189583 0.103704
7 0.935841 0.733457 0.054513 0.028589
6 0.366941 0.826953 0.215679 0.252895
1 0.366941 0.734379 0.124226 0.041414
4 0.368750 0.856481 0.187500 0.135185
