1 0.500000 0.133989 0.640000 0.056992
0 0.368048 0.277822 0.225506 0.249142
1 0.368048 0.186666 0.173738 0.040798
6 0.368750 0.306481 0.195833 0.142593
0 0.622113 0.827222 0.223612 0.228175
1 0.647430 0.752665 0.152145 0.040741
2 0.622917 0.855556 0.193750 0.114815
4 0.654687 0.878704 0.123958 0.057407
6 0.618040 0.562382 0.212756 0.251198
1 0.639791 0.473353 0.148421 0.045641
7 0.618229 0.597222 0.096875 0.124074
2 0.623437 0.632407 0.057292 0.042593
6 0.856320 0.533472 0.211788 0.236933
1 0.856320 0.450533 0.157776 0.040741
2 0.855729 0.557407 0.190625 0.129630
2 0.854688 0.549074 0.126042 0.068519
6 0.612723 0.279659 0.215742 0.240774
1 0.612723 0.194638 0.119382 0.040741
2 0.611458 0.303704 0.185417 0.125926
6 0.143613 0.276441 0.224085 0.248965
1 0.143613 0.189133 0.126306 0.045882
2 0.141146 0.311111 0.194792 0.133333
6 0.378227 0.826984 0.221454 0.231424
1 0.378227 0.748604 0.112500 0.040741
2 0.379688 0.858333 0.190625 0.109259
6 0.849652 0.809012 0.216505 0.233651
1 0.884937 0.728153 0.125103 0.044138
6 0.847917 0.836111 0.189583 0.124074
0 0.131953 0.812671 0.223974 0.233581
1 0.104519 0.732386 0.139323 0.044652
2 0.130729 0.849074 0.192708 0.112963
6 0.868713 0.266071 0.218095 0.239531
1 0.868713 0.182754 0.168536 0.040741
6 0.868229 0.296296 0.194792 0.140741
6 0.366343 0.548250 0.208710 0.242426
1 0.366343 0.464842 0.112500 0.043994
1 0.366667 0.578704 0.091667 0.116667
6 0.131412 0.535502 0.207978 0.245132
1 0.131412 0.452758 0.133738 0.048460
2 0.129688 0.572222 0.178125 0.133333
