1 0.500000 0.123228 0.640000 0.069960
0 0.626456 0.563615 0.221085 0.252979
1 0.591353 0.472848 0.112500 0.040741
6 0.629687 0.594444 0.192708 0.137037
2 0.657813 0.614815 0.113542 0.085185
6 0.367256 0.276193 0.214250 0.237643
1 0.359078 0.193518 0.138323 0.040741
2 0.367188 0.309259 0.184375 0.111111
0 0.144406 0.841545 0.221838 0.236516
1 0.115017 0.762197 0.142226 0.040741
2 0.143750 0.877778 0.200000 0.122222
4 0.185938 0.859259 0.111458 0.074074
6 0.855159 0.268736 0.216323 0.249612
1 0.855159 0.179458 0.167252 0.043076
6 0.854167 0.304630 0.183333 0.135185
2 0.830729 0.275926 0.117708 0.055556
0 0.861038 0.822304 0.214228 0.249557
1 0.861038 0.739789 0.131786 0.043994
2 0.860938 0.854630 0.190625 0.135185
6 0.378926 0.526060 0.224501 0.232345
1 0.409953 0.450572 0.133935 0.040741
2 0.377604 0.561111 0.192708 0.103704
7 0.452125 0.442876 0.053102 0.028940
0 0.610393 0.828050 0.208952 0.254217
1 0.616433 0.734835 0.159848 0.040741
5 0.608333 0.854630 0.112500 0.142593
8 0.628646 0.825926 0.026042 0.033333
6 0.383215 0.822865 0.215573 0.226572
1 0.370446 0.747784 0.117124 0.040741
2 0.383854 0.856481 0.184375 0.124074
7 0.458663 0.743603 0.039676 0.031011
0 0.137812 0.254947 0.211959 0.229628
1 0.137812 0.177186 0.112500 0.040741
8 0.135937 0.280556 0.082292 0.105556
2 0.139063 0.269444 0.048958 0.050000
0 0.616611 0.269773 0.219470 0.255245
1 0.576232 0.182941 0.117878 0.048961
3 0.614583 0.298148 0.187500 0.133333
0 0.852076 0.546608 0.218748 0.230835
1 0.852076 0.471873 0.162728 0.044026
4 0.855208 0.581481 0.187500 0.122222
7 0.927576 0.464263 0.042749 0.029107
0 0.138296 0.532571 0.213082 0.243715
1 0.160878 0.451047 0.137337 0.040741
2 0.138542 0.568519 0.183333 0.122222
5 0.190104 0.590741 0.034375 0.044444
