1 0.500000 0.142808 0.640000 0.059220
0 0.146641 0.547465 0.223864 0.234712
1 0.142310 0.466410 0.171819 0.042401
2 0.146354 0.582407 0.192708 0.116667
6 0.855507 0.825546 0.216317 0.227973
1 0.822358 0.751721 0.129185 0.040741
8 0.855208 0.853704 0.081250 0.103704
7 0.838542 0.831481 0.020833 0.025926
7 0.925648 0.749622 0.051036 0.039090
0 0.863935 0.545706 0.222204 0.253046
1 0.822645 0.459451 0.112500 0.040741
8 0.863542 0.576852 0.106250 0.135185
2 0.842187 0.598148 0.051042 0.074074
6 0.381432 0.274864 0.217404 0.244648
1 0.355222 0.191907 0.144150 0.041865
2 0.380729 0.308333 0.194792 0.127778
7 0.453846 0.187997 0.047576 0.033878
6 0.131860 0.816013 0.219542 0.234615
1 0.174964 0.737077 0.112500 0.040741
7 0.129167 0.847222 0.095833 0.120370
2 0.116146 0.860185 0.057292 0.075926
6 0.375598 0.562388 0.222778 0.243148
1 0.334205 0.477923 0.112500 0.040741
7 0.379167 0.600000 0.095833 0.122222
0 0.605249 0.542742 0.208440 0.231865
1 0.605249 0.460956 0.156185 0.040741
4 0.606250 0.575926 0.177083 0.125926
2 0.603646 0.575926 0.119792 0.059259
6 0.622045 0.810807 0.215747 0.235014
1 0.650671 0.726754 0.127557 0.040741
2 0.622917 0.839815 0.181250 0.116667
6 0.654687 0.858333 0.034375 0.042593
0 0.133102 0.258330 0.217696 0.241190
1 0.133102 0.175423 0.121399 0.043099
6 0.135417 0.290741 0.189583 0.137037
7 0.163021 0.336111 0.028125 0.035185
7 0.197660 0.175980 0.063580 0.039453
0 0.601374 0.270758 0.210769 0.229145
1 0.583370 0.196788 0.153927 0.043245
2 0.597917 0.303704 0.181250 0.103704
6 0.850021 0.257483 0.211183 0.230042
1 0.850021 0.179917 0.155031 0.042773
5 0.851562 0.286111 0.086458 0.109259
2 0.839063 0.275000 0.048958 0.046296
6 0.372567 0.848219 0.208000 0.252505
1 0.372567 0.762299 0.156627 0.044316
7 0.373958 0.875926 0.093750 0.118519
