1 0.500000 0.145457 0.640000 0.076539
6 0.855543 0.280481 0.221676 0.249423
1 0.855543 0.189852 0.112500 0.040741
2 0.855208 0.309259 0.189583 0.137037
7 0.931737 0.189006 0.044287 0.029435
6 0.368924 0.275788 0.211780 0.243071
1 0.341409 0.192918 0.135916 0.040741
3 0.369271 0.303704 0.176042 0.122222
6 0.846923 0.810795 0.214258 0.237484
1 0.835663 0.731533 0.158070 0.046284
2 0.849479 0.847222 0.184375 0.127778
0 0.615341 0.281390 0.224056 0.244424
1 0.615341 0.197137 0.130736 0.042309
6 0.616146 0.319444 0.198958 0.127778
6 0.121831 0.822972 0.217365 0.242279
1 0.121831 0.739792 0.134106 0.040741
2 0.124479 0.850000 0.186458 0.122222
6 0.127604 0.848148 0.046875 0.059259
0 0.118721 0.536256 0.209137 0.248284
1 0.118721 0.446390 0.143506 0.040747
6 0.118750 0.573148 0.172917 0.138889
2 0.148438 0.597222 0.094792 0.050000
6 0.856175 0.544562 0.224258 0.255258
1 0.856175 0.458823 0.152657 0.049264
2 0.858854 0.587037 0.194792 0.125926
7 0.862500 0.587963 0.022917 0.027778
7 0.922461 0.453559 0.066686 0.036213
0 0.375768 0.820911 0.219872 0.249678
1 0.375768 0.730598 0.151169 0.040741
2 0.374479 0.848148 0.188542 0.140741
8 0.323958 0.821296 0.027083 0.035185
0 0.602474 0.543551 0.212014 0.234689
1 0.602474 0.460292 0.112500 0.040741
2 0.604688 0.571296 0.182292 0.120370
2 0.630729 0.569444 0.107292 0.072222
0 0.123770 0.267428 0.213579 0.239896
1 0.133441 0.186052 0.155222 0.040741
8 0.126562 0.296296 0.092708 0.118519
7 0.200866 0.177922 0.034385 0.023847
6 0.621846 0.840950 0.214734 0.254818
1 0.628594 0.755401 0.129255 0.050319
7 0.619792 0.876852 0.097917 0.124074
0 0.376470 0.541070 0.214510 0.251711
1 0.376470 0.458334 0.112500 0.046454
5 0.379688 0.577778 0.107292 0.107407
7 0.398958 0.559259 0.020833 0.025926
