1 0.500000 0.087144 0.380000 0.065662
6 0.133965 0.559070 0.223365 0.244712
1 0.178416 0.476490 0.113629 0.045614
5 0.132292 0.599074 0.083333 0.105556
8 0.143750 0.584259 0.018750 0.024074
7 0.203369 0.473136 0.059557 0.035806
0 0.849012 0.835895 0.212673 0.236332
1 0.888682 0.757317 0.112500 0.040741
6 0.848958 0.868519 0.179167 0.118519
6 0.848984 0.549463 0.218117 0.244361
1 0.853228 0.468324 0.123238 0.045925
2 0.848437 0.580556 0.184375 0.127778
3 0.847396 0.578704 0.090625 0.053704
6 0.124934 0.829182 0.208909 0.234685
1 0.139932 0.748192 0.158081 0.040741
3 0.124479 0.858333 0.182292 0.135185
6 0.625972 0.284914 0.214325 0.253455
1 0.640023 0.194855 0.150855 0.040741
8 0.625000 0.312037 0.100000 0.127778
6 0.618236 0.820347 0.221074 0.229598
1 0.618236 0.744171 0.145983 0.040741
6 0.621354 0.859259 0.192708 0.114815
0 0.845404 0.251105 0.215918 0.244305
1 0.883659 0.173242 0.112500 0.047847
4 0.845833 0.290741 0.189583 0.111111
6 0.605086 0.532925 0.217967 0.234546
1 0.605086 0.456244 0.134711 0.045914
2 0.605208 0.567593 0.181250 0.116667
6 0.384802 0.815137 0.217594 0.247630
1 0.384802 0.728105 0.160747 0.042291
5 0.384896 0.849074 0.098958 0.127778
0 0.135298 0.249804 0.217395 0.243449
1 0.160042 0.166325 0.126880 0.043405
4 0.133854 0.277778 0.192708 0.122222
6 0.381993 0.552358 0.209133 0.232927
1 0.381993 0.474215 0.114087 0.040741
2 0.382292 0.586111 0.172917 0.105556
7 0.443697 0.469191 0.060724 0.029556
0 0.375467 0.268650 0.212385 0.250260
1 0.408476 0.186329 0.125534 0.049450
7 0.375521 0.304630 0.094792 0.120370
