1 0.231635 0.065385 0.413270 0.064103
0 0.368736 0.842961 0.210188 0.248120
1 0.391932 0.757603 0.142964 0.040741
2 0.369271 0.879630 0.186458 0.129630
2 0.330729 0.902778 0.080208 0.068519
6 0.364864 0.548534 0.222234 0.241332
1 0.320414 0.467343 0.112500 0.047592
2 0.365104 0.588889 0.196875 0.114815
0 0.852858 0.252900 0.212657 0.232657
1 0.817041 0.172590 0.120188 0.040741
6 0.851562 0.281481 0.184375 0.118519
4 0.829688 0.266667 0.119792 0.066667
0 0.605394 0.262377 0.208674 0.253200
1 0.618312 0.177867 0.162005 0.047912
7 0.606771 0.299074 0.103125 0.131481
6 0.860812 0.833968 0.216250 0.246926
1 0.860812 0.748738 0.112500 0.040741
3 0.861458 0.869444 0.187500 0.138889
7 0.929135 0.741724 0.054605 0.025401
0 0.142116 0.257316 0.219235 0.237014
1 0.119286 0.176144 0.152740 0.042336
7 0.140104 0.289815 0.080208 0.101852
7 0.220191 0.168545 0.038085 0.022434
6 0.624584 0.546692 0.219501 0.236287
1 0.596502 0.463355 0.121280 0.040828
7 0.623437 0.581481 0.090625 0.114815
2 0.609896 0.562963 0.051042 0.062963
6 0.140906 0.563236 0.218398 0.248441
1 0.136787 0.477667 0.112500 0.046729
7 0.138021 0.602778 0.094792 0.120370
6 0.137572 0.826396 0.214477 0.226425
1 0.137572 0.750428 0.112500 0.040741
1 0.138542 0.861111 0.087500 0.111111
6 0.376950 0.261937 0.211407 0.227885
1 0.357503 0.182868 0.151680 0.040827
2 0.376563 0.288889 0.176042 0.118519
6 0.608906 0.839917 0.220571 0.240255
1 0.594533 0.761034 0.147466 0.047508
8 0.607812 0.875926 0.076042 0.096296
3 0.606771 0.880556 0.032292 0.057407
0 0.852681 0.547438 0.221400 0.231903
1 0.854853 0.467984 0.152516 0.046353
2 0.852083 0.584259 0.191667 0.116667
7 0.927353 0.461899 0.047056 0.023788
