1 0.500000 0.069154 0.520000 0.079048
0 0.373328 0.843624 0.216409 0.251367
1 0.335932 0.759964 0.120782 0.046181
2 0.373437 0.877778 0.188542 0.122222
2 0.329167 0.888889 0.077083 0.051852
6 0.380573 0.563614 0.223990 0.243848
1 0.380573 0.482684 0.172570 0.046091
6 0.380729 0.595370 0.196875 0.120370
6 0.385600 0.270609 0.224063 0.250520
1 0.369366 0.180222 0.170762 0.040741
7 0.385417 0.297222 0.114583 0.146296
6 0.856526 0.834608 0.222037 0.254590
1 0.855150 0.748695 0.155912 0.043735
8 0.852604 0.867593 0.101042 0.127778
7 0.930305 0.743668 0.049480 0.035673
0 0.844477 0.545593 0.214843 0.252868
1 0.862816 0.455985 0.125688 0.040741
5 0.843750 0.583333 0.066667 0.133333
3 0.836458 0.572222 0.041667 0.081481
0 0.612568 0.560967 0.218796 0.245736
1 0.612568 0.474303 0.154153 0.041910
4 0.611458 0.599074 0.187500 0.127778
6 0.124242 0.841252 0.209575 0.253076
1 0.124242 0.758955 0.136331 0.050085
2 0.122396 0.874074 0.182292 0.129630
0 0.615496 0.837251 0.212590 0.238644
1 0.615496 0.758088 0.134774 0.043417
2 0.616146 0.870370 0.180208 0.107407
7 0.684149 0.753098 0.050285 0.033299
6 0.872088 0.271373 0.222453 0.235945
1 0.907697 0.187102 0.130403 0.040741
3 0.870833 0.302778 0.195833 0.112963
7 0.823958 0.329630 0.020833 0.025926
0 0.122181 0.270950 0.210096 0.226431
1 0.134661 0.191076 0.112500 0.040741
2 0.119271 0.295370 0.182292 0.120370
7 0.077604 0.327778 0.023958 0.029630
6 0.132855 0.566777 0.215764 0.253670
1 0.107010 0.479353 0.135823 0.042729
5 0.136458 0.594444 0.095833 0.122222
1 0.148438 0.556481 0.021875 0.027778
6 0.627179 0.276593 0.218609 0.233879
1 0.647628 0.195656 0.154815 0.045958
5 0.627083 0.311111 0.087500 0.111111
