1 0.500000 0.051441 0.380000 0.069253
0 0.380960 0.253246 0.222442 0.231631
1 0.348042 0.171868 0.135773 0.041336
6 0.382292 0.285185 0.197917 0.114815
7 0.456709 0.175921 0.045943 0.039943
6 0.859764 0.547559 0.215752 0.235734
1 0.853054 0.469652 0.152366 0.040741
7 0.863021 0.578704 0.088542 0.112963
0 0.133464 0.526267 0.213620 0.227175
1 0.118425 0.451906 0.160475 0.040741
2 0.132292 0.563889 0.179167 0.109259
2 0.096875 0.587037 0.081250 0.055556
6 0.135880 0.809816 0.218383 0.235327
1 0.167837 0.733047 0.133636 0.046729
2 0.134896 0.844444 0.188542 0.125926
7 0.207290 0.725233 0.050564 0.029125
6 0.626288 0.815652 0.221057 0.235069
1 0.626288 0.737268 0.168161 0.040741
4 0.626042 0.848148 0.193750 0.114815
7 0.698080 0.729693 0.052473 0.026115
6 0.383316 0.545593 0.223676 0.237977
1 0.403899 0.462941 0.144005 0.040741
6 0.382812 0.577778 0.196875 0.125926
6 0.413021 0.559259 0.040625 0.051852
0 0.866156 0.257973 0.218654 0.227017
1 0.837174 0.185388 0.139857 0.045171
5 0.867708 0.289815 0.075000 0.094444
6 0.127234 0.261973 0.211676 0.247227
1 0.111205 0.181148 0.141854 0.047275
6 0.125000 0.299074 0.181250 0.112963
8 0.164583 0.325000 0.022917 0.027778
6 0.365882 0.836738 0.222323 0.244548
1 0.339125 0.754553 0.147974 0.040741
2 0.366667 0.868519 0.187500 0.129630
8 0.338021 0.894444 0.026042 0.033333
6 0.628105 0.243815 0.216940 0.229167
1 0.605024 0.163748 0.123157 0.040741
5 0.627604 0.271296 0.086458 0.109259
6 0.848921 0.836906 0.217020 0.229377
1 0.862896 0.759994 0.112500 0.040741
2 0.850000 0.868519 0.191667 0.103704
0 0.622775 0.542982 0.218108 0.247136
1 0.622453 0.460794 0.161170 0.042405
2 0.623437 0.573148 0.188542 0.127778
5 0.563021 0.543519 0.036458 0.046296
7 0.700655 0.457140 0.037348 0.038415
