1 0.500000 0.083901 0.380000 0.079146
0 0.128819 0.831417 0.213500 0.225933
1 0.128819 0.758984 0.114029 0.041899
6 0.126562 0.862037 0.184375 0.109259
7 0.193421 0.751049 0.059296 0.028161
6 0.859498 0.821938 0.220087 0.249817
1 0.891236 0.737790 0.127213 0.047943
2 0.858854 0.858333 0.194792 0.131481
0 0.141100 0.526926 0.208676 0.229563
1 0.133673 0.449902 0.112500 0.040741
5 0.139583 0.559259 0.079167 0.100000
6 0.850711 0.547809 0.215870 0.227687
1 0.850711 0.474361 0.160500 0.040741
6 0.849479 0.577778 0.192708 0.103704
7 0.913715 0.466704 0.064862 0.028439
0 0.610627 0.818811 0.209389 0.242585
1 0.610627 0.739730 0.163160 0.046585
5 0.613021 0.857407 0.090625 0.114815
6 0.598958 0.851852 0.043750 0.055556
6 0.379150 0.538568 0.225188 0.242684
1 0.379150 0.458630 0.127424 0.044891
2 0.380208 0.569444 0.202083 0.127778
5 0.320833 0.606481 0.018750 0.038889
6 0.138227 0.269961 0.215910 0.230195
1 0.137936 0.194389 0.154418 0.042457
7 0.141667 0.310185 0.075000 0.094444
2 0.156771 0.287963 0.040625 0.038889
6 0.854702 0.257844 0.212717 0.228130
1 0.815010 0.183798 0.112500 0.040741
8 0.855208 0.283333 0.079167 0.100000
3 0.865625 0.279630 0.047917 0.044444
7 0.923357 0.180879 0.050408 0.037164
0 0.626896 0.538771 0.214833 0.233470
1 0.591509 0.459872 0.123227 0.041762
7 0.629687 0.565741 0.090625 0.116667
0 0.383052 0.812691 0.226278 0.241557
1 0.390623 0.728472 0.168082 0.040741
8 0.382812 0.845370 0.088542 0.112963
6 0.610575 0.260650 0.225639 0.245247
1 0.610575 0.173728 0.121944 0.044302
2 0.609375 0.287963 0.195833 0.124074
6 0.635417 0.291667 0.054167 0.068519
6 0.376928 0.274612 0.216666 0.228336
1 0.336936 0.195117 0.115848 0.040741
6 0.378646 0.297222 0.190625 0.116667
7 0.441293 0.190290 0.062936 0.022654
