1 0.500000 0.072222 0.440000 0.077778
0 0.490762 0.544894 0.297424 0.252295
1 0.425685 0.459263 0.135975 0.040741
2 0.490625 0.572222 0.272917 0.159259
0 0.171295 0.828374 0.295230 0.241501
1 0.171295 0.741117 0.160699 0.040741
2 0.171354 0.855556 0.269792 0.148148
0 0.174853 0.269493 0.300618 0.249491
1 0.174853 0.179585 0.185479 0.040741
2 0.174479 0.297222 0.276042 0.157407
6 0.497982 0.270089 0.300998 0.249561
1 0.497982 0.183859 0.179336 0.041672
5 0.497917 0.298148 0.110417 0.140741
0 0.500259 0.837049 0.305861 0.248303
1 0.500259 0.752640 0.143605 0.041711
2 0.500000 0.864815 0.281250 0.155556
6 0.815800 0.545930 0.298691 0.248447
1 0.815800 0.457203 0.162261 0.040741
6 0.816146 0.574074 0.273958 0.155556
0 0.824453 0.257997 0.305868 0.239538
1 0.835921 0.171568 0.238495 0.040741
2 0.823958 0.286111 0.281250 0.146296
0 0.173375 0.549899 0.305733 0.252000
1 0.192352 0.462664 0.234381 0.043728
2 0.172917 0.579630 0.281250 0.155556
7 0.284181 0.460400 0.059121 0.035965
