1 0.500000 0.072222 0.440000 0.077778
6 0.177405 0.552942 0.303195 0.245328
1 0.120709 0.469191 0.135134 0.040741
1 0.177604 0.580556 0.269792 0.020370
6 0.169361 0.821473 0.296679 0.237892
1 0.130284 0.737185 0.182225 0.040741
7 0.169271 0.849074 0.107292 0.135185
7 0.267863 0.740070 0.074676 0.038050
6 0.495087 0.550780 0.304695 0.254772
1 0.483498 0.468871 0.234922 0.050354
2 0.495312 0.583333 0.280208 0.151852
6 0.818834 0.547669 0.299000 0.254264
1 0.818834 0.459540 0.134662 0.040741
8 0.819271 0.575926 0.113542 0.144444
0 0.497920 0.842152 0.296339 0.255485
1 0.497920 0.754848 0.153972 0.043195
3 0.497917 0.871296 0.270833 0.161111
6 0.174963 0.269200 0.304866 0.239574
1 0.174963 0.186030 0.234990 0.043718
2 0.174479 0.298148 0.280208 0.144444
0 0.491377 0.260153 0.296007 0.238606
1 0.491377 0.183093 0.162613 0.047658
2 0.491667 0.291667 0.270833 0.138889
6 0.818581 0.268492 0.296482 0.251503
1 0.818581 0.179616 0.152226 0.040741
2 0.818229 0.296296 0.271875 0.159259
