1 0.500000 0.072222 0.440000 0.077778
6 0.818326 0.544875 0.295569 0.239183
1 0.848559 0.467596 0.158417 0.044287
1 0.818750 0.574074 0.102083 0.129630
7 0.921640 0.461706 0.063941 0.035808
6 0.172236 0.261463 0.294498 0.246789
1 0.189257 0.178061 0.212275 0.040741
4 0.172396 0.289815 0.269792 0.153704
7 0.283414 0.167943 0.047143 0.022713
6 0.497576 0.836018 0.302051 0.251015
1 0.497576 0.748231 0.135235 0.049050
2 0.497917 0.867593 0.277083 0.150000
6 0.496246 0.258937 0.300507 0.240767
1 0.502469 0.172454 0.221559 0.040741
7 0.495833 0.286111 0.114583 0.146296
6 0.173246 0.544648 0.301528 0.244096
1 0.173246 0.459643 0.229586 0.040871
2 0.173437 0.572222 0.276042 0.151852
7 0.287187 0.454210 0.048647 0.026182
6 0.821301 0.272936 0.299161 0.252867
1 0.821301 0.181066 0.141254 0.043053
7 0.821354 0.301852 0.113542 0.144444
0 0.178872 0.821095 0.301876 0.238707
1 0.178872 0.740296 0.217178 0.040741
6 0.179167 0.849074 0.277083 0.146296
7 0.271502 0.736322 0.091615 0.032125
6 0.496765 0.543000 0.304686 0.248555
1 0.496765 0.460739 0.215908 0.047278
3 0.496875 0.573148 0.279167 0.150000
