1 0.500000 0.072222 0.440000 0.077778
6 0.168508 0.825846 0.295028 0.241965
1 0.154389 0.744356 0.181188 0.044890
1 0.168750 0.855556 0.110417 0.140741
6 0.175671 0.260956 0.304243 0.237887
1 0.217836 0.182786 0.161661 0.046272
6 0.176042 0.291667 0.279167 0.138889
6 0.820320 0.262209 0.298581 0.242323
1 0.820320 0.181643 0.202324 0.041225
6 0.820312 0.289815 0.273958 0.150000
6 0.496755 0.823204 0.306792 0.239480
1 0.458097 0.739678 0.170762 0.040741
2 0.496354 0.850926 0.282292 0.146296
0 0.499758 0.546662 0.300262 0.255295
1 0.499758 0.459070 0.221109 0.042989
2 0.500000 0.575000 0.275000 0.161111
6 0.820199 0.554994 0.302984 0.252233
1 0.839702 0.472055 0.185338 0.047295
3 0.820312 0.586111 0.278125 0.153704
6 0.497867 0.258118 0.294815 0.238795
1 0.517043 0.177865 0.188528 0.040741
2 0.497396 0.286111 0.269792 0.146296
0 0.176554 0.545231 0.299179 0.248892
1 0.169630 0.456495 0.228374 0.045156
2 0.176563 0.575926 0.273958 0.151852
