1 0.500000 0.072222 0.440000 0.077778
0 0.501186 0.268175 0.299114 0.252615
1 0.501186 0.179936 0.225459 0.040741
5 0.501563 0.296296 0.119792 0.151852
6 0.816147 0.264032 0.298940 0.253556
1 0.816147 0.174261 0.171547 0.045368
7 0.816667 0.294444 0.114583 0.144444
6 0.175068 0.269822 0.301289 0.253840
1 0.175068 0.182495 0.140457 0.040741
2 0.175521 0.297222 0.276042 0.161111
0 0.813519 0.555942 0.298680 0.249034
1 0.798607 0.468243 0.187720 0.042867
6 0.813021 0.584259 0.273958 0.153704
7 0.907081 0.462769 0.086556 0.025651
6 0.493777 0.546924 0.298139 0.241974
1 0.510334 0.460990 0.226515 0.040741
4 0.493750 0.575000 0.272917 0.150000
0 0.490974 0.827239 0.294692 0.238220
1 0.515309 0.750201 0.213880 0.043806
2 0.491146 0.856481 0.269792 0.142593
7 0.582329 0.740504 0.086981 0.027713
6 0.171724 0.823846 0.295520 0.241974
1 0.171724 0.741096 0.174626 0.042603
2 0.171875 0.851852 0.270833 0.148148
0 0.172055 0.545917 0.297174 0.252125
1 0.172055 0.464047 0.218180 0.047811
2 0.172396 0.577778 0.271875 0.151852
