1 0.500000 0.072222 0.440000 0.077778
0 0.811642 0.262946 0.297166 0.249653
1 0.811642 0.171869 0.189305 0.040741
7 0.811979 0.289815 0.115625 0.146296
6 0.495632 0.256732 0.297911 0.237959
1 0.495841 0.180070 0.147868 0.045455
7 0.495833 0.287037 0.108333 0.137037
7 0.600939 0.171194 0.062298 0.029846
0 0.176903 0.551365 0.301387 0.238634
1 0.176903 0.466961 0.160904 0.040741
8 0.176563 0.578704 0.111458 0.142593
6 0.496092 0.556429 0.299574 0.253955
1 0.526374 0.463627 0.139909 0.040741
2 0.495833 0.584259 0.275000 0.161111
0 0.811230 0.543218 0.295890 0.248858
1 0.818616 0.460971 0.143238 0.044628
1 0.811458 0.572222 0.116667 0.148148
0 0.173263 0.827382 0.297225 0.241030
1 0.188792 0.744822 0.188260 0.042112
2 0.173437 0.856481 0.271875 0.146296
0 0.175494 0.256602 0.305030 0.238639
1 0.132180 0.171354 0.181826 0.040741
7 0.175000 0.284259 0.100000 0.127778
6 0.491377 0.839251 0.294657 0.250533
1 0.438984 0.750611 0.149858 0.045458
4 0.491146 0.869444 0.269792 0.153704
