1 0.500000 0.072222 0.440000 0.077778
0 0.170672 0.546139 0.300782 0.241961
1 0.170672 0.462656 0.233282 0.041132
6 0.170313 0.574074 0.276042 0.148148
6 0.178887 0.835063 0.303860 0.251858
1 0.205086 0.749241 0.183913 0.040741
2 0.179167 0.862963 0.279167 0.159259
0 0.812585 0.265698 0.295395 0.255094
1 0.812585 0.174194 0.130402 0.045944
5 0.813021 0.296296 0.073958 0.148148
6 0.490530 0.551021 0.297713 0.247710
1 0.490530 0.464949 0.203553 0.046073
4 0.490625 0.580556 0.272917 0.150000
6 0.173900 0.267460 0.299258 0.240863
1 0.173900 0.181918 0.195591 0.040741
2 0.173437 0.294444 0.273958 0.148148
0 0.496098 0.833254 0.300049 0.237771
1 0.453188 0.750445 0.157374 0.045316
8 0.496354 0.862963 0.101042 0.129630
6 0.496372 0.272040 0.301980 0.243661
1 0.496372 0.186151 0.193540 0.040741
7 0.496875 0.299074 0.112500 0.142593
0 0.823881 0.549327 0.306540 0.247820
1 0.823881 0.463666 0.135784 0.040741
7 0.823958 0.576852 0.110417 0.138889
