1 0.500000 0.072222 0.440000 0.077778
6 0.177711 0.825742 0.295324 0.250258
1 0.177711 0.739951 0.148962 0.049846
2 0.178125 0.857407 0.270833 0.148148
0 0.816853 0.262568 0.300619 0.247177
1 0.790300 0.181608 0.223803 0.047976
4 0.817187 0.294444 0.276042 0.148148
6 0.179615 0.548549 0.303482 0.244357
1 0.179615 0.464142 0.181396 0.047625
7 0.179688 0.580556 0.101042 0.127778
0 0.494640 0.826658 0.306071 0.249549
1 0.494640 0.742422 0.181261 0.048304
6 0.494792 0.858333 0.281250 0.150000
7 0.596776 0.735882 0.076799 0.030960
6 0.493404 0.276222 0.297874 0.250599
1 0.493404 0.190497 0.215425 0.048294
7 0.493229 0.307407 0.107292 0.137037
7 0.599644 0.181560 0.060393 0.024237
6 0.494372 0.541006 0.300683 0.240104
1 0.494372 0.458859 0.211183 0.043850
3 0.494271 0.570370 0.276042 0.144444
0 0.820352 0.556520 0.306339 0.253666
1 0.820352 0.463482 0.138910 0.041297
6 0.820833 0.584259 0.281250 0.161111
6 0.168606 0.278630 0.297326 0.255427
1 0.168606 0.184948 0.221993 0.040741
2 0.168229 0.305556 0.271875 0.162963
