1 0.500000 0.072222 0.440000 0.077778
0 0.171808 0.273837 0.303656 0.251848
1 0.171808 0.187351 0.168414 0.042630
6 0.171875 0.302778 0.279167 0.157407
0 0.175611 0.822001 0.298696 0.237918
1 0.195147 0.745022 0.192780 0.045352
8 0.176042 0.851852 0.102083 0.129630
6 0.491684 0.838163 0.295211 0.254971
1 0.491684 0.751578 0.164305 0.046243
6 0.492188 0.869444 0.269792 0.157407
0 0.816241 0.545552 0.301465 0.246886
1 0.816241 0.459108 0.156582 0.040741
2 0.816146 0.573148 0.276042 0.153704
7 0.922080 0.452937 0.064787 0.024618
0 0.501268 0.544428 0.305571 0.238981
1 0.501268 0.464330 0.136361 0.047500
3 0.501563 0.575000 0.280208 0.138889
0 0.497245 0.265765 0.303174 0.243411
1 0.494160 0.179420 0.200629 0.040741
8 0.496875 0.293519 0.118750 0.150000
0 0.178850 0.543230 0.306840 0.244227
1 0.159315 0.455781 0.209063 0.042759
2 0.178646 0.571296 0.282292 0.150000
7 0.278830 0.458288 0.081879 0.037306
0 0.815850 0.269601 0.296773 0.237180
1 0.815850 0.190140 0.209505 0.040741
5 0.815625 0.297222 0.112500 0.142593
