1 0.500000 0.072222 0.440000 0.077778
0 0.180059 0.834148 0.301242 0.247917
1 0.194658 0.751002 0.178604 0.044126
7 0.179688 0.863889 0.109375 0.138889
6 0.496510 0.834614 0.305622 0.247432
1 0.515667 0.749052 0.213105 0.040741
1 0.496875 0.862037 0.114583 0.146296
6 0.177259 0.550558 0.299659 0.240030
1 0.198356 0.470700 0.188486 0.040741
7 0.177083 0.577778 0.114583 0.144444
6 0.816646 0.257054 0.302957 0.238527
1 0.819149 0.179135 0.209473 0.042564
2 0.816146 0.285185 0.278125 0.144444
6 0.820524 0.546645 0.298439 0.246169
1 0.820524 0.463318 0.177010 0.048086
4 0.820312 0.578704 0.273958 0.146296
7 0.915407 0.457523 0.083673 0.030889
6 0.180365 0.273082 0.302751 0.245766
1 0.180365 0.188840 0.138945 0.046010
2 0.180729 0.303704 0.278125 0.148148
6 0.496991 0.543409 0.296729 0.239240
1 0.467443 0.459088 0.174565 0.040741
2 0.497396 0.571296 0.271875 0.146296
7 0.607229 0.457874 0.051253 0.031133
0 0.497520 0.270529 0.300681 0.242835
1 0.510432 0.184378 0.231795 0.042502
7 0.497917 0.299074 0.112500 0.142593
