1 0.500000 0.072222 0.440000 0.077778
0 0.817468 0.270416 0.299011 0.250179
1 0.817468 0.180925 0.206128 0.045162
2 0.817187 0.300926 0.273958 0.153704
7 0.913896 0.177255 0.081155 0.026821
6 0.178695 0.550151 0.297931 0.239275
1 0.178695 0.467440 0.142364 0.040741
2 0.179167 0.578704 0.272917 0.146296
7 0.282326 0.465006 0.065669 0.031947
6 0.814713 0.547639 0.300594 0.254725
1 0.814713 0.459957 0.209846 0.040741
2 0.815104 0.575926 0.276042 0.162963
7 0.921270 0.453483 0.062480 0.029376
6 0.494936 0.268083 0.306800 0.251262
1 0.494936 0.183400 0.205912 0.050062
7 0.494792 0.300926 0.106250 0.135185
6 0.180257 0.272613 0.300965 0.250029
1 0.135165 0.186678 0.168334 0.043459
2 0.180729 0.301852 0.276042 0.155556
6 0.500895 0.552657 0.304136 0.245985
1 0.500895 0.471621 0.202824 0.043209
4 0.501042 0.582407 0.279167 0.150000
6 0.179106 0.841084 0.305215 0.255551
1 0.157243 0.752427 0.232974 0.042394
2 0.178646 0.869444 0.280208 0.161111
0 0.495415 0.820958 0.302963 0.239124
1 0.487442 0.734905 0.229968 0.040741
5 0.495312 0.848148 0.101042 0.129630
