1 0.500000 0.072222 0.440000 0.077778
0 0.818127 0.263652 0.305547 0.243411
1 0.851145 0.178400 0.164283 0.040741
5 0.818229 0.291667 0.117708 0.150000
0 0.178515 0.263497 0.302636 0.245833
1 0.178515 0.177760 0.166031 0.046653
6 0.178646 0.294444 0.278125 0.148148
7 0.286472 0.174431 0.061722 0.030664
6 0.173986 0.556954 0.302591 0.250339
1 0.173986 0.476324 0.180786 0.049529
2 0.173958 0.588889 0.277083 0.148148
0 0.176764 0.828133 0.300694 0.251679
1 0.176764 0.738003 0.178741 0.041796
2 0.176563 0.856481 0.276042 0.157407
0 0.498413 0.551017 0.299403 0.246399
1 0.498413 0.470104 0.176797 0.045947
7 0.498437 0.581481 0.113542 0.144444
0 0.813982 0.541489 0.301998 0.245630
1 0.787068 0.458451 0.225083 0.040741
2 0.813542 0.569444 0.277083 0.153704
6 0.496830 0.832307 0.301764 0.246754
1 0.496830 0.749929 0.221546 0.045737
4 0.496875 0.862037 0.277083 0.150000
6 0.497838 0.278515 0.296500 0.255187
1 0.497838 0.190125 0.215659 0.050874
7 0.497396 0.312037 0.117708 0.150000
