1 0.500000 0.072222 0.440000 0.077778
6 0.810856 0.551316 0.294793 0.238171
1 0.810856 0.468096 0.146230 0.040741
8 0.810937 0.578704 0.107292 0.135185
6 0.826220 0.268785 0.306142 0.247322
1 0.826220 0.185139 0.187380 0.046552
2 0.826042 0.300000 0.281250 0.148148
0 0.494590 0.258671 0.304740 0.237763
1 0.443802 0.178764 0.165104 0.040741
2 0.494271 0.287037 0.280208 0.144444
6 0.175463 0.272317 0.305649 0.251134
1 0.175463 0.185494 0.137658 0.040741
2 0.175521 0.300000 0.280208 0.159259
7 0.271604 0.183531 0.088368 0.036526
0 0.493829 0.549416 0.299426 0.240166
1 0.493829 0.466880 0.149125 0.045873
2 0.494271 0.580556 0.273958 0.142593
6 0.175882 0.554228 0.299603 0.252161
1 0.175882 0.465870 0.182673 0.040741
2 0.176042 0.581481 0.275000 0.159259
6 0.170001 0.831212 0.294622 0.254942
1 0.149624 0.741982 0.209028 0.040741
5 0.169792 0.859259 0.116667 0.148148
0 0.498358 0.836994 0.297435 0.251491
1 0.498358 0.747895 0.220659 0.040741
7 0.498437 0.864815 0.115625 0.148148
7 0.588846 0.742099 0.091459 0.024665
