1 0.500000 0.072222 0.440000 0.077778
6 0.493890 0.833234 0.304432 0.240408
1 0.493890 0.750042 0.145658 0.040741
2 0.493750 0.861111 0.279167 0.148148
6 0.495221 0.549882 0.298082 0.255461
1 0.484622 0.460250 0.223320 0.048319
2 0.494792 0.581481 0.272917 0.155556
6 0.818472 0.264895 0.306092 0.239925
1 0.818472 0.179941 0.165040 0.040741
8 0.818229 0.292593 0.111458 0.140741
6 0.814262 0.539401 0.300951 0.241063
1 0.807864 0.457419 0.176318 0.040741
1 0.814063 0.567593 0.111458 0.142593
0 0.490054 0.264126 0.295904 0.242903
1 0.490054 0.179439 0.182326 0.041077
2 0.489583 0.291667 0.270833 0.150000
0 0.178116 0.272792 0.299077 0.242619
1 0.169558 0.188375 0.227816 0.040741
7 0.178125 0.300000 0.108333 0.137037
0 0.173975 0.554101 0.296183 0.253583
1 0.193953 0.462469 0.142483 0.043381
2 0.173958 0.583333 0.270833 0.159259
6 0.180447 0.831751 0.301302 0.241096
1 0.186324 0.751285 0.191974 0.043604
2 0.180729 0.860185 0.276042 0.146296
7 0.291883 0.744155 0.053432 0.028866
