1 0.500000 0.072222 0.440000 0.077778
0 0.177663 0.273456 0.301498 0.254700
1 0.164799 0.183737 0.167039 0.040741
6 0.177604 0.301852 0.276042 0.162963
0 0.178241 0.547483 0.305750 0.244006
1 0.115196 0.461464 0.147183 0.040741
5 0.178646 0.575926 0.107292 0.137037
6 0.170688 0.833777 0.296148 0.245974
1 0.170688 0.748891 0.179801 0.041162
5 0.170313 0.861111 0.148958 0.148148
7 0.274474 0.746050 0.063576 0.033482
6 0.494838 0.828118 0.302653 0.251836
1 0.446901 0.735629 0.137182 0.040741
7 0.495312 0.855556 0.113542 0.144444
6 0.816328 0.259363 0.300653 0.241289
1 0.853171 0.177391 0.160920 0.040741
8 0.816667 0.287037 0.104167 0.133333
0 0.500084 0.267092 0.297384 0.249076
1 0.500084 0.183382 0.206585 0.046633
2 0.500521 0.297222 0.271875 0.150000
6 0.496461 0.556421 0.299468 0.250235
1 0.496461 0.469229 0.135218 0.040741
4 0.496354 0.584259 0.273958 0.157407
0 0.823833 0.559624 0.303277 0.255119
1 0.844070 0.470182 0.229374 0.049464
7 0.823958 0.592593 0.110417 0.140741
