1 0.500000 0.072222 0.440000 0.077778
6 0.817909 0.548223 0.299710 0.248880
1 0.817909 0.463160 0.137265 0.044613
7 0.818229 0.578704 0.115625 0.146296
7 0.917714 0.454102 0.075101 0.023600
0 0.180716 0.552727 0.302940 0.251635
1 0.123030 0.464544 0.162753 0.043677
7 0.180729 0.581481 0.107292 0.137037
6 0.818594 0.272220 0.301520 0.254815
1 0.818594 0.185103 0.182513 0.045440
3 0.818229 0.302778 0.276042 0.157407
6 0.493343 0.265598 0.295968 0.251586
1 0.493343 0.180589 0.184950 0.041974
2 0.493750 0.293519 0.270833 0.157407
7 0.598823 0.177152 0.060009 0.037656
6 0.496072 0.823339 0.304056 0.240242
1 0.541751 0.741333 0.172688 0.040741
2 0.495833 0.851852 0.279167 0.148148
6 0.173822 0.841402 0.306091 0.255344
1 0.163465 0.755702 0.227024 0.045403
2 0.173958 0.871296 0.281250 0.157407
6 0.178302 0.266419 0.303992 0.244351
1 0.130717 0.181637 0.137497 0.040741
2 0.178125 0.294444 0.279167 0.151852
6 0.498707 0.546111 0.304507 0.241302
1 0.524594 0.461290 0.184157 0.043508
7 0.498958 0.575000 0.112500 0.142593
