1 0.500000 0.072222 0.440000 0.077778
0 0.815158 0.557417 0.303968 0.254291
1 0.815158 0.464768 0.174260 0.040741
2 0.815625 0.586111 0.279167 0.161111
0 0.503681 0.540037 0.305158 0.239881
1 0.503681 0.458065 0.228201 0.045413
6 0.503646 0.569444 0.280208 0.142593
0 0.818586 0.269276 0.302243 0.250345
1 0.818586 0.181648 0.157380 0.047018
6 0.818750 0.300000 0.277083 0.151852
0 0.494053 0.262428 0.300220 0.240798
1 0.496498 0.183836 0.231930 0.045380
6 0.493750 0.292593 0.275000 0.144444
6 0.173413 0.547045 0.304456 0.238017
1 0.173413 0.467512 0.155988 0.041268
2 0.172917 0.575926 0.279167 0.144444
6 0.502361 0.826401 0.301261 0.252631
1 0.502361 0.736716 0.170700 0.040741
2 0.502604 0.853704 0.276042 0.159259
7 0.598403 0.733286 0.084177 0.029364
6 0.175952 0.264936 0.297931 0.241045
1 0.175952 0.184197 0.149495 0.045872
5 0.175521 0.295370 0.109375 0.138889
0 0.178620 0.832363 0.296906 0.245622
1 0.178620 0.750256 0.217224 0.041023
1 0.178646 0.861111 0.107292 0.137037
