1 0.500000 0.072222 0.440000 0.077778
0 0.173130 0.267974 0.303934 0.238519
1 0.173130 0.185384 0.160111 0.040741
2 0.172917 0.295370 0.279167 0.146296
7 0.266597 0.182483 0.092001 0.030499
0 0.500747 0.551135 0.304818 0.254265
1 0.482448 0.460104 0.231095 0.041343
3 0.500521 0.578704 0.280208 0.161111
6 0.177752 0.543383 0.297630 0.245504
1 0.156514 0.455655 0.175413 0.042090
6 0.178125 0.572222 0.272917 0.151852
6 0.820013 0.263028 0.306844 0.238457
1 0.820013 0.181168 0.138323 0.040741
7 0.819792 0.290741 0.110417 0.140741
7 0.928541 0.177186 0.064789 0.029738
0 0.496495 0.822466 0.298426 0.242942
1 0.520878 0.736685 0.164251 0.040741
2 0.496875 0.850926 0.272917 0.150000
6 0.177535 0.838384 0.301350 0.250505
1 0.177535 0.753757 0.205654 0.047751
8 0.177604 0.869444 0.109375 0.138889
7 0.269438 0.750645 0.092545 0.037989
6 0.494994 0.265671 0.298964 0.248571
1 0.494994 0.183591 0.153512 0.046710
2 0.495312 0.297222 0.273958 0.150000
7 0.601764 0.175059 0.060423 0.030311
0 0.814722 0.552198 0.299268 0.243209
1 0.814722 0.468743 0.233180 0.040741
5 0.814583 0.579630 0.110417 0.140741
