1 0.500000 0.072222 0.440000 0.077778
6 0.811159 0.267989 0.295321 0.239777
1 0.747043 0.188907 0.145892 0.046776
1 0.811458 0.299074 0.262500 0.020370
0 0.498799 0.546886 0.304999 0.241649
1 0.498799 0.461728 0.179849 0.040741
2 0.498437 0.574074 0.280208 0.148148
6 0.176125 0.543228 0.298223 0.245797
1 0.173036 0.459990 0.160923 0.040741
6 0.176042 0.571296 0.272917 0.153704
0 0.171427 0.826227 0.298892 0.244647
1 0.171427 0.740082 0.157586 0.045879
2 0.171354 0.856481 0.273958 0.146296
0 0.499676 0.265806 0.302709 0.242056
1 0.528283 0.180676 0.223791 0.042279
4 0.499479 0.294444 0.278125 0.148148
0 0.820841 0.551820 0.299455 0.248389
1 0.809561 0.466539 0.197324 0.040741
2 0.821354 0.579630 0.273958 0.155556
6 0.500187 0.832646 0.304800 0.248136
1 0.500187 0.747546 0.144485 0.040741
3 0.500521 0.861111 0.280208 0.155556
7 0.600990 0.746396 0.078194 0.038599
0 0.177703 0.278110 0.306725 0.253497
1 0.177703 0.194200 0.204441 0.046891
2 0.178125 0.309259 0.281250 0.155556
