1 0.500000 0.072222 0.440000 0.077778
0 0.177725 0.832311 0.302063 0.251556
1 0.177725 0.743470 0.184416 0.044048
7 0.177604 0.862037 0.109375 0.138889
7 0.268925 0.736606 0.094662 0.023109
6 0.820987 0.264873 0.298324 0.240489
1 0.841445 0.182018 0.150804 0.041317
5 0.820833 0.293519 0.108333 0.138889
7 0.930548 0.178530 0.054202 0.030765
6 0.180342 0.269552 0.300339 0.245373
1 0.136011 0.182149 0.180645 0.040741
2 0.180208 0.297222 0.275000 0.153704
6 0.493597 0.549232 0.300222 0.243339
1 0.495054 0.465283 0.231868 0.048146
2 0.493750 0.580556 0.275000 0.142593
0 0.502262 0.270983 0.302555 0.239286
1 0.476760 0.187274 0.214086 0.040741
4 0.502083 0.299074 0.277083 0.146296
0 0.493867 0.822069 0.298733 0.239729
1 0.493867 0.736795 0.204009 0.040741
2 0.494271 0.849074 0.273958 0.146296
6 0.815963 0.553297 0.305293 0.252541
1 0.815963 0.466336 0.230896 0.040741
2 0.816146 0.581481 0.280208 0.159259
6 0.174669 0.552799 0.298811 0.241553
1 0.174669 0.474968 0.199566 0.047564
2 0.174479 0.584259 0.273958 0.142593
