1 0.500000 0.072222 0.440000 0.077778
6 0.821389 0.258547 0.299388 0.242926
1 0.821389 0.174910 0.181302 0.044130
1 0.821875 0.287963 0.268750 0.020370
6 0.176224 0.835603 0.303875 0.249371
1 0.157784 0.750128 0.231326 0.040741
2 0.176042 0.863889 0.279167 0.157407
6 0.501751 0.840743 0.305853 0.253261
1 0.501751 0.747669 0.180430 0.040741
5 0.502083 0.869444 0.112500 0.142593
6 0.817311 0.552895 0.297305 0.240828
1 0.817311 0.470648 0.176584 0.040741
3 0.817187 0.581481 0.271875 0.148148
6 0.500975 0.269871 0.301000 0.254974
1 0.500975 0.183245 0.168148 0.042456
7 0.501042 0.299074 0.108333 0.138889
7 0.592679 0.177974 0.092593 0.034142
0 0.169347 0.543757 0.296810 0.241891
1 0.169347 0.459669 0.160102 0.047299
6 0.169271 0.575000 0.271875 0.142593
0 0.172230 0.270942 0.303331 0.251290
1 0.238680 0.182733 0.138379 0.040741
8 0.171875 0.299074 0.120833 0.153704
0 0.496436 0.551234 0.303038 0.245619
1 0.496436 0.462312 0.213282 0.040741
2 0.496354 0.578704 0.278125 0.153704
