1 0.500000 0.072222 0.440000 0.077778
0 0.181755 0.837610 0.303567 0.248333
1 0.181755 0.758264 0.188237 0.049649
2 0.181771 0.869444 0.278125 0.146296
6 0.174495 0.541583 0.300778 0.245186
1 0.174495 0.457321 0.228639 0.041389
2 0.174479 0.570370 0.276042 0.151852
0 0.490585 0.840666 0.297732 0.253436
1 0.527483 0.757839 0.166695 0.047072
4 0.490625 0.871296 0.272917 0.153704
6 0.815080 0.546522 0.297923 0.248932
1 0.815080 0.466025 0.203979 0.047341
2 0.814583 0.576852 0.272917 0.150000
7 0.905458 0.455338 0.092165 0.029529
0 0.822773 0.270189 0.301342 0.244982
1 0.822773 0.184177 0.139169 0.041008
8 0.822396 0.297222 0.107292 0.135185
7 0.915145 0.185708 0.091598 0.038982
6 0.179997 0.258242 0.305590 0.240527
1 0.179997 0.172737 0.192582 0.040741
4 0.179688 0.285185 0.280208 0.148148
6 0.493862 0.264295 0.296375 0.254455
1 0.493862 0.173013 0.203345 0.040741
2 0.494271 0.291667 0.271875 0.161111
7 0.588393 0.168983 0.082314 0.026795
0 0.495115 0.552935 0.300630 0.248439
1 0.495115 0.463004 0.194928 0.040741
1 0.494792 0.580556 0.106250 0.135185
7 0.602305 0.459850 0.061250 0.025232
