1 0.500000 0.072222 0.440000 0.077778
0 0.170418 0.557500 0.298310 0.252477
1 0.170418 0.468631 0.168984 0.047601
6 0.170833 0.587963 0.272917 0.153704
7 0.279549 0.461692 0.055048 0.023822
6 0.813403 0.272192 0.298315 0.252251
1 0.750334 0.183648 0.136331 0.040741
5 0.813021 0.299074 0.111458 0.142593
0 0.495449 0.273436 0.303436 0.244576
1 0.446112 0.192542 0.151725 0.042655
5 0.495833 0.302778 0.112500 0.142593
7 0.609285 0.189823 0.050765 0.040312
6 0.496852 0.555312 0.304685 0.245344
1 0.496852 0.473353 0.232399 0.042636
3 0.496875 0.584259 0.279167 0.150000
6 0.171738 0.271547 0.301900 0.246723
1 0.171738 0.183423 0.172833 0.040741
8 0.171354 0.299074 0.117708 0.150000
7 0.268942 0.186561 0.082493 0.039713
0 0.498921 0.834980 0.294650 0.249744
1 0.498921 0.750168 0.172492 0.040741
2 0.498437 0.862037 0.269792 0.157407
6 0.816463 0.550211 0.301700 0.243533
1 0.816463 0.464415 0.184340 0.040741
2 0.816667 0.577778 0.277083 0.151852
7 0.910406 0.465923 0.088813 0.037922
6 0.176611 0.836193 0.304183 0.254220
1 0.176611 0.746609 0.227406 0.040741
2 0.177083 0.863889 0.279167 0.161111
