1 0.500000 0.072222 0.440000 0.077778
0 0.815921 0.555964 0.302122 0.254396
1 0.802428 0.466193 0.220359 0.047451
5 0.816146 0.587037 0.115625 0.148148
7 0.918889 0.467541 0.071186 0.040512
0 0.498773 0.276883 0.301800 0.250760
1 0.498773 0.189554 0.144805 0.040741
2 0.498958 0.304630 0.277083 0.157407
6 0.170545 0.541337 0.295027 0.240946
1 0.170545 0.464191 0.142542 0.047307
7 0.170313 0.572222 0.105208 0.133333
6 0.179089 0.825344 0.305367 0.242034
1 0.208732 0.742694 0.214777 0.048013
2 0.178646 0.856481 0.280208 0.142593
0 0.174852 0.273025 0.301297 0.242469
1 0.138802 0.191546 0.145145 0.044318
2 0.174479 0.302778 0.276042 0.146296
0 0.498348 0.830103 0.306914 0.237847
1 0.471536 0.752200 0.190443 0.047244
5 0.498437 0.862037 0.101042 0.127778
6 0.498659 0.547742 0.304829 0.250417
1 0.498659 0.461568 0.153132 0.040741
4 0.498437 0.575000 0.280208 0.157407
6 0.813882 0.266726 0.301125 0.248101
1 0.813882 0.179946 0.217052 0.047602
6 0.814063 0.298148 0.276042 0.148148
7 0.916932 0.178471 0.070025 0.034555
