1 0.500000 0.072222 0.440000 0.077778
0 0.177833 0.550811 0.301726 0.244396
1 0.177833 0.465937 0.165455 0.040741
7 0.178125 0.577778 0.114583 0.144444
0 0.498367 0.541326 0.303086 0.242770
1 0.498367 0.454408 0.153862 0.040741
2 0.498437 0.569444 0.278125 0.150000
7 0.610630 0.452356 0.053560 0.027794
6 0.818771 0.263164 0.305423 0.237471
1 0.858703 0.182171 0.184452 0.045066
6 0.819271 0.292593 0.280208 0.140741
0 0.492504 0.822452 0.296248 0.239381
1 0.517067 0.737495 0.133917 0.040741
7 0.492708 0.850000 0.108333 0.137037
6 0.175266 0.269644 0.304009 0.252783
1 0.192847 0.179950 0.225537 0.044737
2 0.175000 0.300000 0.279167 0.155556
0 0.815125 0.545071 0.303895 0.246853
1 0.815125 0.463222 0.204089 0.048251
7 0.815104 0.576852 0.109375 0.138889
6 0.179780 0.835238 0.299768 0.249622
1 0.197798 0.751578 0.193536 0.042058
5 0.180208 0.863889 0.108333 0.138889
7 0.287573 0.741543 0.059182 0.025196
0 0.493178 0.272371 0.296698 0.244648
1 0.493178 0.189936 0.140389 0.045426
1 0.492708 0.302778 0.106250 0.135185
