1 0.500000 0.072222 0.440000 0.077778
6 0.175932 0.269588 0.305106 0.239629
1 0.175932 0.186373 0.188371 0.044467
2 0.175521 0.299074 0.280208 0.142593
7 0.270166 0.185781 0.091637 0.034978
0 0.182015 0.835798 0.305597 0.244354
1 0.182015 0.747661 0.225082 0.040741
2 0.181771 0.862963 0.280208 0.151852
6 0.817790 0.262750 0.302334 0.249229
1 0.817790 0.178463 0.221781 0.047315
3 0.817708 0.293519 0.277083 0.150000
6 0.818176 0.549205 0.300408 0.242626
1 0.819536 0.464874 0.138118 0.043493
2 0.817708 0.577778 0.275000 0.148148
0 0.494287 0.552115 0.304048 0.237892
1 0.494287 0.468734 0.135022 0.040741
8 0.494271 0.580556 0.103125 0.131481
0 0.493144 0.268867 0.301226 0.240770
1 0.495113 0.185453 0.181697 0.040741
2 0.493229 0.296296 0.276042 0.148148
7 0.596306 0.182571 0.069902 0.031143
0 0.176455 0.554381 0.301347 0.250518
1 0.185556 0.463797 0.149068 0.040741
2 0.176563 0.582407 0.276042 0.157407
7 0.274953 0.465730 0.079349 0.036178
0 0.491937 0.835631 0.296931 0.242295
1 0.491937 0.751578 0.175611 0.040741
7 0.492188 0.863889 0.115625 0.146296
