1 0.500000 0.072222 0.440000 0.077778
6 0.179097 0.260614 0.304093 0.244816
1 0.179097 0.177287 0.162494 0.046649
2 0.179167 0.291667 0.279167 0.146296
0 0.499920 0.825300 0.303386 0.249448
1 0.465188 0.745432 0.205438 0.048980
8 0.500000 0.856481 0.106250 0.135185
6 0.819654 0.264855 0.295583 0.254646
1 0.819654 0.175575 0.180351 0.047746
2 0.819792 0.296296 0.270833 0.155556
6 0.174938 0.551256 0.303792 0.246663
1 0.200947 0.464271 0.224826 0.040741
2 0.175000 0.578704 0.279167 0.153704
7 0.269242 0.461972 0.090184 0.031057
6 0.172306 0.827950 0.294955 0.254593
1 0.172306 0.735462 0.157474 0.040741
5 0.172396 0.855556 0.071875 0.144444
7 0.281679 0.737563 0.051209 0.036782
6 0.490638 0.539659 0.298632 0.241450
1 0.453866 0.459286 0.178307 0.046235
4 0.491146 0.569444 0.273958 0.142593
0 0.811530 0.542442 0.294987 0.245568
1 0.811530 0.457317 0.212716 0.044548
3 0.811979 0.571296 0.269792 0.150000
0 0.497465 0.257893 0.306722 0.239682
1 0.497465 0.175312 0.149690 0.042540
1 0.497917 0.287037 0.281250 0.022222
