1 0.500000 0.072222 0.440000 0.077778
6 0.814415 0.550179 0.296328 0.244218
1 0.852932 0.465517 0.194387 0.043003
7 0.814063 0.579630 0.107292 0.137037
0 0.498825 0.835841 0.304333 0.248034
1 0.498825 0.746237 0.153065 0.040741
2 0.498958 0.862963 0.279167 0.155556
0 0.179674 0.265024 0.299136 0.237410
1 0.227809 0.179787 0.151150 0.040741
2 0.179688 0.292593 0.273958 0.144444
7 0.269551 0.181339 0.094382 0.033003
6 0.500820 0.543232 0.303411 0.248097
1 0.509035 0.455499 0.215694 0.040741
2 0.500521 0.570370 0.278125 0.155556
0 0.171978 0.546241 0.301838 0.254993
1 0.173446 0.454727 0.164535 0.042078
5 0.171875 0.575000 0.145833 0.146296
0 0.812483 0.263549 0.298209 0.242296
1 0.798752 0.179467 0.208848 0.040741
5 0.811979 0.290741 0.111458 0.140741
7 0.910870 0.173822 0.076435 0.025803
6 0.176835 0.834437 0.296552 0.251450
1 0.176835 0.743398 0.178698 0.040741
1 0.176563 0.862963 0.251042 0.018519
6 0.492051 0.270582 0.301415 0.242250
1 0.492051 0.184599 0.152279 0.040741
2 0.492188 0.299074 0.276042 0.150000
7 0.598691 0.185432 0.063134 0.034914
