1 0.500000 0.072222 0.440000 0.077778
0 0.500695 0.824239 0.302199 0.247177
1 0.513824 0.737857 0.198003 0.040741
5 0.501042 0.851852 0.118750 0.151852
6 0.817219 0.262422 0.300473 0.248182
1 0.844535 0.175346 0.202843 0.040741
4 0.817708 0.290741 0.275000 0.155556
6 0.170204 0.268509 0.295085 0.242844
1 0.222720 0.182627 0.156944 0.041965
2 0.170313 0.296296 0.269792 0.148148
6 0.174429 0.826584 0.296199 0.246165
1 0.161214 0.741831 0.191188 0.040741
7 0.174479 0.854630 0.109375 0.138889
0 0.496912 0.266300 0.302705 0.254670
1 0.560112 0.176655 0.147351 0.042177
2 0.497396 0.295370 0.278125 0.161111
0 0.179449 0.539238 0.299437 0.238940
1 0.155309 0.460406 0.134757 0.044945
2 0.179688 0.569444 0.273958 0.142593
0 0.494633 0.546583 0.295765 0.255513
1 0.494633 0.458071 0.135572 0.040741
6 0.494792 0.574074 0.270833 0.162963
0 0.821655 0.560484 0.304365 0.255227
1 0.821655 0.472544 0.165872 0.042821
5 0.821875 0.589815 0.114583 0.146296
7 0.919358 0.468429 0.083959 0.034081
