1 0.500000 0.072222 0.440000 0.077778
6 0.495895 0.269323 0.295331 0.248331
1 0.489742 0.182566 0.161173 0.040741
4 0.495833 0.296296 0.270833 0.155556
0 0.496694 0.827136 0.305078 0.249075
1 0.496694 0.739383 0.224676 0.043473
2 0.496354 0.856481 0.280208 0.153704
6 0.167774 0.539267 0.295428 0.239403
1 0.167774 0.453118 0.156191 0.040741
7 0.168229 0.567593 0.103125 0.131481
6 0.817521 0.256999 0.305217 0.239492
1 0.798216 0.174605 0.154783 0.040741
2 0.817187 0.284259 0.280208 0.146296
6 0.174184 0.268653 0.302663 0.250565
1 0.174184 0.180591 0.191867 0.040741
2 0.174479 0.297222 0.278125 0.157407
6 0.818081 0.557062 0.299401 0.247595
1 0.818081 0.472305 0.189784 0.043141
8 0.818229 0.585185 0.113542 0.144444
0 0.500068 0.552261 0.302862 0.248543
1 0.561507 0.466790 0.142490 0.040741
6 0.500521 0.579630 0.278125 0.155556
6 0.177291 0.834468 0.300755 0.243388
1 0.151464 0.746473 0.206709 0.040741
2 0.177604 0.862037 0.276042 0.150000
