1 0.500000 0.072222 0.440000 0.077778
0 0.174596 0.541162 0.300646 0.241540
1 0.143288 0.459881 0.172296 0.040956
6 0.174479 0.568519 0.276042 0.148148
6 0.495385 0.556206 0.294788 0.252756
1 0.495385 0.463544 0.136135 0.040741
3 0.495312 0.583333 0.269792 0.159259
7 0.600897 0.466990 0.058764 0.037288
6 0.816369 0.270283 0.300821 0.241282
1 0.816369 0.188635 0.181289 0.045456
6 0.816146 0.300000 0.276042 0.144444
6 0.170172 0.274596 0.295236 0.253508
1 0.182721 0.188314 0.164065 0.045889
2 0.170313 0.305556 0.269792 0.155556
6 0.495952 0.263573 0.298997 0.238181
1 0.522490 0.178871 0.223940 0.040741
7 0.495833 0.291667 0.106250 0.135185
6 0.175716 0.825168 0.294520 0.248658
1 0.175716 0.737962 0.148446 0.047255
2 0.175521 0.856481 0.269792 0.150000
6 0.818185 0.551546 0.295582 0.246695
1 0.818185 0.468188 0.199802 0.046682
6 0.817708 0.581481 0.270833 0.148148
6 0.494211 0.835296 0.302117 0.244603
1 0.436146 0.755695 0.147860 0.048510
2 0.493750 0.866667 0.277083 0.144444
