1 0.500000 0.072222 0.440000 0.077778
6 0.499302 0.260367 0.304141 0.243481
1 0.499302 0.177654 0.193611 0.042773
3 0.498958 0.288889 0.279167 0.148148
7 0.599059 0.172937 0.079627 0.031584
6 0.503658 0.542007 0.304226 0.239217
1 0.497510 0.455852 0.170762 0.040741
6 0.504167 0.569444 0.279167 0.146296
6 0.176207 0.558266 0.299909 0.250308
1 0.134709 0.470235 0.163729 0.045855
4 0.176042 0.588889 0.275000 0.151852
6 0.175154 0.832845 0.299390 0.253393
1 0.106820 0.746068 0.141768 0.050382
8 0.175000 0.865741 0.114583 0.146296
0 0.494698 0.827849 0.297656 0.254288
1 0.494698 0.738439 0.214273 0.046681
2 0.494792 0.859259 0.272917 0.155556
6 0.174074 0.264401 0.300375 0.249070
1 0.174074 0.175411 0.200249 0.040741
2 0.173958 0.292593 0.275000 0.155556
0 0.811482 0.547755 0.295171 0.237130
1 0.802809 0.468693 0.213908 0.045412
5 0.811979 0.578704 0.105208 0.135185
0 0.823599 0.267213 0.300904 0.240129
1 0.823599 0.184433 0.201092 0.042062
3 0.823438 0.295370 0.276042 0.146296
7 0.930125 0.179415 0.062853 0.027496
