1 0.500000 0.072222 0.440000 0.077778
0 0.820996 0.559649 0.304764 0.255320
1 0.820996 0.468988 0.207570 0.042783
6 0.821354 0.587963 0.280208 0.161111
7 0.918963 0.465030 0.083831 0.029044
6 0.492019 0.550530 0.294964 0.247416
1 0.492019 0.463206 0.180596 0.040741
2 0.492188 0.577778 0.269792 0.155556
6 0.171371 0.544204 0.298385 0.242016
1 0.187535 0.457763 0.156377 0.040741
5 0.171875 0.571296 0.114583 0.146296
7 0.271609 0.453459 0.072908 0.023489
0 0.169019 0.269911 0.294507 0.244618
1 0.148089 0.184626 0.193235 0.041740
4 0.169271 0.298148 0.269792 0.151852
6 0.174576 0.826787 0.301094 0.249861
1 0.174576 0.742139 0.144099 0.040741
2 0.174479 0.854630 0.276042 0.157407
0 0.494005 0.828458 0.296018 0.244879
1 0.494005 0.749033 0.148325 0.048383
2 0.493750 0.859259 0.270833 0.144444
6 0.820324 0.269502 0.299112 0.247466
1 0.872970 0.183201 0.169735 0.045354
5 0.820312 0.299074 0.111458 0.142593
6 0.495714 0.269929 0.306360 0.248305
1 0.495714 0.186067 0.215725 0.040741
1 0.495833 0.298148 0.108333 0.137037
7 0.604026 0.184589 0.064736 0.040589
