1 0.500000 0.072222 0.440000 0.077778
6 0.815179 0.277118 0.298992 0.251609
1 0.771343 0.187332 0.163160 0.046019
2 0.815104 0.308333 0.273958 0.153704
0 0.175087 0.832469 0.304800 0.253655
1 0.175087 0.740428 0.140999 0.042490
2 0.175521 0.861111 0.280208 0.159259
6 0.495016 0.277664 0.304155 0.253434
1 0.495016 0.188467 0.224983 0.047133
5 0.495312 0.309259 0.113542 0.144444
6 0.496386 0.552534 0.298888 0.251108
1 0.442535 0.463630 0.152447 0.044570
2 0.496354 0.581481 0.273958 0.155556
6 0.499065 0.832738 0.295270 0.252897
1 0.499065 0.740318 0.209911 0.040741
5 0.498958 0.860185 0.070833 0.142593
0 0.815340 0.542435 0.303913 0.239573
1 0.839340 0.462326 0.219159 0.040741
2 0.815625 0.569444 0.279167 0.146296
7 0.913603 0.455074 0.082386 0.027814
0 0.169469 0.269891 0.298953 0.241782
1 0.186585 0.191556 0.194946 0.046859
2 0.169271 0.300926 0.273958 0.142593
6 0.174802 0.546777 0.302143 0.250405
1 0.186441 0.460796 0.207530 0.047339
4 0.175000 0.577778 0.277083 0.151852
