1 0.500000 0.072222 0.440000 0.077778
6 0.496939 0.825086 0.296438 0.241852
1 0.496939 0.743583 0.166760 0.043112
2 0.497396 0.854630 0.271875 0.146296
7 0.595261 0.739856 0.074794 0.034354
6 0.171434 0.544206 0.301284 0.251006
1 0.174162 0.460007 0.151384 0.044650
2 0.171354 0.573148 0.276042 0.153704
0 0.499244 0.262412 0.302812 0.241155
1 0.434051 0.175182 0.145547 0.040741
2 0.499479 0.290741 0.278125 0.148148
0 0.179962 0.264488 0.299946 0.252840
1 0.160361 0.173595 0.215067 0.041405
5 0.179688 0.292593 0.151042 0.151852
6 0.824525 0.546453 0.302858 0.237560
1 0.824525 0.470254 0.197536 0.045556
6 0.824479 0.575926 0.278125 0.140741
7 0.932577 0.466025 0.061754 0.039668
6 0.175729 0.824781 0.305888 0.240433
1 0.221890 0.743119 0.171374 0.047163
3 0.176042 0.855556 0.281250 0.140741
7 0.278091 0.738518 0.076164 0.030870
6 0.820959 0.262163 0.296847 0.237185
1 0.820959 0.181114 0.227475 0.045683
6 0.821354 0.291667 0.271875 0.138889
7 0.927073 0.178668 0.059620 0.033157
6 0.496706 0.545675 0.299931 0.249495
1 0.478800 0.456559 0.203382 0.040741
3 0.496875 0.573148 0.275000 0.157407
