1 0.500000 0.072222 0.440000 0.077778
6 0.491327 0.841913 0.298544 0.254236
1 0.491327 0.755184 0.226233 0.040741
7 0.491146 0.869444 0.117708 0.150000
6 0.171156 0.548457 0.294530 0.238643
1 0.217002 0.465419 0.181163 0.041643
2 0.171354 0.575926 0.269792 0.144444
0 0.821981 0.551014 0.299118 0.255239
1 0.803693 0.463719 0.217650 0.046712
5 0.822396 0.581481 0.140625 0.140741
6 0.179000 0.270384 0.302460 0.241392
1 0.179000 0.187569 0.146489 0.040774
6 0.179167 0.298148 0.277083 0.148148
6 0.180531 0.823853 0.302758 0.245941
1 0.148725 0.736850 0.198107 0.043019
2 0.180729 0.851852 0.278125 0.151852
6 0.499587 0.545858 0.298397 0.238387
1 0.484682 0.465666 0.230416 0.042809
2 0.500000 0.574074 0.272917 0.144444
6 0.497756 0.268779 0.304967 0.252675
1 0.514712 0.184482 0.167736 0.043896
7 0.497917 0.297222 0.114583 0.146296
0 0.815481 0.270943 0.298111 0.251201
1 0.856819 0.188873 0.158160 0.047467
8 0.815625 0.301852 0.108333 0.137037
