1 0.500000 0.072222 0.440000 0.077778
0 0.822688 0.270951 0.300180 0.254622
1 0.822688 0.183126 0.208284 0.040741
2 0.822917 0.299074 0.275000 0.161111
0 0.503267 0.538412 0.304217 0.239376
1 0.503267 0.454909 0.139746 0.040741
2 0.503125 0.565741 0.279167 0.146296
6 0.495842 0.265791 0.299728 0.242271
1 0.495842 0.181769 0.172877 0.045602
2 0.495833 0.296296 0.275000 0.144444
7 0.594021 0.180831 0.078370 0.035312
0 0.172378 0.830114 0.298186 0.243973
1 0.172378 0.748407 0.133573 0.043174
2 0.171875 0.859259 0.272917 0.148148
6 0.173948 0.551443 0.296970 0.240666
1 0.173948 0.467277 0.137720 0.040741
2 0.173437 0.579630 0.271875 0.148148
0 0.177876 0.273984 0.306094 0.245291
1 0.177876 0.191652 0.229001 0.040741
2 0.178125 0.301852 0.281250 0.151852
0 0.822327 0.552349 0.299251 0.238249
1 0.803808 0.473310 0.193343 0.041105
2 0.822396 0.579630 0.273958 0.144444
6 0.501542 0.829518 0.306302 0.237363
1 0.449859 0.744510 0.156075 0.040741
2 0.501042 0.857407 0.281250 0.144444
