1 0.500000 0.072222 0.440000 0.077778
6 0.825407 0.273557 0.306696 0.251543
1 0.825407 0.185700 0.228610 0.046709
2 0.825000 0.304630 0.281250 0.153704
0 0.179566 0.272011 0.304600 0.247064
1 0.179566 0.188951 0.212370 0.044018
6 0.179167 0.301852 0.279167 0.151852
6 0.490985 0.260480 0.297674 0.237200
1 0.490985 0.180748 0.189536 0.040741
2 0.490625 0.288889 0.272917 0.144444
6 0.492587 0.824599 0.302135 0.239799
1 0.492587 0.745636 0.179122 0.043568
6 0.492708 0.853704 0.277083 0.144444
6 0.171594 0.830058 0.295467 0.238664
1 0.171594 0.747195 0.136575 0.044486
1 0.171875 0.860185 0.262500 0.020370
7 0.263021 0.749199 0.087614 0.039909
6 0.813191 0.546440 0.297473 0.247887
1 0.813191 0.455890 0.154397 0.040741
3 0.813542 0.574074 0.272917 0.155556
6 0.500804 0.541318 0.299443 0.245459
1 0.446863 0.452786 0.160336 0.040741
7 0.501042 0.569444 0.118750 0.150000
0 0.175206 0.542356 0.305275 0.240893
1 0.175206 0.460758 0.212521 0.040741
5 0.175000 0.569444 0.112500 0.142593
7 0.273888 0.455475 0.082910 0.030092
