1 0.500000 0.072222 0.440000 0.077778
0 0.819606 0.275924 0.295931 0.251265
1 0.819606 0.185565 0.180063 0.040741
8 0.819792 0.303704 0.108333 0.137037
7 0.908897 0.185656 0.092350 0.033692
0 0.176772 0.268391 0.305093 0.245427
1 0.176772 0.181267 0.140770 0.041288
4 0.176563 0.296296 0.280208 0.151852
7 0.288805 0.176881 0.056027 0.025370
6 0.494250 0.271328 0.298483 0.255259
1 0.494250 0.187361 0.230567 0.049353
6 0.494271 0.302778 0.273958 0.153704
6 0.818489 0.556021 0.301299 0.250676
1 0.788787 0.468337 0.152288 0.041835
6 0.818229 0.584259 0.276042 0.157407
7 0.925282 0.465334 0.062714 0.032265
0 0.500527 0.550634 0.300483 0.242115
1 0.476624 0.467476 0.215881 0.045570
5 0.501042 0.581481 0.097917 0.125926
7 0.602454 0.462578 0.071629 0.028966
6 0.494083 0.827103 0.297743 0.249515
1 0.494083 0.743799 0.190620 0.046926
8 0.493750 0.857407 0.102083 0.129630
6 0.170254 0.829329 0.298958 0.255037
1 0.176698 0.735984 0.209559 0.041436
4 0.170313 0.858333 0.273958 0.161111
6 0.173018 0.552356 0.297495 0.238065
1 0.160625 0.470708 0.192713 0.042720
8 0.172917 0.581481 0.108333 0.137037
