1 0.500000 0.072222 0.440000 0.077778
0 0.489336 0.821785 0.295086 0.239819
1 0.489336 0.739987 0.226330 0.043339
2 0.489063 0.850000 0.269792 0.144444
0 0.182244 0.838121 0.304528 0.255388
1 0.182244 0.751574 0.218858 0.042004
8 0.182292 0.866667 0.125000 0.159259
6 0.174208 0.267340 0.303863 0.246722
1 0.174208 0.187258 0.199062 0.047076
7 0.174479 0.298148 0.115625 0.148148
7 0.285872 0.180230 0.055534 0.035464
6 0.810561 0.258648 0.294924 0.237969
1 0.810561 0.181162 0.131237 0.045432
6 0.810937 0.288889 0.269792 0.140741
0 0.495485 0.547277 0.305203 0.240554
1 0.495104 0.460739 0.138120 0.040741
7 0.495312 0.575926 0.107292 0.137037
6 0.492115 0.263738 0.300771 0.242009
1 0.492115 0.180678 0.147890 0.041934
2 0.492188 0.292593 0.276042 0.148148
6 0.170662 0.547571 0.299592 0.238625
1 0.170662 0.466917 0.157186 0.040741
1 0.170833 0.575000 0.112500 0.142593
7 0.260074 0.461145 0.095767 0.028736
6 0.822489 0.540788 0.302766 0.242674
1 0.822489 0.458756 0.230490 0.040741
7 0.822917 0.569444 0.108333 0.138889
