1 0.500000 0.072222 0.440000 0.077778
6 0.494931 0.262084 0.305825 0.250083
1 0.494931 0.171761 0.178927 0.040741
8 0.494792 0.289815 0.106250 0.135185
6 0.496919 0.833624 0.302763 0.248590
1 0.496919 0.747545 0.225624 0.040741
6 0.497396 0.861111 0.278125 0.155556
0 0.168856 0.545331 0.297964 0.245706
1 0.162800 0.460176 0.189688 0.043332
4 0.168750 0.575000 0.272917 0.150000
0 0.814538 0.540255 0.296275 0.243122
1 0.814538 0.455740 0.185591 0.043143
2 0.814583 0.568519 0.270833 0.148148
6 0.813662 0.274873 0.298001 0.247412
1 0.788338 0.191276 0.170093 0.046420
5 0.814063 0.304630 0.111458 0.142593
6 0.494541 0.557771 0.303822 0.255406
1 0.494541 0.467249 0.166862 0.042249
4 0.494792 0.586111 0.279167 0.161111
6 0.180717 0.268224 0.306769 0.240440
1 0.180717 0.186414 0.168503 0.040741
2 0.180208 0.296296 0.281250 0.148148
0 0.174418 0.827644 0.294982 0.241892
1 0.174418 0.747778 0.153759 0.045626
7 0.173958 0.857407 0.110417 0.140741
