1 0.500000 0.072222 0.440000 0.077778
0 0.500198 0.276244 0.300742 0.251289
1 0.500198 0.185518 0.165714 0.040741
2 0.500521 0.303704 0.276042 0.159259
0 0.812948 0.547068 0.298978 0.247462
1 0.856771 0.466444 0.144736 0.048890
4 0.813021 0.578704 0.273958 0.146296
6 0.499986 0.545830 0.300748 0.247226
1 0.499986 0.463491 0.178065 0.045574
4 0.499479 0.576852 0.276042 0.150000
6 0.175345 0.542783 0.299263 0.239104
1 0.175345 0.462050 0.163943 0.042429
2 0.175521 0.572222 0.273958 0.144444
7 0.269452 0.457977 0.086048 0.032456
6 0.174375 0.269176 0.296083 0.250032
1 0.180492 0.178646 0.193838 0.040741
2 0.173958 0.297222 0.270833 0.157407
7 0.274513 0.174444 0.070807 0.023532
6 0.818011 0.264994 0.304662 0.245704
1 0.818011 0.179933 0.151459 0.048036
2 0.817708 0.297222 0.279167 0.146296
7 0.926005 0.177758 0.063674 0.034196
6 0.497752 0.827927 0.305946 0.252980
1 0.509730 0.736317 0.204743 0.040741
2 0.497917 0.856481 0.281250 0.161111
7 0.602842 0.738530 0.070766 0.037150
6 0.173306 0.831520 0.306874 0.253575
1 0.178722 0.739776 0.216811 0.041852
3 0.173437 0.859259 0.282292 0.159259
