1 0.500000 0.072222 0.440000 0.077778
0 0.818775 0.549075 0.301551 0.242864
1 0.818775 0.462169 0.213265 0.042247
2 0.819271 0.577778 0.276042 0.148148
0 0.178206 0.828488 0.296946 0.253853
1 0.178206 0.742940 0.224046 0.048628
4 0.178646 0.860185 0.271875 0.153704
7 0.282729 0.737392 0.062901 0.034624
6 0.175845 0.277084 0.296429 0.253432
1 0.176014 0.191773 0.219174 0.049966
2 0.175521 0.309259 0.271875 0.151852
6 0.815223 0.268687 0.302811 0.237580
1 0.774978 0.184499 0.200105 0.042742
2 0.815104 0.297222 0.278125 0.142593
6 0.494041 0.543952 0.298098 0.247035
1 0.505710 0.453987 0.141292 0.040741
7 0.494271 0.572222 0.115625 0.148148
7 0.589140 0.455730 0.082900 0.033553
0 0.498779 0.266372 0.296210 0.239101
1 0.498779 0.182483 0.180251 0.040827
2 0.498958 0.293519 0.270833 0.146296
7 0.589727 0.177697 0.089312 0.024715
0 0.490276 0.831549 0.297256 0.246991
1 0.490276 0.744560 0.174725 0.040741
4 0.490104 0.860185 0.271875 0.153704
7 0.585652 0.741321 0.081503 0.029498
0 0.180100 0.543432 0.301273 0.239730
1 0.180100 0.461450 0.149698 0.040741
2 0.179688 0.571296 0.276042 0.146296
