1 0.500000 0.072222 0.440000 0.077778
6 0.176278 0.551083 0.297729 0.254629
1 0.137654 0.463464 0.157822 0.040741
2 0.176042 0.578704 0.272917 0.161111
6 0.173957 0.267515 0.297705 0.240470
1 0.173957 0.189546 0.221681 0.046019
7 0.173437 0.297222 0.103125 0.131481
7 0.271710 0.182073 0.077199 0.032549
6 0.816831 0.278331 0.300148 0.254393
1 0.816831 0.184737 0.136261 0.040741
2 0.816667 0.306481 0.275000 0.161111
6 0.496653 0.260942 0.303559 0.237155
1 0.486471 0.180262 0.138821 0.042606
2 0.496354 0.289815 0.278125 0.142593
7 0.603826 0.178618 0.064215 0.035470
6 0.496748 0.548350 0.298108 0.238871
1 0.496748 0.469810 0.162607 0.047710
6 0.496875 0.578704 0.272917 0.138889
7 0.603434 0.460846 0.059736 0.026826
0 0.815676 0.546532 0.300196 0.252206
1 0.815676 0.455183 0.140275 0.042362
4 0.815625 0.575000 0.275000 0.157407
7 0.913961 0.455770 0.078626 0.033644
6 0.492730 0.827020 0.298647 0.237865
1 0.492730 0.748345 0.212872 0.040741
8 0.493229 0.855556 0.111458 0.140741
7 0.602987 0.740049 0.053133 0.026886
0 0.177002 0.826156 0.302461 0.237243
1 0.177002 0.746629 0.198035 0.041055
5 0.177083 0.853704 0.104167 0.133333
