1 0.500000 0.072222 0.440000 0.077778
0 0.813905 0.266130 0.301323 0.239544
1 0.830759 0.181282 0.194290 0.042048
5 0.814063 0.295370 0.063542 0.127778
7 0.927943 0.178509 0.048247 0.027264
0 0.491487 0.544226 0.297510 0.248756
1 0.491487 0.459983 0.230245 0.040741
4 0.491667 0.572222 0.272917 0.155556
0 0.180248 0.557448 0.304651 0.250875
1 0.200550 0.472905 0.199904 0.048085
2 0.180208 0.588889 0.279167 0.151852
0 0.178642 0.833529 0.296963 0.245646
1 0.178642 0.749431 0.184042 0.048374
5 0.178646 0.864815 0.132292 0.133333
7 0.288923 0.744729 0.051403 0.031009
6 0.178508 0.273396 0.296844 0.245627
1 0.178508 0.189085 0.223034 0.040741
2 0.178646 0.300926 0.271875 0.153704
7 0.279850 0.186161 0.069162 0.034118
6 0.499279 0.832630 0.297626 0.253821
1 0.499279 0.743853 0.150087 0.047544
7 0.499479 0.863889 0.109375 0.138889
6 0.817950 0.550785 0.299766 0.246937
1 0.817950 0.468282 0.175419 0.048002
1 0.817708 0.582407 0.112500 0.142593
0 0.500409 0.266493 0.305593 0.248276
1 0.500409 0.185535 0.237695 0.049552
2 0.500521 0.299074 0.280208 0.146296
