1 0.500000 0.072222 0.440000 0.077778
6 0.816688 0.554418 0.297383 0.253683
1 0.803679 0.464307 0.212993 0.044331
2 0.817187 0.584259 0.271875 0.157407
7 0.929072 0.459305 0.047614 0.026418
0 0.171886 0.270555 0.303516 0.252706
1 0.171886 0.188278 0.226837 0.050439
2 0.172396 0.302778 0.278125 0.150000
7 0.263297 0.178580 0.095692 0.031718
6 0.498398 0.821164 0.294810 0.238975
1 0.511894 0.738149 0.204754 0.044184
4 0.498437 0.850926 0.269792 0.142593
7 0.598672 0.739826 0.069261 0.039263
6 0.500780 0.548793 0.299698 0.252212
1 0.500780 0.458792 0.181796 0.041629
2 0.501042 0.577778 0.275000 0.159259
7 0.597338 0.456273 0.081582 0.030135
0 0.821875 0.262214 0.306897 0.238283
1 0.748554 0.183157 0.135198 0.044324
2 0.822396 0.291667 0.282292 0.142593
6 0.172920 0.830503 0.295657 0.252368
1 0.172920 0.743294 0.199050 0.040741
4 0.172917 0.857407 0.270833 0.159259
6 0.498494 0.258318 0.296579 0.241517
1 0.498494 0.175892 0.181557 0.040741
2 0.498437 0.285185 0.271875 0.148148
7 0.589088 0.171897 0.090391 0.031639
6 0.173597 0.542040 0.297357 0.244651
1 0.200176 0.457017 0.151539 0.045211
2 0.173437 0.572222 0.271875 0.148148
