1 0.500000 0.072222 0.440000 0.077778
0 0.817473 0.263976 0.301661 0.243613
1 0.817473 0.180772 0.201267 0.046684
6 0.817708 0.294444 0.277083 0.144444
6 0.504372 0.825009 0.305564 0.249451
1 0.445707 0.738265 0.138069 0.048749
2 0.504687 0.857407 0.280208 0.148148
7 0.602166 0.731911 0.084976 0.026217
0 0.498623 0.272103 0.302328 0.246822
1 0.498623 0.189309 0.197803 0.043618
2 0.498958 0.301852 0.277083 0.151852
0 0.174787 0.835433 0.300110 0.246897
1 0.139921 0.745671 0.203487 0.040741
5 0.175000 0.862963 0.110417 0.140741
7 0.288083 0.741800 0.048519 0.022594
0 0.493386 0.552527 0.300950 0.239627
1 0.514532 0.467511 0.183560 0.040741
6 0.493229 0.580556 0.276042 0.146296
7 0.603007 0.466188 0.056708 0.029911
6 0.172620 0.553482 0.300285 0.241740
1 0.232048 0.467489 0.144599 0.040741
1 0.172396 0.581481 0.101042 0.129630
0 0.819407 0.551505 0.300360 0.245584
1 0.819407 0.462395 0.151356 0.040741
2 0.819792 0.578704 0.275000 0.153704
0 0.171527 0.264098 0.302634 0.240092
1 0.160960 0.183567 0.177829 0.047527
6 0.171354 0.294444 0.278125 0.140741
