1 0.500000 0.072222 0.440000 0.077778
0 0.502898 0.830384 0.304548 0.245994
1 0.502898 0.749101 0.192851 0.045225
6 0.503125 0.861111 0.279167 0.148148
7 0.597943 0.737212 0.089458 0.022612
0 0.816750 0.266645 0.298007 0.239487
1 0.816750 0.186062 0.145366 0.040741
6 0.816667 0.293519 0.272917 0.146296
0 0.493662 0.265863 0.301327 0.248051
1 0.489011 0.178765 0.175813 0.040741
4 0.493229 0.294444 0.276042 0.155556
7 0.583883 0.180174 0.095886 0.039635
0 0.173921 0.548192 0.302755 0.239157
1 0.173921 0.464874 0.141016 0.040741
7 0.173437 0.575926 0.098958 0.125926
7 0.272048 0.467289 0.081501 0.040315
6 0.182353 0.839336 0.306246 0.252111
1 0.204422 0.750761 0.201712 0.040741
6 0.182292 0.866667 0.281250 0.159259
0 0.177882 0.272235 0.301199 0.254427
1 0.211307 0.183752 0.208874 0.040741
7 0.178125 0.300000 0.118750 0.151852
7 0.280519 0.183410 0.070926 0.039739
6 0.490180 0.554992 0.296318 0.245896
1 0.490180 0.475863 0.166451 0.048247
8 0.490625 0.587037 0.104167 0.133333
6 0.822013 0.551071 0.303302 0.253524
1 0.822013 0.465894 0.137875 0.043192
5 0.822396 0.579630 0.123958 0.159259
