1 0.500000 0.072222 0.440000 0.077778
6 0.492985 0.832225 0.295442 0.243971
1 0.492985 0.745164 0.177182 0.040741
7 0.493229 0.859259 0.113542 0.144444
0 0.171014 0.556532 0.302196 0.254683
1 0.169925 0.463852 0.210929 0.040741
6 0.170833 0.585185 0.277083 0.162963
7 0.280240 0.459516 0.058743 0.023615
0 0.814222 0.273926 0.301049 0.246315
1 0.814222 0.189760 0.195760 0.045295
8 0.814583 0.304630 0.114583 0.146296
7 0.919306 0.186877 0.065882 0.035181
0 0.493704 0.558627 0.304230 0.253986
1 0.493704 0.470982 0.134808 0.040741
7 0.493229 0.587037 0.113542 0.144444
7 0.585220 0.463550 0.096198 0.026795
0 0.167995 0.268664 0.294581 0.238256
1 0.167995 0.184769 0.167631 0.042419
6 0.168229 0.298148 0.269792 0.144444
7 0.259770 0.183045 0.086032 0.029982
6 0.492231 0.271492 0.297365 0.242946
1 0.486157 0.185061 0.218821 0.040741
7 0.492188 0.299074 0.115625 0.146296
0 0.813591 0.552293 0.298596 0.252723
1 0.765641 0.462415 0.162434 0.045740
2 0.814063 0.583333 0.273958 0.155556
0 0.173774 0.825600 0.298687 0.242801
1 0.171758 0.745613 0.230682 0.043570
8 0.173958 0.855556 0.102083 0.129630
7 0.275634 0.739294 0.069968 0.033153
