1 0.500000 0.072222 0.440000 0.077778
0 0.821101 0.551954 0.297480 0.252901
1 0.811926 0.468741 0.220751 0.045796
3 0.820833 0.581481 0.272917 0.155556
6 0.494435 0.830245 0.304226 0.240420
1 0.557583 0.752047 0.144434 0.044154
2 0.494792 0.859259 0.279167 0.144444
7 0.602186 0.744592 0.063723 0.032077
0 0.181297 0.829360 0.303300 0.249043
1 0.181297 0.741570 0.138098 0.043004
4 0.181771 0.858333 0.278125 0.153704
6 0.497945 0.552176 0.299124 0.245437
1 0.494268 0.464767 0.153595 0.040741
2 0.498437 0.580556 0.273958 0.153704
7 0.587430 0.459117 0.095154 0.022281
6 0.823378 0.271818 0.306486 0.246735
1 0.850845 0.185961 0.154363 0.046208
3 0.822917 0.301852 0.281250 0.148148
0 0.502744 0.270217 0.303687 0.241981
1 0.518053 0.183709 0.178684 0.040741
6 0.503125 0.297222 0.279167 0.150000
0 0.174564 0.278464 0.299848 0.253807
1 0.174564 0.188615 0.138729 0.044970
5 0.175000 0.309259 0.077083 0.155556
0 0.174554 0.549612 0.297838 0.247529
1 0.175307 0.468003 0.206698 0.045034
6 0.175000 0.578704 0.272917 0.150000
