1 0.500000 0.072222 0.440000 0.077778
6 0.180234 0.265260 0.305650 0.243726
1 0.180234 0.181756 0.161347 0.048133
4 0.180729 0.296296 0.280208 0.144444
0 0.498985 0.275114 0.301001 0.249940
1 0.498985 0.187749 0.187621 0.047609
7 0.499479 0.305556 0.103125 0.129630
7 0.609473 0.187248 0.055024 0.037172
0 0.816376 0.273795 0.302968 0.251773
1 0.816376 0.185080 0.227512 0.040741
4 0.816146 0.301852 0.278125 0.159259
0 0.819608 0.543855 0.306373 0.249976
1 0.819608 0.459050 0.146495 0.040741
8 0.819271 0.572222 0.107292 0.137037
7 0.931081 0.449376 0.058428 0.023981
0 0.174447 0.830546 0.296838 0.240923
1 0.225519 0.752083 0.168118 0.046612
2 0.174479 0.862037 0.271875 0.142593
6 0.496457 0.836157 0.299804 0.247385
1 0.516993 0.750337 0.192304 0.047265
7 0.496875 0.867593 0.110417 0.138889
0 0.504065 0.555078 0.305701 0.255523
1 0.504065 0.461547 0.170883 0.040741
6 0.503646 0.583333 0.280208 0.162963
0 0.175186 0.551364 0.297019 0.252906
1 0.175186 0.461745 0.226076 0.047617
5 0.175521 0.582407 0.071875 0.146296
