1 0.500000 0.072222 0.440000 0.077778
0 0.168712 0.267705 0.296848 0.242467
1 0.168712 0.184362 0.215375 0.040741
2 0.168229 0.295370 0.271875 0.150000
7 0.276130 0.180803 0.057012 0.031626
6 0.503075 0.273783 0.302976 0.251306
1 0.503075 0.189866 0.161443 0.043854
2 0.502604 0.303704 0.278125 0.155556
0 0.500042 0.825391 0.299226 0.246547
1 0.500042 0.739632 0.169523 0.040741
2 0.500521 0.852778 0.273958 0.153704
7 0.597095 0.736547 0.080120 0.031822
6 0.493921 0.542523 0.298817 0.245087
1 0.501959 0.457440 0.211013 0.040741
5 0.494271 0.569444 0.109375 0.138889
0 0.821747 0.268147 0.298479 0.237720
1 0.849913 0.183058 0.206941 0.040741
7 0.821354 0.295370 0.109375 0.138889
7 0.929963 0.187503 0.057048 0.039397
6 0.176246 0.836754 0.299494 0.253230
1 0.176246 0.752838 0.196485 0.050380
2 0.176042 0.868519 0.275000 0.151852
0 0.815228 0.542041 0.296984 0.240569
1 0.815228 0.461011 0.198457 0.043011
2 0.815104 0.571296 0.271875 0.146296
7 0.908645 0.455362 0.085149 0.030175
6 0.174944 0.552233 0.303302 0.244777
1 0.176513 0.469748 0.180487 0.041307
7 0.174479 0.580556 0.115625 0.146296
