1 0.500000 0.072222 0.440000 0.077778
6 0.491798 0.834530 0.294935 0.242474
1 0.491798 0.753846 0.207879 0.040741
8 0.491667 0.862037 0.104167 0.131481
6 0.822393 0.275330 0.301770 0.247246
1 0.822393 0.186043 0.137818 0.040741
1 0.822396 0.303704 0.113542 0.144444
6 0.495206 0.550356 0.295826 0.249513
1 0.495206 0.465596 0.137292 0.044177
7 0.494792 0.579630 0.108333 0.137037
6 0.172704 0.265388 0.297183 0.240947
1 0.172704 0.184532 0.204063 0.045100
2 0.172396 0.294444 0.271875 0.144444
6 0.822787 0.545509 0.306803 0.243529
1 0.822787 0.463665 0.206712 0.042164
2 0.822396 0.573148 0.282292 0.150000
0 0.171386 0.540103 0.297360 0.241999
1 0.171386 0.453868 0.181595 0.040741
2 0.171354 0.567593 0.271875 0.150000
0 0.172125 0.839693 0.303430 0.255218
1 0.172125 0.750051 0.162521 0.043387
2 0.172396 0.868519 0.278125 0.159259
6 0.490511 0.273108 0.297543 0.249476
1 0.474696 0.189965 0.222296 0.044620
4 0.490625 0.302778 0.272917 0.153704
