1 0.500000 0.072222 0.440000 0.077778
0 0.497708 0.543164 0.300197 0.246611
1 0.475892 0.456885 0.156645 0.040741
2 0.497917 0.571296 0.275000 0.153704
6 0.175877 0.827028 0.295699 0.238303
1 0.199966 0.750363 0.208272 0.045597
6 0.176042 0.857407 0.270833 0.140741
0 0.819553 0.262848 0.303167 0.239990
1 0.799081 0.183247 0.184047 0.047336
6 0.819271 0.294444 0.278125 0.140741
6 0.174087 0.548771 0.294560 0.246623
1 0.174087 0.462206 0.171217 0.041917
2 0.174479 0.576852 0.269792 0.153704
0 0.501152 0.834716 0.301101 0.254290
1 0.501152 0.744036 0.215776 0.040741
2 0.501563 0.862037 0.276042 0.161111
0 0.175688 0.265630 0.304359 0.243171
1 0.175688 0.184364 0.217540 0.048413
7 0.175521 0.297222 0.103125 0.131481
0 0.814903 0.544033 0.296031 0.239802
1 0.784421 0.465794 0.207798 0.047878
6 0.814583 0.575926 0.270833 0.140741
0 0.497942 0.261331 0.303137 0.237677
1 0.501385 0.178834 0.208140 0.040741
5 0.497917 0.288889 0.110417 0.140741
