1 0.500000 0.072222 0.440000 0.077778
0 0.494262 0.824868 0.299723 0.239422
1 0.521587 0.742694 0.216334 0.045920
2 0.493750 0.855556 0.275000 0.140741
7 0.591223 0.737299 0.080801 0.027248
0 0.172542 0.821534 0.296407 0.239060
1 0.172542 0.739673 0.170731 0.044187
2 0.172396 0.850926 0.271875 0.142593
7 0.275948 0.737311 0.064594 0.033578
0 0.172107 0.558611 0.300121 0.251942
1 0.144203 0.468979 0.143747 0.045419
6 0.171875 0.588889 0.275000 0.155556
6 0.499478 0.555845 0.305466 0.250319
1 0.499478 0.469480 0.179109 0.040741
2 0.499479 0.584259 0.280208 0.157407
0 0.174793 0.272503 0.298781 0.242002
1 0.174793 0.192646 0.151014 0.045207
8 0.175000 0.302778 0.097917 0.124074
0 0.492313 0.266881 0.300284 0.246623
1 0.499374 0.179910 0.213722 0.046415
2 0.492708 0.298148 0.275000 0.148148
7 0.593726 0.181216 0.072457 0.038256
6 0.820859 0.267353 0.302437 0.255406
1 0.820859 0.177912 0.235454 0.046091
8 0.820833 0.297222 0.120833 0.153704
6 0.818241 0.556095 0.295512 0.247880
1 0.818241 0.471532 0.195594 0.042040
3 0.818750 0.584259 0.270833 0.153704
