1 0.500000 0.072222 0.440000 0.077778
6 0.498890 0.827392 0.304140 0.237937
1 0.498890 0.750740 0.186675 0.047223
5 0.498958 0.858333 0.108333 0.138889
0 0.181920 0.548220 0.306930 0.251709
1 0.181920 0.459503 0.232979 0.046647
5 0.182292 0.578704 0.114583 0.146296
7 0.278191 0.457426 0.089388 0.033084
6 0.501274 0.274153 0.303180 0.252148
1 0.501274 0.182826 0.224425 0.043218
2 0.501563 0.302778 0.278125 0.157407
6 0.179325 0.258198 0.298883 0.238372
1 0.181341 0.179019 0.224895 0.040741
3 0.179688 0.286111 0.273958 0.146296
6 0.176125 0.838185 0.296833 0.254252
1 0.172498 0.753772 0.145787 0.046704
6 0.176563 0.868519 0.271875 0.155556
7 0.264584 0.747831 0.094915 0.036507
6 0.816997 0.546617 0.302051 0.237686
1 0.816997 0.465396 0.210802 0.040741
6 0.816667 0.574074 0.277083 0.144444
7 0.912620 0.462956 0.085805 0.033327
0 0.491186 0.544811 0.297565 0.243677
1 0.467747 0.460899 0.218928 0.045540
6 0.491667 0.575000 0.272917 0.146296
6 0.822699 0.256511 0.299907 0.237397
1 0.822699 0.174354 0.222048 0.040741
4 0.822917 0.285185 0.275000 0.144444
