1 0.500000 0.072222 0.440000 0.077778
0 0.817323 0.267422 0.298800 0.250659
1 0.817323 0.179251 0.222679 0.043838
6 0.817187 0.296296 0.273958 0.155556
6 0.495849 0.260480 0.297930 0.245164
1 0.474267 0.173932 0.168524 0.040741
7 0.496354 0.288889 0.115625 0.148148
7 0.594803 0.168687 0.075022 0.024541
6 0.180475 0.272001 0.303465 0.244483
1 0.180475 0.185443 0.220250 0.040741
7 0.180208 0.299074 0.106250 0.135185
6 0.496310 0.550740 0.305386 0.241834
1 0.496310 0.471096 0.174847 0.048040
2 0.496354 0.582407 0.280208 0.142593
6 0.495676 0.831462 0.301584 0.238921
1 0.495676 0.748482 0.193060 0.040741
2 0.495833 0.858333 0.277083 0.146296
0 0.818093 0.552985 0.306273 0.244691
1 0.818093 0.471165 0.193806 0.040741
4 0.817708 0.581481 0.281250 0.151852
7 0.923853 0.468233 0.069752 0.038149
6 0.174737 0.825565 0.295094 0.241286
1 0.152553 0.742497 0.165072 0.047792
3 0.174479 0.857407 0.269792 0.140741
6 0.174945 0.543933 0.306261 0.243496
1 0.174945 0.456997 0.140005 0.040741
2 0.175000 0.571296 0.281250 0.150000
