1 0.500000 0.072222 0.440000 0.077778
0 0.497804 0.269437 0.298509 0.241427
1 0.438975 0.186082 0.131534 0.040741
2 0.497396 0.296296 0.273958 0.148148
0 0.179190 0.835106 0.304832 0.249146
1 0.179190 0.746680 0.145141 0.042417
5 0.179167 0.863889 0.106250 0.135185
0 0.492177 0.832892 0.301332 0.238383
1 0.513822 0.748132 0.182309 0.040741
2 0.492188 0.860185 0.276042 0.146296
0 0.815323 0.265159 0.302989 0.240544
1 0.815323 0.183486 0.200050 0.040741
4 0.815104 0.292593 0.278125 0.148148
7 0.910566 0.178226 0.087503 0.029640
0 0.502239 0.550773 0.302377 0.237340
1 0.542067 0.469170 0.151622 0.043414
2 0.502083 0.580556 0.277083 0.142593
7 0.603680 0.466544 0.074493 0.031844
0 0.822324 0.544341 0.301623 0.247650
1 0.794306 0.457910 0.198312 0.040741
2 0.821875 0.572222 0.277083 0.155556
6 0.176430 0.547572 0.298212 0.242471
1 0.206933 0.466612 0.193725 0.046544
6 0.176042 0.577778 0.272917 0.144444
7 0.271843 0.460860 0.082386 0.032010
0 0.172070 0.262599 0.297859 0.245090
1 0.172070 0.179130 0.132332 0.042501
1 0.172396 0.290741 0.105208 0.133333
