1 0.500000 0.072222 0.440000 0.077778
0 0.495713 0.537887 0.306782 0.237079
1 0.495713 0.460541 0.232460 0.043734
7 0.495833 0.567593 0.097917 0.124074
6 0.172363 0.268704 0.301871 0.254118
1 0.191853 0.180499 0.181912 0.049824
5 0.171875 0.301852 0.116667 0.148148
6 0.823819 0.544171 0.303001 0.248462
1 0.823819 0.459265 0.182926 0.043593
2 0.823438 0.573148 0.278125 0.153704
0 0.493707 0.838824 0.295628 0.254936
1 0.493707 0.751226 0.190303 0.050332
2 0.493750 0.872222 0.270833 0.151852
7 0.594855 0.744056 0.068331 0.028362
6 0.172478 0.549991 0.299830 0.249058
1 0.165670 0.463243 0.150879 0.048888
7 0.172917 0.581481 0.104167 0.133333
0 0.492212 0.269267 0.296449 0.255152
1 0.492212 0.177294 0.216480 0.040741
2 0.492188 0.296296 0.271875 0.162963
6 0.172913 0.835010 0.301834 0.244784
1 0.172913 0.749084 0.189441 0.044822
8 0.172396 0.865741 0.103125 0.131481
7 0.273761 0.745927 0.075137 0.029581
6 0.819422 0.268171 0.296962 0.239963
1 0.858034 0.187038 0.147059 0.045072
2 0.819271 0.297222 0.271875 0.142593
