1 0.500000 0.072222 0.440000 0.077778
6 0.488960 0.825677 0.295269 0.246836
1 0.488960 0.742342 0.144425 0.040741
7 0.488542 0.852778 0.120833 0.153704
6 0.174807 0.264316 0.300056 0.254422
1 0.180211 0.171151 0.233354 0.041250
7 0.174479 0.292593 0.121875 0.155556
6 0.171636 0.543404 0.296929 0.242993
1 0.171636 0.455819 0.180212 0.040741
6 0.171354 0.571296 0.271875 0.150000
0 0.491636 0.262913 0.297949 0.248168
1 0.491636 0.179177 0.133722 0.040741
7 0.491146 0.289815 0.121875 0.153704
6 0.824069 0.545374 0.302343 0.251853
1 0.853277 0.460216 0.153639 0.048888
7 0.824479 0.576852 0.107292 0.135185
0 0.811502 0.266561 0.296016 0.240863
1 0.811502 0.186736 0.199973 0.042574
3 0.811458 0.295370 0.270833 0.146296
7 0.907325 0.180785 0.079370 0.032274
6 0.491180 0.551404 0.296269 0.248367
1 0.480293 0.470986 0.209903 0.047224
7 0.491146 0.583333 0.113542 0.144444
6 0.174402 0.825528 0.301096 0.248998
1 0.174402 0.744987 0.180683 0.048594
7 0.174479 0.856481 0.101042 0.127778
