1 0.500000 0.072222 0.440000 0.077778
0 0.815873 0.276259 0.299873 0.255092
1 0.805964 0.186404 0.211956 0.040741
1 0.815625 0.303704 0.125000 0.159259
7 0.922367 0.186444 0.061886 0.038426
0 0.172010 0.822256 0.294552 0.237422
1 0.237640 0.744281 0.132455 0.045825
6 0.172396 0.852778 0.269792 0.138889
0 0.498169 0.264540 0.305101 0.237458
1 0.501361 0.179931 0.205505 0.040741
2 0.498437 0.292593 0.280208 0.144444
0 0.173827 0.549397 0.302633 0.237540
1 0.173827 0.471084 0.161937 0.040741
2 0.173437 0.577778 0.278125 0.144444
6 0.819212 0.554079 0.300853 0.244422
1 0.819212 0.473310 0.183273 0.048249
2 0.819271 0.585185 0.276042 0.144444
0 0.177638 0.259621 0.304846 0.244529
1 0.177638 0.177335 0.163693 0.040741
2 0.177604 0.287037 0.280208 0.151852
7 0.278729 0.174935 0.077663 0.038120
6 0.492083 0.547542 0.297256 0.245207
1 0.472762 0.466087 0.163025 0.045397
2 0.492188 0.577778 0.271875 0.148148
7 0.593036 0.460813 0.070350 0.034711
0 0.493916 0.822893 0.298831 0.245459
1 0.493916 0.738281 0.225065 0.040741
2 0.494271 0.850926 0.273958 0.153704
