1 0.500000 0.072222 0.440000 0.077778
6 0.495045 0.542828 0.296741 0.243721
1 0.495045 0.459282 0.197247 0.047270
4 0.495312 0.574074 0.271875 0.144444
6 0.178135 0.548601 0.295868 0.240048
1 0.135181 0.467804 0.143480 0.040741
5 0.178646 0.575926 0.111458 0.140741
0 0.500304 0.821977 0.299255 0.243147
1 0.466270 0.739896 0.210131 0.040741
2 0.500521 0.849074 0.273958 0.150000
7 0.598401 0.731669 0.078061 0.025495
0 0.172041 0.823214 0.297106 0.242627
1 0.172041 0.740671 0.134717 0.043658
5 0.171875 0.852778 0.104167 0.131481
6 0.175789 0.263177 0.299226 0.248380
1 0.178378 0.175467 0.179083 0.040741
5 0.176042 0.290741 0.110417 0.140741
0 0.816705 0.556913 0.295594 0.248039
1 0.816705 0.467100 0.142305 0.040741
2 0.816667 0.585185 0.270833 0.155556
0 0.821217 0.267955 0.300807 0.249251
1 0.853300 0.183873 0.193237 0.046763
2 0.821354 0.299074 0.276042 0.150000
6 0.492587 0.275179 0.301473 0.251134
1 0.492587 0.185792 0.145456 0.040741
2 0.492188 0.303704 0.276042 0.159259
