1 0.500000 0.072222 0.440000 0.077778
6 0.173982 0.261500 0.299946 0.241915
1 0.173982 0.180963 0.152389 0.042790
7 0.173958 0.290741 0.110417 0.140741
0 0.502839 0.546682 0.305836 0.238954
1 0.502839 0.466435 0.176569 0.040741
2 0.503125 0.575000 0.281250 0.146296
0 0.822503 0.262374 0.304628 0.250123
1 0.821686 0.179790 0.212227 0.045771
2 0.822917 0.292593 0.279167 0.151852
7 0.927101 0.170208 0.070431 0.028755
0 0.180650 0.553805 0.305031 0.244967
1 0.180650 0.466884 0.196550 0.045192
4 0.180729 0.583333 0.280208 0.148148
6 0.811960 0.549597 0.296922 0.244931
1 0.811960 0.465997 0.168592 0.040741
4 0.811979 0.577778 0.271875 0.151852
7 0.914183 0.458187 0.067476 0.025076
0 0.183043 0.830294 0.305738 0.255422
1 0.175926 0.740164 0.196311 0.044920
7 0.183333 0.860185 0.120833 0.153704
0 0.495083 0.833404 0.306361 0.255043
1 0.495083 0.741834 0.145601 0.040741
2 0.494792 0.861111 0.281250 0.162963
7 0.590133 0.738546 0.091261 0.028290
6 0.503755 0.273504 0.306785 0.246698
1 0.503755 0.190805 0.238631 0.040741
8 0.504167 0.301852 0.104167 0.133333
