1 0.500000 0.072222 0.440000 0.077778
0 0.490687 0.555819 0.294738 0.247880
1 0.533300 0.469853 0.133858 0.040741
5 0.490625 0.583333 0.112500 0.144444
7 0.598105 0.463335 0.054902 0.025876
6 0.814926 0.546247 0.295487 0.254668
1 0.814926 0.455580 0.167662 0.040741
6 0.814583 0.574074 0.270833 0.162963
0 0.174152 0.541328 0.305006 0.240477
1 0.174152 0.455640 0.165256 0.040741
2 0.174479 0.568519 0.280208 0.148148
7 0.284868 0.451483 0.058575 0.023751
6 0.176163 0.832945 0.300279 0.244317
1 0.218312 0.747904 0.152144 0.040741
1 0.176563 0.860185 0.105208 0.135185
0 0.173492 0.266619 0.306941 0.244790
1 0.173492 0.183919 0.226371 0.043118
2 0.173437 0.295370 0.282292 0.150000
7 0.265617 0.177060 0.097692 0.028636
0 0.495515 0.263447 0.301962 0.252762
1 0.495515 0.176997 0.205015 0.043228
7 0.495312 0.291667 0.109375 0.138889
6 0.821715 0.274420 0.302449 0.254219
1 0.821715 0.182518 0.174003 0.040741
6 0.821875 0.302778 0.277083 0.161111
6 0.498228 0.826017 0.306431 0.242086
1 0.470039 0.745363 0.158417 0.040741
1 0.497917 0.853704 0.279167 0.022222
