1 0.500000 0.072222 0.440000 0.077778
0 0.500071 0.541894 0.299178 0.241020
1 0.483308 0.456118 0.134173 0.040741
7 0.500000 0.570370 0.108333 0.137037
0 0.177234 0.271978 0.294894 0.253697
1 0.177234 0.179725 0.220073 0.040741
5 0.177604 0.299074 0.117708 0.150000
6 0.176136 0.831409 0.298700 0.245347
1 0.186678 0.748396 0.131537 0.040741
2 0.176563 0.859259 0.273958 0.151852
6 0.500289 0.270840 0.297729 0.248531
1 0.500289 0.183546 0.135054 0.040741
2 0.500000 0.298148 0.272917 0.155556
0 0.493791 0.823613 0.300747 0.239045
1 0.493791 0.742303 0.170852 0.040741
8 0.493750 0.851852 0.112500 0.144444
6 0.822436 0.261787 0.306266 0.238064
1 0.822436 0.180856 0.139322 0.041259
8 0.822917 0.289815 0.112500 0.142593
6 0.814600 0.547457 0.300754 0.244613
1 0.819163 0.463118 0.176874 0.047072
2 0.815104 0.578704 0.276042 0.146296
6 0.172485 0.540182 0.300857 0.237964
1 0.172485 0.456465 0.208788 0.040741
5 0.172396 0.568519 0.065625 0.133333
