1 0.500000 0.072222 0.440000 0.077778
6 0.495064 0.267208 0.299238 0.252085
1 0.495064 0.174938 0.194174 0.040741
5 0.494792 0.295370 0.072917 0.146296
0 0.499359 0.545097 0.303321 0.245526
1 0.515154 0.464455 0.197985 0.048770
2 0.499479 0.577778 0.278125 0.144444
0 0.176346 0.824425 0.295177 0.243477
1 0.201880 0.742171 0.200522 0.040741
8 0.176042 0.852778 0.104167 0.131481
0 0.173314 0.277202 0.300584 0.251410
1 0.173314 0.191400 0.138799 0.040741
1 0.172917 0.304630 0.120833 0.153704
6 0.173859 0.559163 0.302461 0.254288
1 0.173859 0.465603 0.176644 0.040741
8 0.173958 0.587037 0.110417 0.140741
6 0.812286 0.261291 0.296255 0.244814
1 0.812286 0.172818 0.219330 0.041352
1 0.812500 0.288889 0.108333 0.137037
0 0.494666 0.834604 0.295893 0.247250
1 0.448895 0.753854 0.141495 0.047300
6 0.494792 0.864815 0.270833 0.148148
0 0.817663 0.548537 0.294814 0.245569
1 0.817663 0.464515 0.164908 0.040741
2 0.817187 0.576852 0.269792 0.153704
7 0.922019 0.464531 0.061101 0.040519
