1 0.500000 0.072222 0.440000 0.077778
6 0.174085 0.263371 0.296738 0.250232
1 0.170409 0.173739 0.140052 0.043421
5 0.174479 0.291667 0.115625 0.146296
6 0.177580 0.828120 0.298293 0.239641
1 0.135638 0.746052 0.131659 0.040741
6 0.177083 0.856481 0.272917 0.146296
0 0.500856 0.262550 0.299375 0.239042
1 0.492629 0.183363 0.225680 0.040741
2 0.500521 0.289815 0.273958 0.146296
6 0.814748 0.262077 0.303534 0.246143
1 0.814748 0.181149 0.214740 0.048203
2 0.815104 0.293519 0.278125 0.146296
0 0.170755 0.548281 0.299063 0.242754
1 0.170755 0.462538 0.134042 0.040741
1 0.170833 0.575926 0.108333 0.137037
6 0.496817 0.835058 0.296287 0.245367
1 0.496817 0.755283 0.200290 0.048969
2 0.496875 0.866667 0.270833 0.144444
7 0.585696 0.748308 0.093529 0.034831
0 0.490631 0.548865 0.297119 0.252076
1 0.490631 0.456425 0.162911 0.040741
7 0.491146 0.575926 0.113542 0.144444
0 0.815172 0.553578 0.302282 0.248336
1 0.815172 0.464465 0.216947 0.042613
2 0.815625 0.582407 0.277083 0.153704
