1 0.500000 0.072222 0.440000 0.077778
6 0.172861 0.830424 0.298269 0.240500
1 0.195684 0.746974 0.208172 0.043560
3 0.172917 0.859259 0.272917 0.144444
0 0.495642 0.825134 0.294604 0.248494
1 0.483023 0.736313 0.178958 0.040741
6 0.495312 0.853704 0.269792 0.155556
6 0.814207 0.264673 0.300642 0.251905
1 0.803811 0.177528 0.180699 0.040741
6 0.814063 0.292593 0.276042 0.159259
7 0.905827 0.172654 0.092400 0.030830
0 0.180707 0.551871 0.301456 0.254566
1 0.180707 0.463166 0.190400 0.041068
2 0.180729 0.580556 0.276042 0.161111
0 0.498372 0.541791 0.296630 0.243709
1 0.498372 0.454896 0.152581 0.041226
2 0.498437 0.569444 0.271875 0.150000
0 0.176792 0.265427 0.295272 0.247648
1 0.176792 0.182409 0.176437 0.048174
2 0.176563 0.296296 0.269792 0.148148
6 0.499594 0.274879 0.306360 0.253444
1 0.542492 0.187099 0.159657 0.040741
5 0.499479 0.301852 0.126042 0.159259
6 0.822987 0.554072 0.302606 0.251964
1 0.822987 0.465881 0.172101 0.046705
7 0.823438 0.584259 0.107292 0.135185
