1 0.500000 0.072222 0.440000 0.077778
0 0.173706 0.827333 0.296338 0.239300
1 0.173706 0.745321 0.192564 0.042810
2 0.173958 0.855556 0.270833 0.144444
7 0.262384 0.743099 0.093981 0.033794
0 0.816169 0.542976 0.304748 0.246613
1 0.837286 0.456879 0.198625 0.040741
6 0.816146 0.571296 0.280208 0.153704
0 0.173208 0.543405 0.298160 0.242827
1 0.161091 0.462442 0.225700 0.043337
2 0.172917 0.572222 0.272917 0.148148
6 0.498346 0.264526 0.305973 0.243940
1 0.498346 0.181246 0.203995 0.043337
7 0.498437 0.294444 0.115625 0.148148
7 0.592297 0.180564 0.093072 0.038980
6 0.493539 0.827355 0.297502 0.237566
1 0.467881 0.743404 0.217230 0.042319
1 0.493229 0.856481 0.107292 0.135185
7 0.590570 0.740880 0.078439 0.027579
0 0.504731 0.557759 0.306251 0.255351
1 0.503487 0.464939 0.183816 0.040741
5 0.504687 0.586111 0.153125 0.153704
6 0.175331 0.263269 0.298496 0.242653
1 0.179069 0.180718 0.169693 0.040741
2 0.175521 0.291667 0.273958 0.150000
7 0.271104 0.173507 0.081951 0.026092
6 0.816583 0.265953 0.295543 0.254852
1 0.823444 0.175570 0.227720 0.040741
2 0.816667 0.294444 0.270833 0.162963
