1 0.500000 0.072222 0.440000 0.077778
0 0.490889 0.551081 0.296172 0.237124
1 0.499272 0.472280 0.195378 0.045226
5 0.491146 0.580556 0.101042 0.127778
0 0.173933 0.274793 0.302736 0.254997
1 0.173933 0.185506 0.163281 0.048022
6 0.173437 0.305556 0.278125 0.155556
6 0.819088 0.263880 0.296603 0.237754
1 0.819088 0.184140 0.138018 0.042522
6 0.819271 0.291667 0.271875 0.142593
0 0.497605 0.829481 0.303175 0.247949
1 0.497605 0.747208 0.135347 0.047788
6 0.497396 0.861111 0.278125 0.148148
7 0.594623 0.735337 0.084140 0.022624
0 0.494062 0.276317 0.301053 0.252335
1 0.447770 0.187973 0.160586 0.045062
2 0.494271 0.305556 0.276042 0.155556
0 0.173527 0.836546 0.299997 0.252652
1 0.143379 0.748042 0.139341 0.040741
1 0.173958 0.863889 0.108333 0.138889
6 0.175546 0.548358 0.303868 0.253247
1 0.144365 0.455827 0.194022 0.040741
2 0.176042 0.576852 0.279167 0.161111
6 0.822565 0.549186 0.305476 0.237154
1 0.854011 0.472067 0.204122 0.046527
2 0.822396 0.580556 0.280208 0.138889
