1 0.500000 0.072222 0.440000 0.077778
6 0.491809 0.839252 0.295624 0.250985
1 0.491809 0.754115 0.225039 0.049449
5 0.492188 0.872222 0.107292 0.137037
7 0.588148 0.747947 0.077946 0.031338
6 0.175885 0.274796 0.303025 0.249331
1 0.138832 0.185909 0.185902 0.044243
2 0.175521 0.304630 0.278125 0.153704
6 0.813389 0.260284 0.298240 0.243992
1 0.813389 0.174889 0.179332 0.046957
5 0.813021 0.291667 0.105208 0.135185
7 0.914594 0.169048 0.070830 0.024482
0 0.500622 0.549594 0.300170 0.237120
1 0.500622 0.469594 0.202137 0.040741
6 0.501042 0.577778 0.275000 0.144444
7 0.598003 0.463937 0.080408 0.028770
0 0.175465 0.833007 0.299716 0.241721
1 0.175465 0.746090 0.186939 0.040741
2 0.175000 0.860185 0.275000 0.150000
7 0.272969 0.744961 0.079708 0.028590
0 0.820208 0.541619 0.302684 0.238411
1 0.831175 0.465072 0.188317 0.046290
2 0.820312 0.572222 0.278125 0.140741
6 0.173365 0.537344 0.296084 0.237408
1 0.173365 0.453477 0.203423 0.040741
2 0.172917 0.564815 0.270833 0.144444
7 0.283773 0.449900 0.050267 0.025482
6 0.494197 0.258264 0.299566 0.242314
1 0.494197 0.176925 0.193318 0.044058
6 0.493750 0.287963 0.275000 0.146296
