1 0.500000 0.072222 0.440000 0.077778
6 0.171866 0.838990 0.294852 0.251539
1 0.205871 0.753698 0.173799 0.040741
5 0.171875 0.866667 0.110417 0.140741
0 0.170262 0.260502 0.299805 0.243426
1 0.179846 0.178909 0.169590 0.043304
2 0.169792 0.288889 0.275000 0.148148
0 0.820640 0.265907 0.303679 0.254621
1 0.830207 0.172400 0.184525 0.040741
2 0.820833 0.293519 0.279167 0.161111
6 0.501502 0.550644 0.306440 0.250776
1 0.501502 0.460313 0.146344 0.040741
1 0.501563 0.578704 0.117708 0.150000
0 0.825700 0.539832 0.305086 0.238793
1 0.828902 0.456165 0.161004 0.040741
6 0.825521 0.567593 0.280208 0.146296
0 0.495174 0.271482 0.303301 0.252477
1 0.495174 0.184740 0.174197 0.048401
7 0.495312 0.302778 0.103125 0.131481
0 0.502544 0.827229 0.301790 0.245987
1 0.502544 0.741906 0.208198 0.040741
2 0.502083 0.854630 0.277083 0.153704
6 0.172650 0.549074 0.302397 0.247041
1 0.148294 0.466494 0.182123 0.048191
2 0.172917 0.580556 0.277083 0.146296
7 0.281007 0.464263 0.060683 0.040381
