1 0.500000 0.072222 0.440000 0.077778
0 0.179884 0.543405 0.305997 0.245867
1 0.179884 0.458262 0.186578 0.040741
1 0.179688 0.571296 0.109375 0.138889
0 0.496739 0.840999 0.305833 0.254396
1 0.496739 0.752398 0.228885 0.045369
2 0.496875 0.871296 0.281250 0.157407
7 0.588407 0.747970 0.097498 0.031301
0 0.496460 0.271464 0.301552 0.245770
1 0.490841 0.186897 0.136160 0.047255
7 0.496875 0.302778 0.112500 0.142593
7 0.589152 0.186108 0.091168 0.038021
6 0.179679 0.826416 0.305489 0.237728
1 0.179679 0.749702 0.237067 0.044474
6 0.179688 0.855556 0.280208 0.140741
6 0.815283 0.268041 0.303713 0.248642
1 0.798248 0.178993 0.191021 0.040741
2 0.815625 0.296296 0.279167 0.155556
7 0.907975 0.178938 0.093328 0.033399
6 0.175178 0.272117 0.305569 0.240897
1 0.148736 0.193595 0.186986 0.046232
8 0.175000 0.301852 0.102083 0.129630
6 0.815113 0.552007 0.297019 0.249186
1 0.815113 0.466162 0.144315 0.043743
2 0.815104 0.580556 0.271875 0.153704
0 0.490843 0.549248 0.295892 0.238291
1 0.490843 0.471303 0.134165 0.047074
2 0.490625 0.580556 0.270833 0.138889
