1 0.500000 0.072222 0.440000 0.077778
6 0.176108 0.546210 0.296779 0.242950
1 0.176108 0.463838 0.148597 0.048404
6 0.176563 0.578704 0.271875 0.142593
0 0.496814 0.263621 0.295599 0.249357
1 0.496814 0.176074 0.150932 0.040741
5 0.496354 0.291667 0.076042 0.153704
7 0.587302 0.170722 0.089624 0.026522
0 0.501119 0.828437 0.298783 0.247602
1 0.501119 0.746690 0.182772 0.047431
5 0.501563 0.859259 0.107292 0.137037
6 0.494155 0.552126 0.294781 0.253999
1 0.494155 0.465402 0.156084 0.040741
7 0.494271 0.579630 0.109375 0.140741
0 0.182058 0.831104 0.305213 0.241979
1 0.182058 0.748519 0.161052 0.045944
8 0.181771 0.862037 0.109375 0.138889
0 0.824831 0.274134 0.306425 0.254557
1 0.824831 0.186987 0.178466 0.047543
6 0.825000 0.305556 0.281250 0.155556
6 0.822242 0.548198 0.304223 0.244199
1 0.822242 0.461786 0.198644 0.040741
2 0.821875 0.575926 0.279167 0.151852
0 0.173666 0.264386 0.301277 0.238937
1 0.173666 0.184265 0.216840 0.041704
7 0.173958 0.292593 0.100000 0.125926
