1 0.500000 0.072222 0.440000 0.077778
6 0.171236 0.829168 0.298177 0.248578
1 0.171236 0.740722 0.153095 0.040741
6 0.170833 0.857407 0.272917 0.155556
6 0.815325 0.545662 0.295404 0.254081
1 0.815325 0.452240 0.208955 0.040741
7 0.815625 0.574074 0.110417 0.140741
7 0.921170 0.452063 0.058713 0.029847
6 0.494715 0.838658 0.294628 0.253557
1 0.494715 0.754261 0.159267 0.048163
2 0.494271 0.869444 0.269792 0.153704
7 0.591368 0.748041 0.076321 0.035288
0 0.816303 0.276298 0.305664 0.252659
1 0.816303 0.194301 0.170844 0.049156
5 0.816146 0.307407 0.111458 0.140741
0 0.175138 0.268669 0.297632 0.244128
1 0.175138 0.183266 0.193157 0.040741
2 0.175000 0.296296 0.272917 0.151852
7 0.268365 0.181624 0.086180 0.033001
6 0.172473 0.543934 0.304149 0.245424
1 0.172228 0.460852 0.158604 0.040741
5 0.172396 0.571296 0.151042 0.150000
6 0.494382 0.267548 0.302683 0.246316
1 0.494382 0.188699 0.169570 0.047921
7 0.494271 0.298148 0.107292 0.137037
7 0.589533 0.176549 0.087381 0.027282
0 0.498947 0.541930 0.304230 0.245592
1 0.519466 0.454686 0.236039 0.044151
2 0.498958 0.571296 0.279167 0.150000
