1 0.500000 0.072222 0.440000 0.077778
0 0.170288 0.553898 0.299188 0.241843
1 0.191534 0.466949 0.210752 0.040741
2 0.170313 0.582407 0.273958 0.150000
6 0.817358 0.263858 0.301118 0.239176
1 0.817358 0.178945 0.147565 0.040741
2 0.817187 0.291667 0.276042 0.146296
7 0.909549 0.174160 0.091737 0.022744
0 0.494758 0.553530 0.297383 0.245163
1 0.494758 0.470367 0.135075 0.045261
2 0.494271 0.583333 0.271875 0.148148
0 0.504239 0.268948 0.305026 0.242119
1 0.504239 0.187337 0.191578 0.045987
4 0.504687 0.300000 0.280208 0.144444
6 0.181375 0.279563 0.305755 0.255549
1 0.181375 0.190582 0.208730 0.046727
6 0.181250 0.310185 0.281250 0.157407
6 0.181237 0.828809 0.305108 0.247133
1 0.181237 0.745289 0.209588 0.040741
4 0.180729 0.856481 0.280208 0.153704
6 0.500602 0.828821 0.304293 0.253123
1 0.500602 0.739431 0.190990 0.040741
3 0.501042 0.856481 0.279167 0.161111
0 0.815153 0.545670 0.299367 0.245533
1 0.815153 0.458839 0.135574 0.040741
5 0.815104 0.574074 0.105208 0.133333
