1 0.500000 0.072222 0.440000 0.077778
6 0.178097 0.837928 0.302656 0.249240
1 0.241925 0.755090 0.150633 0.049019
2 0.177604 0.870370 0.278125 0.148148
0 0.815775 0.263703 0.298013 0.238236
1 0.815775 0.183397 0.213145 0.040741
3 0.815625 0.291667 0.272917 0.146296
0 0.491452 0.264999 0.296054 0.244620
1 0.451423 0.181632 0.176890 0.040741
2 0.491667 0.292593 0.270833 0.151852
0 0.497427 0.824881 0.306630 0.239737
1 0.497427 0.741960 0.137509 0.040741
7 0.497396 0.851852 0.105208 0.133333
6 0.501011 0.548055 0.303258 0.240814
1 0.501011 0.466677 0.148769 0.046141
7 0.500521 0.577778 0.098958 0.125926
6 0.174922 0.268923 0.299772 0.251925
1 0.174922 0.181956 0.200023 0.040741
6 0.175000 0.296296 0.275000 0.159259
6 0.176172 0.550420 0.302389 0.252515
1 0.169380 0.466391 0.151609 0.048877
5 0.176563 0.582407 0.142708 0.142593
6 0.820333 0.557484 0.301423 0.254929
1 0.820333 0.466914 0.209032 0.043146
2 0.820312 0.587037 0.276042 0.159259
