1 0.500000 0.072222 0.440000 0.077778
6 0.815775 0.274697 0.304093 0.255116
1 0.873055 0.180669 0.148116 0.040741
6 0.815625 0.301852 0.279167 0.162963
6 0.177481 0.824992 0.304965 0.240594
1 0.177481 0.747765 0.152620 0.047991
8 0.177083 0.855556 0.110417 0.140741
6 0.501146 0.546808 0.306326 0.247169
1 0.501146 0.463539 0.203898 0.047021
2 0.501042 0.577778 0.281250 0.148148
0 0.492150 0.832179 0.295459 0.241988
1 0.457365 0.751839 0.148891 0.040741
6 0.491667 0.860185 0.270833 0.150000
6 0.820396 0.544918 0.297147 0.247136
1 0.820396 0.457969 0.194568 0.040741
7 0.820833 0.572222 0.114583 0.144444
7 0.914928 0.458257 0.083083 0.036777
6 0.173876 0.266026 0.306437 0.250424
1 0.173876 0.177838 0.192514 0.040741
2 0.173958 0.293519 0.281250 0.157407
6 0.182066 0.552686 0.306586 0.242460
1 0.182066 0.466905 0.200473 0.040741
7 0.181771 0.580556 0.109375 0.138889
7 0.280822 0.466252 0.084074 0.032554
6 0.498155 0.267001 0.296240 0.241638
1 0.498155 0.184434 0.191222 0.040741
7 0.498437 0.294444 0.105208 0.133333
7 0.589706 0.180927 0.088137 0.032454
