1 0.500000 0.072222 0.440000 0.077778
6 0.820621 0.275709 0.306397 0.250760
1 0.828416 0.187347 0.169731 0.043964
6 0.820833 0.305556 0.281250 0.155556
6 0.175655 0.819803 0.296100 0.237918
1 0.175655 0.738704 0.202227 0.045517
3 0.176042 0.850000 0.270833 0.140741
6 0.176212 0.556816 0.304828 0.247882
1 0.176212 0.467522 0.220346 0.040741
5 0.176563 0.584259 0.117708 0.150000
6 0.503543 0.826390 0.305049 0.251186
1 0.503543 0.734374 0.159138 0.040741
6 0.503646 0.853704 0.280208 0.159259
0 0.820003 0.558806 0.294886 0.252659
1 0.820003 0.471797 0.215052 0.040741
8 0.820312 0.587037 0.111458 0.140741
0 0.496919 0.545157 0.302391 0.239179
1 0.496919 0.466685 0.139547 0.046851
7 0.496875 0.575926 0.095833 0.122222
7 0.601124 0.456040 0.068980 0.023908
6 0.500814 0.273897 0.298402 0.248936
1 0.500814 0.186834 0.210187 0.040741
2 0.501042 0.301852 0.272917 0.155556
6 0.176916 0.266163 0.306205 0.240413
1 0.176916 0.183129 0.161693 0.040741
2 0.177083 0.294444 0.281250 0.148148
