1 0.500000 0.072222 0.440000 0.077778
0 0.816815 0.259576 0.296890 0.244850
1 0.816815 0.179880 0.195412 0.046195
2 0.817187 0.289815 0.271875 0.146296
7 0.923495 0.170115 0.058531 0.028891
6 0.181122 0.550792 0.306028 0.254990
1 0.181122 0.463580 0.154807 0.040741
2 0.181250 0.577778 0.281250 0.162963
6 0.175273 0.263943 0.297778 0.242135
1 0.136028 0.178290 0.186141 0.042555
2 0.175000 0.292593 0.272917 0.148148
6 0.173032 0.823469 0.305414 0.237251
1 0.116939 0.741765 0.139764 0.040741
2 0.173437 0.851852 0.280208 0.144444
6 0.491930 0.821362 0.299196 0.239354
1 0.491930 0.740371 0.140233 0.040741
2 0.492188 0.849074 0.273958 0.146296
6 0.821577 0.540271 0.298895 0.241721
1 0.786946 0.459183 0.142336 0.046717
3 0.821354 0.571296 0.273958 0.142593
7 0.932907 0.456215 0.051235 0.036572
0 0.491142 0.546531 0.297626 0.253016
1 0.491142 0.464176 0.189396 0.047960
2 0.490625 0.578704 0.272917 0.153704
6 0.503335 0.263909 0.305015 0.244428
1 0.532146 0.181399 0.189472 0.040951
6 0.503646 0.292593 0.280208 0.151852
