1 0.500000 0.072222 0.440000 0.077778
0 0.497424 0.832147 0.296793 0.241708
1 0.497424 0.745956 0.193638 0.040741
4 0.497396 0.860185 0.271875 0.150000
7 0.601247 0.741067 0.064148 0.022511
6 0.820150 0.550557 0.304853 0.252663
1 0.820150 0.461716 0.147787 0.040783
2 0.820312 0.577778 0.280208 0.159259
6 0.494065 0.539351 0.294489 0.238410
1 0.494065 0.456566 0.138630 0.040741
5 0.494271 0.566667 0.098958 0.125926
7 0.599759 0.454608 0.058102 0.031888
6 0.172238 0.269964 0.300697 0.245826
1 0.118292 0.185060 0.168026 0.040741
8 0.171875 0.298148 0.104167 0.133333
0 0.177984 0.830301 0.304204 0.240669
1 0.177984 0.746278 0.211281 0.040741
1 0.177604 0.857407 0.115625 0.148148
6 0.501556 0.268159 0.302763 0.248472
1 0.501556 0.187827 0.170741 0.049037
6 0.501563 0.300000 0.278125 0.148148
6 0.173861 0.556969 0.303143 0.247725
1 0.197299 0.471333 0.212472 0.046729
2 0.173437 0.587963 0.278125 0.150000
6 0.817948 0.272728 0.305923 0.253695
1 0.838520 0.182559 0.193485 0.043490
2 0.817708 0.301852 0.281250 0.159259
