1 0.500000 0.072222 0.440000 0.077778
6 0.169102 0.269204 0.296021 0.242899
1 0.169102 0.189218 0.225257 0.048206
2 0.168750 0.300926 0.270833 0.142593
6 0.812957 0.551766 0.297117 0.242640
1 0.812957 0.469819 0.138710 0.046998
5 0.812500 0.582407 0.106250 0.135185
6 0.499604 0.543168 0.299494 0.248044
1 0.462938 0.460806 0.190535 0.046730
2 0.500000 0.573148 0.275000 0.150000
7 0.600771 0.457828 0.072159 0.040328
6 0.817636 0.262694 0.306448 0.239208
1 0.817636 0.178474 0.159800 0.044450
4 0.817708 0.291667 0.281250 0.142593
7 0.921300 0.179557 0.074120 0.035898
0 0.492644 0.830106 0.297528 0.243393
1 0.478270 0.747548 0.150239 0.040741
6 0.492708 0.858333 0.272917 0.150000
0 0.169997 0.833664 0.297253 0.254811
1 0.112138 0.744289 0.160313 0.040741
2 0.170313 0.861111 0.271875 0.162963
7 0.264171 0.744743 0.083906 0.039930
6 0.171806 0.553320 0.301069 0.240921
1 0.160006 0.471653 0.172518 0.040741
5 0.171354 0.580556 0.115625 0.146296
0 0.490413 0.262419 0.296008 0.245321
1 0.490413 0.176489 0.222343 0.040936
6 0.490625 0.290741 0.270833 0.151852
