1 0.500000 0.072222 0.440000 0.077778
6 0.173176 0.549054 0.306491 0.249248
1 0.173176 0.468686 0.144230 0.049833
2 0.172917 0.581481 0.281250 0.148148
6 0.819331 0.548279 0.301107 0.239088
1 0.819331 0.463668 0.217704 0.040741
2 0.819271 0.576852 0.276042 0.146296
7 0.918511 0.458508 0.077749 0.022508
6 0.503600 0.828024 0.304649 0.247150
1 0.487623 0.742075 0.150154 0.040741
4 0.503125 0.856481 0.279167 0.153704
0 0.176243 0.833188 0.304658 0.243856
1 0.176243 0.753678 0.200652 0.048449
2 0.176042 0.864815 0.279167 0.144444
6 0.815091 0.269443 0.302965 0.245866
1 0.815091 0.183608 0.156161 0.040741
2 0.815104 0.297222 0.278125 0.153704
6 0.496880 0.267750 0.306605 0.241540
1 0.496880 0.182363 0.157082 0.040741
6 0.496875 0.296296 0.281250 0.148148
0 0.499769 0.538034 0.300907 0.237470
1 0.499769 0.456452 0.171159 0.040741
2 0.499479 0.566667 0.276042 0.144444
6 0.177982 0.267839 0.304651 0.251284
1 0.204497 0.181862 0.187064 0.040741
5 0.178125 0.295370 0.114583 0.146296
7 0.271942 0.180212 0.091730 0.038994
