77 0.500000 0.072222 0.440000 0.077778
10 0.816512 0.267238 0.306479 0.237599
77 0.816512 0.185413 0.194382 0.046307
88 0.816667 0.297222 0.281250 0.138889
28 0.931771 0.179630 0.017708 0.022222
10 0.172919 0.264439 0.298095 0.248534
77 0.172919 0.177318 0.145425 0.040741
55 0.172917 0.292593 0.272917 0.155556
32 0.274479 0.178704 0.028125 0.035185
7 0.176414 0.546664 0.300632 0.245741
77 0.176414 0.460420 0.162126 0.045436
67 0.176563 0.575926 0.276042 0.148148
13 0.492860 0.276603 0.301603 0.254620
77 0.501913 0.189988 0.220182 0.044783
53 0.493229 0.306481 0.117708 0.150000
15 0.499956 0.546510 0.302162 0.240608
77 0.434161 0.461084 0.143607 0.040741
57 0.500000 0.574074 0.277083 0.148148
11 0.173028 0.826152 0.305056 0.251665
77 0.212624 0.737143 0.163922 0.040741
13 0.173437 0.853704 0.280208 0.159259
23 0.265625 0.737037 0.029167 0.037037
14 0.499574 0.839281 0.301448 0.252076
77 0.499574 0.750246 0.166359 0.045276
6 0.499479 0.868519 0.276042 0.155556
32 0.607812 0.744444 0.017708 0.022222
19 0.823646 0.545561 0.303109 0.247287
77 0.823646 0.456618 0.176502 0.040741
26 0.823438 0.574074 0.278125 0.155556
