77 0.500000 0.072222 0.440000 0.077778
7 0.177594 0.832003 0.296365 0.251585
77 0.177594 0.743155 0.226583 0.044845
32 0.177083 0.862037 0.112500 0.142593
20 0.496974 0.262865 0.294895 0.237645
77 0.542455 0.180218 0.152465 0.040741
60 0.497396 0.290741 0.269792 0.144444
11 0.495894 0.555625 0.305175 0.254600
77 0.495894 0.470794 0.136919 0.049938
15 0.496354 0.587963 0.280208 0.153704
62 0.588542 0.460185 0.018750 0.024074
20 0.818832 0.538272 0.300342 0.238810
77 0.817378 0.454709 0.227378 0.040741
24 0.819271 0.566667 0.098958 0.125926
19 0.821973 0.266960 0.304878 0.241541
77 0.821973 0.183171 0.165788 0.040741
10 0.822396 0.294444 0.280208 0.148148
15 0.174852 0.545208 0.294758 0.243415
77 0.174852 0.461584 0.201701 0.040741
81 0.174479 0.573148 0.269792 0.150000
11 0.492994 0.827996 0.295221 0.245080
77 0.451912 0.742079 0.133274 0.045658
12 0.493229 0.857407 0.269792 0.148148
13 0.173144 0.277897 0.303182 0.253509
77 0.173144 0.190874 0.177234 0.049776
37 0.173437 0.310185 0.115625 0.146296
